473 0359 
460 0122 
454 0038 0105 
413 0084 
392 0067 
385 0188 
282 0282 
267 0082 
264 0105 0390 
249 0276 
239 0374 
225 0105 0253 
219 0066 
213 0448 
211 0338 
210 0092 
209 0389 
204 1044 
202 0129 0390 
198 0294 
191 0105 0190 
191 0317 
191 0253 0390 
190 0443 
184 0487 
175 0353 
175 0234 
173 0027 
173 0025 0105 
167 0716 
167 0028 0255 
162 0105 0441 
156 0083 
156 0509 
150 1163 
148 0651 
147 0442 
145 0029 
144 0554 
142 0286 
140 0026 0105 
138 0158 
137 0404 
132 0559 
131 0038 0441 
128 0690 
123 0038 0253 
122 0194 
121 0096 
121 0382 0390 
120 0190 0397 
120 0105 0196 
118 1744 
115 0676 
115 0081 
114 0594 
111 0206 
111 0026 0129 
109 0038 0548 
108 0001 
108 0462 
107 0121 
