379 0382 0390 
192 0745 
178 0006 
155 0085 
155 0234 
152 0284 0298 
147 0525 
146 0797 
139 0051 
136 1259 
134 0098 0118 
132 0187 
123 0225 0382 0407 
123 0067 
117 0501 
116 0028 0255 
114 0183 
112 1201 
112 0138 
108 0601 
101 0492 
97 0390 0425 
94 0088 
93 0444 
91 0093 
91 0003 
90 1219 
90 1043 
85 0147 
84 0205 
83 0266 
81 0299 
80 0435 1044 
78 0656 
77 0370 
77 0676 
76 0362 
76 0164 
76 0026 
76 0394 
76 0248 0382 
74 0390 0526 
73 0770 
72 0285 
71 1320 
69 0874 
68 0027 
67 0617 
67 0045 
67 0538 
66 0752 
65 0034 
65 0293 
64 0025 0390 
63 0873 
63 0174 
63 0021 
62 0423 
62 0245 
62 0007 
61 1119 
61 0488 
61 0382 0473 
61 0985 
61 0730 
60 0762 
59 0122 0390 
58 0186 
57 0288 
57 0390 0723 
57 0715 
57 0269 
57 0248 0390 
57 1183 
56 0057 
56 0909 
56 0099 0723 
55 1451 
55 0691 
55 0118 0390 
54 0442 
54 0038 0382 
54 0065 
53 0161 
53 0025 0382 
53 0060 0225 
53 0060 0390 
52 1588 
52 0310 
52 0152 1113 
52 1856 
52 0078 
51 0467 
51 0225 0390 
51 0025 0225 
51 0181 0390 
51 2568 
50 0083 0225 
50 0252 
50 1976 
50 0382 0526 
49 0298 0382 
49 0523 
49 1118 
49 0382 0422 0723 
49 0627 
49 0060 0382 
48 0514 
48 0118 0723 
48 0382 0458 
47 0118 0387 
47 0298 0390 1832 
47 1500 
47 0600 
47 0099 0382 
