569 0025 
378 0797 
345 0548 
335 0060 
324 0248 
309 0382 0390 
309 0152 
290 0389 
280 0234 
277 0526 
271 0078 
266 0317 0448 
265 0576 
218 0390 0425 
201 0447 
201 0382 0723 
200 0066 0400 
199 0474 
192 0003 
192 0083 
189 0298 1832 
181 0096 
172 0038 0317 
171 0731 
169 0317 0563 
165 0745 
158 0181 0390 
154 0537 
151 0137 
147 0149 
145 0559 
144 0180 
142 0317 0390 
142 0458 
136 0488 
132 0317 0473 
132 0661 
131 0245 
131 0495 
130 0394 
129 0038 0066 
127 1201 
127 0382 0422 
126 0067 
124 1219 
123 0225 0382 0407 
121 0390 0473 
121 0565 
119 0177 
118 0874 
118 0453 
117 0601 
115 0174 
115 1259 
114 0492 
114 0435 
113 0525 
112 0339 
110 0441 
109 2068 
109 1102 
106 1048 
