795 0060 
704 0479 
520 0067 
506 0031 
413 0036 
402 0374 
336 0000 
326 0088 
324 0190 0397 
316 0234 
286 0018 
256 0376 
248 0137 
244 0007 
240 0390 
227 0757 
206 0610 
194 0627 
185 0174 
184 0250 
182 0418 
180 0590 
179 0191 
177 0621 
177 0028 
174 0382 
161 0792 
155 0323 
151 0084 0387 
148 0026 
147 0025 0397 
147 0591 
145 0625 
141 0397 0481 
138 0524 
136 0395 
136 0881 
134 0183 
131 0104 
129 1076 
129 0573 
128 0034 
126 0764 
125 0547 
125 0325 
123 0193 
120 0544 
120 0003 
119 0030 
118 0767 
117 0488 
117 0880 
114 0686 
112 0204 
108 1022 
108 0233 
107 0027 
106 0211 
105 0559 
105 0889 
104 0982 
102 0909 
102 0084 0784 
101 0416 
101 0105 
