572 0118 
519 0458 
479 0387 
401 0418 
376 0362 
353 0060 
310 0374 
297 0045 
284 0752 
283 0298 
270 0177 
262 0473 
258 0088 
248 0067 
241 0093 
230 0117 
228 0748 
216 1263 
206 1201 
205 0174 
203 0152 
196 0330 
192 0025 
189 0122 
182 0942 
177 0066 
174 0755 
164 0134 
160 0827 
159 0116 
157 0180 
152 0245 
151 0987 
145 1083 
144 0003 
143 0525 
135 0619 
134 0829 
129 0626 
129 1789 
121 0496 1836 
121 0040 
120 0051 
118 2478 
117 0706 
117 1650 
116 0453 
115 0416 
115 0501 
114 0655 
113 0617 
113 0248 0832 
111 0332 
110 0355 
110 0442 
109 0618 
105 1975 
105 0642 
102 0284 
100 1043 
97 0426 
97 0495 
94 1835 
