0.81069 0006 0067 
0.81069 0006 0025 
0.81069 0006 0060 
0.81069 0006 
0.81069 0006 0288 
0.81069 0967 
0.81069 0164 0288 
0.81069 0543 
0.81069 0326 
0.81069 0164 0288 0436 
0.81069 0436 
0.81069 0288 0436 
0.81069 0164 0436 
0.81069 0006 0326 
0.81069 0678 0967 
0.81069 1908 
0.79578 0098 
0.79079 0098 0118 
0.78295 2042 
0.75775 1573 
0.74293 0288 
0.68625 0138 
0.65493 0678 
0.63897 1029 
0.63851 0721 
0.61178 0272 
0.59788 0323 0439 
0.57573 0156 
0.55455 0043 
0.53822 0085 
0.51189 0946 
0.50156 0439 
0.49211 0838 
0.47162 0032 
0.44345 0195 
0.42940 0011 
0.38443 0056 
0.38185 1261 
0.37502 0164 
0.36801 1010 
0.36668 0370 
0.36580 0150 
0.34997 0194 
0.33985 0205 
0.33546 0149 
0.29555 0299 
0.29255 0336 
0.29083 0009 
0.17450 0258 
0.14779 0323 
0.11517 0973 
0.10252 0021 
0.06270 0003 
0.00606 0339 
-0.01419 0018 
-0.01577 0453 
-0.14271 0234 
-0.16461 0067 
-0.20366 0284 
-0.20983 0338 
-0.27907 0060 
-0.28004 0325 
-0.28290 0442 
-0.46794 0134 
-0.48922 0025 
-0.57151 0093 
-0.63203 0088 
-0.65271 0755 
-0.75111 0118 
-1.05791 0045 
-1.14545 0248 
-1.44729 0298 
-1.47557 0441 
-1.76160 0225 
-2.03017 0390 
-3.09435 0105 
