0.79518 0496 
0.79518 0317 0447 
0.79518 0509 
0.79518 0105 0448 
0.79518 2068 
0.79518 0404 
0.79518 0410 
0.79518 0317 0448 
0.79518 0389 0473 
0.79518 0462 
0.79518 0425 0448 
0.79518 0640 
0.79518 0317 0441 
0.79518 0317 0548 
0.79518 0066 0317 
0.79518 0837 
0.79518 0880 0881 
0.79518 0317 0425 
0.79518 0441 0448 
0.79518 0563 
0.79518 2130 
0.79518 0635 
0.79518 0317 1102 
0.79518 0850 
0.79518 0796 
0.79518 0448 0473 
0.79518 0317 0448 0473 
0.79518 0576 
0.79518 1835 
0.79518 0390 2050 
0.79518 0814 
0.79518 0512 
0.79518 0317 0473 
0.79518 0317 0563 
0.79518 2050 
0.79518 1073 
0.79518 1836 
0.79518 0446 0447 
0.79518 0496 1836 
0.79518 0878 
0.79518 0038 0448 
0.79518 0648 
0.79518 0446 
0.79169 0390 0487 
0.77897 0390 0447 
0.77653 1889 
0.76311 0448 
0.75416 0317 0390 
0.74206 0390 0448 
0.73702 0390 0441 
0.72725 0881 
0.72082 0938 
0.71590 0038 0317 
0.68616 0096 0317 
0.68100 0317 0389 
0.67575 5447 
0.67575 0776 
0.67438 0389 0390 
0.63763 0507 
0.62444 0253 0390 
0.61933 1837 
0.61924 0412 
0.61739 0565 
0.61585 0807 
0.61502 0105 0317 
0.61075 1964 
0.60651 0880 
0.60443 0092 0390 
0.59992 0038 0473 
0.59926 0390 0880 
0.59797 0786 
0.59465 0790 
0.59005 0317 0497 
0.58926 0038 0390 
0.58209 0487 
0.57405 0442 
0.55813 0108 
0.54771 0471 
0.54060 0469 
0.54005 0447 
0.53494 0140 
0.52216 0258 
0.51895 0498 
0.50567 1959 
0.50371 0734 
0.50002 0317 
0.49356 0105 0390 
0.49074 0390 0548 
0.47084 0460 
0.46197 0441 
0.45358 0851 
0.44725 0139 
0.44423 0474 
0.42594 0390 0473 
0.42542 0078 
0.40602 0389 
0.40045 1992 
0.39852 1815 
0.39242 0097 
0.32892 0338 
0.32767 0892 
0.32605 0415 
0.31843 0251 
0.31081 0093 
0.30569 1048 
0.30261 0830 
0.30202 0473 
0.28650 0253 
0.28169 0495 
0.26139 0038 0441 
0.23705 0038 0253 
0.22827 0280 
0.22041 0425 
0.16090 1102 
0.13786 0206 
0.13456 0105 0253 
0.13310 0716 
0.12755 0339 
0.10679 0105 0441 
0.08678 0390 0425 
0.08495 0655 
0.06252 0390 
0.04742 0416 
-0.05101 0096 
-0.05860 0617 
-0.06926 0158 
-0.07147 0537 
-0.08529 0060 0317 
-0.09277 0092 
-0.10453 0276 
-0.12673 0038 
-0.12742 0038 0548 
-0.13581 0282 
-0.21296 0548 
-0.23541 0797 
-0.25162 0195 
-0.26298 0286 
-0.29020 0038 0105 
-0.32201 0394 
-0.33276 1119 
-0.33352 0174 
-0.43929 0874 
-0.44864 0424 
-0.45472 0497 
-0.48291 0690 
-0.49842 0453 
-0.54093 0731 
-0.54656 0559 
-0.57598 0745 
-0.58415 0149 
-0.62759 1201 
-0.65064 1263 
-0.65222 0554 
-0.65797 0066 
-0.66710 0374 
-0.72390 0122 
-0.76312 0105 
-0.79160 0164 
-0.80626 0204 
-0.86598 0009 
-1.04293 0234 
-1.12193 0003 
-1.12332 0180 
-1.13455 0752 
-1.15605 0082 
-1.27741 0116 
-1.45789 0248 
-1.49366 0060 
-1.53017 0359 
-1.95773 0526 
-2.11563 0025 
-2.30580 0382 0390 
-2.39652 0190 
-2.72839 0298 
-2.90202 0387 
-3.35399 0382 
