0.76671 0129 
0.76671 0206 
0.76671 0651 
0.76671 0026 0129 
0.76671 0038 0105 
0.76671 0359 
0.76671 0294 
0.76671 0282 
0.76671 0082 
0.76671 0038 0253 
0.76671 0462 
0.76671 0028 0255 
0.76671 0026 0105 
0.76671 0188 
0.76671 0253 0390 
0.76671 0129 0390 
0.76671 0509 
0.76671 0081 
0.76671 0105 0253 
0.76671 0594 
0.76671 0255 
0.76671 1744 
0.76671 0253 
0.75258 0105 0390 
0.75043 0105 0196 
0.73042 0105 0441 
0.72682 0121 
0.69483 0404 
0.68113 0105 
0.65764 0105 0190 
0.64990 0038 0441 
0.61638 0025 0105 
0.58786 0029 
0.58130 0353 
0.57861 0196 
0.53844 0092 
0.52251 0158 
0.51928 1163 
0.49000 0026 
0.48108 0286 
0.46665 0441 
0.46293 0690 
0.45392 0443 
0.44170 0001 
0.38998 0276 
0.33917 1044 
0.31878 0716 
0.31547 0028 
0.29278 0554 
0.28013 0122 
0.26377 0487 
0.24473 0676 
0.10149 0038 
0.07206 0027 
-0.05947 0442 
-0.11202 0038 0548 
-0.11933 0338 
-0.12566 0390 
-0.26305 0559 
-0.35124 0083 
-0.44924 0389 
-0.45147 0067 
-0.47852 0190 
-0.51324 0096 
-0.53030 0025 
-0.63089 0548 
-0.65660 0374 
-0.73161 0234 
-0.77414 0448 
-0.80303 0084 
-0.87241 0194 
-0.92075 0066 
-1.02303 0382 0390 
-1.12081 0190 0397 
-1.81566 0397 
-1.83264 0382 
-2.56245 0317 
