0.74476 0791 
0.74476 1573 
0.74476 0025 0137 
0.74476 0031 0233 
0.74476 1153 
0.74476 0038 0066 0400 
0.74476 0026 0105 
0.74476 0105 0194 
0.74476 0066 0105 0400 
0.74476 0194 
0.74476 0237 
0.74476 0006 0105 
0.74476 0026 0027 
0.74476 1025 
0.74476 0031 
0.74476 0038 0194 
0.74476 0005 
0.74476 0934 
0.74476 0011 
0.74476 0001 
0.74476 0137 
0.74476 0052 
0.74476 0105 0400 
0.74476 0400 
0.74476 0105 0196 
0.74476 1691 
0.74476 0235 
0.74476 0121 
0.74476 0038 0400 
0.74476 0066 0400 
0.74476 0194 0934 
0.74476 0150 
0.74476 0031 0757 
0.74476 2393 
0.73170 0026 0129 
0.68587 1821 
0.67966 0028 0038 
0.66547 0603 
0.65676 0196 
0.65085 0105 0129 
0.63457 0038 0067 
0.63265 0811 
0.62444 0472 
0.62190 0030 
0.61738 0026 0038 
0.60964 0312 
0.60828 0026 
0.60788 0129 
0.60624 0757 
0.60614 0025 0026 
0.60428 0550 
0.59902 0105 0359 
0.59666 0296 
0.59589 0042 
0.59275 1163 
0.58660 0038 0472 
0.58632 0120 
0.58540 0792 
0.56503 0066 0067 
0.55342 0651 
0.55338 0409 
0.55163 0324 
0.55133 0342 
0.54731 0301 
0.54406 0238 
0.52368 1506 
0.52265 1022 
0.51108 0038 0359 
0.50532 0547 
0.50060 0066 0105 
0.49673 0359 
0.49269 0982 
0.48367 0038 0066 
0.47915 0043 
0.46982 0604 
0.45469 0063 
0.45047 0007 
0.44033 0233 
0.43206 0718 
0.43040 0025 0038 
0.39572 0159 
0.39395 0029 
0.39121 0038 0234 
0.38219 0973 
0.37755 1419 
0.36964 0027 
0.36645 0067 0105 
0.36319 0996 
0.36170 0532 
0.36061 0782 
0.35481 0032 
0.34457 0694 
0.33912 0026 0083 
0.33498 0162 
0.31646 0037 
0.29824 0123 
0.29090 0025 0105 
0.28509 0368 
0.27034 0227 
0.26671 0086 
0.26442 1010 
0.24207 0105 
0.23860 0427 
0.22475 0421 
0.22316 0129 0390 
0.21774 0138 
0.19893 0021 
0.19701 0135 
0.19008 0066 
0.18707 0554 
0.18509 0090 
0.17342 0260 
0.15409 0046 
0.15257 0697 
0.14939 0443 
0.14272 0337 
0.12832 0559 
0.12791 0596 
0.12649 0205 
0.12500 0731 
0.07477 0858 
0.02890 0478 
0.01121 0353 
-0.02703 0234 
-0.04023 0600 
-0.04704 0038 0105 
-0.06902 0286 
-0.07842 0195 
-0.09552 0156 
-0.11145 0548 
-0.13151 1119 
-0.14967 0211 
-0.18257 0282 
-0.19077 0038 0548 
-0.19145 0038 
-0.20691 0152 
-0.21360 0276 
-0.24789 0537 
-0.25024 0158 
-0.33878 0028 
-0.36976 1044 
-0.37284 0039 
-0.38695 0299 
-0.38819 0067 
-0.46079 0122 
-0.46335 0435 
-0.46491 0105 0441 
-0.46806 0025 0234 
-0.50247 0716 
-0.50461 0105 0253 
-0.53852 0193 
-0.55891 0946 
-0.58014 0797 
-0.61764 0025 
-0.62181 0174 
-0.64374 0083 
-0.67182 0025 0067 
-0.69849 0149 
-0.71296 0038 0441 
-0.76049 0253 
-0.79411 0627 
-0.84304 0088 
-0.85824 0601 
-0.88251 0294 
-0.90230 0000 
-0.91103 0183 
-0.95284 0006 
-0.96079 0003 
-1.01654 0374 
-1.04087 0453 
-1.17764 0441 
-1.32250 0056 
-1.46078 0093 
-1.51128 0060 
-1.59699 0288 
-1.64926 0447 
-1.64932 0036 
-1.71721 0338 
-2.04409 0390 
-2.39573 0190 
