2046 0006 
675 0060 
514 0067 
493 0025 
385 0098 
370 0288 
352 0018 
334 0248 
333 0138 
322 0234 
312 0149 
293 0118 
280 0543 
260 0194 
254 0439 
250 0323 
247 0003 
225 0436 
224 0326 
223 0164 
222 0390 
212 0006 0326 
203 0150 
192 0838 
192 0056 
183 0088 
181 0338 
177 0205 
176 0967 
175 0299 
175 0043 
169 0011 
166 0946 
163 0272 
156 1261 
150 0453 
150 0093 
147 0105 
145 0164 0436 
144 0098 0118 
143 0678 
142 0721 
139 0006 0060 
136 0009 
135 0258 
134 0021 
133 0006 0288 
132 0339 
123 0288 0436 
122 0195 
121 0006 0025 
119 0225 
118 1029 
117 0164 0288 
117 0032 
117 0006 0067 
116 0370 
115 0085 
115 0164 0288 0436 
115 0134 
115 0442 
113 0323 0439 
113 0298 
113 0973 
112 0045 
110 0156 
107 1908 
107 1573 
106 0325 
106 0441 
105 0678 0967 
103 2042 
102 1010 
101 0336 
100 0284 
99 0755 
