1412 0105 
1101 0038 
766 0026 
569 0025 
540 0067 
530 0006 
506 0031 
500 0066 
493 0137 
393 0400 
386 0359 
382 0194 
379 0234 
323 0129 
314 0548 
295 0150 
274 0007 
262 0038 0105 
261 0390 
260 0028 
258 0757 
258 0152 
254 0138 
234 0233 
231 0011 
229 0027 
225 0066 0400 
210 1022 
189 0060 
188 0253 
186 0196 
182 0038 0066 
177 0374 
175 0559 
166 0441 
160 0122 
160 0043 
157 0205 
155 0149 
154 0088 
153 1163 
151 0038 0400 
150 0443 
149 0276 
145 0032 
144 0083 
140 0973 
139 0026 0105 
139 0554 
138 0038 0066 0400 
138 0211 
138 0025 0105 
137 0021 
137 0792 
136 0001 
136 0282 
135 0237 
135 0030 
133 0934 
132 0190 
125 0651 
125 0003 
123 0718 
120 0105 0196 
116 0547 
115 1044 
112 0029 
111 1573 
110 0121 
110 0038 0548 
110 0982 
110 0026 0129 
107 0194 0934 
106 0174 
106 0025 0026 
105 0000 
103 1010 
103 0731 
102 0195 
99 0811 
98 0162 
97 1025 
97 0537 
97 0797 
95 0603 
95 0472 
92 0042 
92 0158 
91 0036 
89 0120 
89 0026 0027 
89 0031 0233 
88 0532 
88 0066 0105 
88 0550 
87 0038 0359 
87 0697 
87 0435 
87 0353 
87 0312 
87 0716 
87 0031 0757 
86 0037 
85 0946 
85 0105 0129 
84 0193 
84 0286 
82 0105 0253 
82 0105 0359 
81 0005 
80 0368 
80 0129 0390 
77 1506 
77 0046 
77 0026 0083 
77 0996 
77 0627 
76 0105 0400 
75 0301 
74 0296 
74 0052 
74 0858 
73 1119 
71 0038 0234 
70 0342 
69 0025 0067 
69 1419 
69 0067 0105 
68 0135 
68 0093 
68 0299 
67 0453 
67 0604 
67 0238 
66 1691 
66 0235 
65 0056 
65 0600 
65 0026 0038 
65 0028 0038 
65 0324 
64 0038 0472 
64 0478 
63 1821 
63 0038 0067 
63 0260 
62 0791 
61 0596 
61 2393 
61 0288 
59 0066 0105 0400 
59 0105 0194 
59 0227 
59 0294 
59 0782 
58 0105 0441 
57 0694 
57 0025 0234 
56 0039 
56 0447 
56 0086 
56 0337 
56 0063 
55 0427 
55 0090 
55 0038 0194 
55 0338 
55 0156 
54 1153 
54 0025 0137 
54 0409 
53 0421 
53 0006 0105 
53 0601 
53 0159 
53 0183 
52 0038 0441 
52 0025 0038 
52 0123 
52 0066 0067 
