1338 0006 
957 0248 
792 0060 
527 0018 
509 0025 
488 0323 
475 0374 
472 0181 
419 0458 
415 0067 
379 0439 
375 0418 
358 0177 
349 0088 
318 0003 
304 0832 
303 0149 
287 0045 
287 0134 
285 0118 
284 0838 
280 0543 
275 0288 
271 0755 
253 0362 
252 0748 
240 1261 
231 0056 
231 0180 
225 0436 
208 0116 
207 0234 
205 0752 
192 0117 
191 0174 
191 0390 
189 0330 
188 0272 
184 0453 
183 0122 
182 0164 
181 0326 
176 0678 
176 0967 
175 1201 
167 0006 0326 
162 0040 
161 0355 
160 0721 
160 0827 
157 0479 
155 0473 
154 1789 
147 0829 
146 0323 0439 
145 0164 0436 
145 0245 
143 0946 
142 0298 
142 0009 
141 0066 
139 0987 
138 0942 
136 1029 
135 0093 
132 1263 
130 0722 
129 0499 
127 0089 
125 0706 
125 1083 
124 0626 
123 0288 0436 
122 0006 0060 
122 0325 
120 0544 
118 2478 
118 0619 
117 0164 0288 
117 1650 
115 0164 0288 0436 
113 0248 0832 
112 1129 
111 0332 
109 0618 
109 1585 
107 1908 
107 0642 
107 0340 
106 0424 
105 0678 0967 
104 0098 
104 0525 
103 0374 0838 
102 0247 
101 0339 
100 0374 0722 
98 1975 
97 0006 0288 
97 0006 0248 
96 0115 
95 0244 
92 1525 
90 3530 
89 1049 
89 3339 
89 0006 0374 
89 0336 
88 2042 
88 0995 
87 0501 
87 0393 
86 1611 
86 0875 
84 0526 
83 1026 
83 2238 
82 0661 
81 1102 
81 0426 
80 2160 
80 0233 
80 0299 
79 0594 
78 1125 
78 0006 0967 
78 0006 0025 
77 0006 0946 
77 0708 
77 0828 
77 1397 
75 2218 
75 0656 
75 0370 
75 0018 0060 
75 0867 
75 1050 
75 0447 
74 0559 
74 1136 
74 0006 0067 
74 0495 
74 2848 
73 1227 
73 0006 0838 
73 0335 
72 0490 
71 1393 
69 0891 
69 0679 
69 0804 
68 1151 
67 0627 
65 0064 
65 0136 
65 1101 
65 0541 
65 0181 0248 
65 0027 
64 0025 0248 
64 0060 0374 
63 0006 0018 
62 0492 
62 2677 
60 1402 
60 2834 
58 0211 
58 0655 
57 0006 0056 
57 0760 
57 2099 
56 0104 
56 1175 
56 0594 1525 
56 2836 
56 2896 
56 0828 0829 
56 0098 0118 
56 0060 0067 
55 0830 
55 0415 
55 0000 
55 0006 0149 
55 0248 0458 
55 0060 0362 
55 0917 
55 2331 
55 0006 0678 
55 0060 0248 
54 0479 0544 
54 0025 0181 
54 0346 
54 1350 
54 0818 
54 0306 
54 0745 
