1608 0390 
1585 0317 
1082 0038 
661 0105 
638 0473 
623 0448 
486 0441 
423 0389 
417 0563 
365 0253 
326 0442 
310 0317 0448 
286 0576 
284 0425 
275 0548 
261 0066 
259 0338 
257 0093 
249 0447 
245 0474 
237 0374 
233 0487 
228 0248 
227 0096 
208 0038 0105 
199 0416 
195 0038 0317 
192 0258 
183 0060 
178 0078 
173 0317 0563 
166 1835 
165 0149 
160 0317 0390 
156 0509 
153 0390 0425 
151 0253 0390 
151 0276 
150 0404 
144 0105 0390 
143 0025 
141 1836 
140 0797 
138 0108 
138 0339 
138 0174 
137 0496 
136 0880 
135 0234 
133 0495 
132 0282 
130 0190 
129 0317 0473 
127 1889 
127 0716 
124 0786 
122 0565 
121 0496 1836 
121 0745 
120 0390 0473 
120 0105 0253 
119 0881 
117 1102 
112 0122 
110 0453 
109 2068 
108 0038 0548 
108 0415 
108 0462 
106 0092 
103 0559 
103 0830 
103 0537 
102 0003 
102 0317 0389 
101 1048 
99 1073 
98 0158 
97 0389 0390 
96 0038 0441 
92 0038 0390 
92 0850 
92 0390 0441 
91 1201 
90 1992 
89 0359 
89 0412 
88 2050 
87 0105 0317 
86 0140 
85 0195 
85 0096 0317 
84 0640 
83 0617 
81 0892 
81 0105 0441 
81 0038 0253 
80 0164 
80 0390 0448 
79 1815 
78 0507 
77 0139 
76 0410 
76 0851 
76 0790 
75 0512 
74 0655 
74 0180 
73 0390 0548 
73 0554 
71 0390 2050 
71 0448 0473 
71 0280 
70 0880 0881 
70 0382 
70 0498 
69 0317 0441 
69 0286 
69 0038 0473 
68 0807 
68 0060 0317 
67 0424 
67 0734 
67 1263 
66 1964 
66 0938 
65 0394 
65 0038 0448 
65 0082 
65 0752 
63 0690 
63 0387 
63 0497 
62 0298 
62 0648 
61 0731 
60 0441 0448 
60 0460 
60 2130 
60 0796 
59 0097 
59 0389 0473 
59 0317 0497 
59 0317 0548 
59 0390 0487 
59 0814 
58 0009 
58 0116 
57 0469 
57 0425 0448 
57 0092 0390 
57 0317 0425 
56 0878 
56 0446 
55 0317 0447 
55 0390 0880 
55 1119 
55 0105 0448 
54 0526 
54 1959 
54 1837 
53 0471 
53 0317 1102 
52 0837 
52 0390 0447 
51 0874 
51 0446 0447 
51 0204 
51 0066 0317 
51 0251 
50 0206 
50 0317 0448 0473 
50 0382 0390 
49 0635 
49 0776 
49 5447 
