3605124496	1
2973804503	1
2175355532	1
845038633	1
23684454	1
292403809	1
234949278	1
506874483	1
3278830070	1
480847261	1
306977341	1
2437399062	1
231650942	1
1345663706	1
2195363461	1
701918695522590720	1
908725386	1
3146521478	1
3027523427	1
2910291541	1
84725148	1
561734133	1
701985860867100672	1
300071045	1
98215572	1
1959669618	1
136769254	1
4284700753	1
599619892	1
2895963732	1
188870007	1
128006349	1
2913996194	1
3012624453	1
1589525293	1
1238989322	1
2565696514	2
231477459	2
1917479989	2
4770557263	2
3216948762	2
235801596	2
2278309717	2
1382489700	2
2614832958	2
3161675113	2
2457672746	2
4582397413	2
2780729416	2
2378335278	2
164115064	2
279840635	2
3280103815	2
1414590122	2
345766895	2
2679081157	2
4239586397	2
1740067796	2
1651431852	2
172868394	2
2729112749	2
2713797313	2
764575434	2
328398293	2
2508887718	2
2950227375	2
987131208	2
1062231800	2
2721126883	2
2507737772	3
3310039587	3
3956103382	3
4154570115	3
2154639780	3
3242055444	3
3242108786	3
3956925989	3
1375854992	3
3309327405	3
4154695642	3
1375730467	3
1375873213	3
4154420001	3
4154824157	3
4154852537	3
14904291	3
3236628864	3
3237165547	3
4139071337	3
4154882295	3
3958164257	3
3958123769	3
4139037736	3
3309873477	3
4139599577	3
4139765056	3
4609599682	4
3080404728	4
4415624902	4
625452480	4
26736999	4
92787545	4
283052856	4
377898604	4
194173502	4
1047809672	4
2192546544	4
251322635	4
4342404141	4
4881834676	4
2984736374	4
120223606	4
2557953782	4
217299191	4
222695753	4
292374563	4
393887252	4
381114870	4
2873704083	4
3288958030	4
267415368	5
2833928509	5
700979098122854400	5
4620116112	5
1035416820	5
1471924788	5
2221186338	5
403988635	5
2149577214	5
4760162841	5
1197134478	5
138766048	5
3192285103	5
2425418960	5
3466264037	5
494323225	5
399463138	5
3166011497	5
3318261018	5
1023725058	5
104478559	5
234734739	5
2985986460	6
2986049155	6
2986027658	6
3314124473	6
3314129333	6
3314185858	6
3314137703	6
3314140667	6
3314145815	6
3314104329	6
3314107383	6
3314208106	6
3314161517	6
3314216956	6
4894134319	6
4897610774	6
4897536618	6
4879334085	6
4898460038	6
4898469380	6
698214741991231488	6
3249903512	7
272152883	7
4811669582	7
2941201179	7
2697913410	7
4039465158	7
3330139138	7
437389860	7
97820008	7
3312170302	7
3307958646	7
3241139372	7
1590106934	7
42114398	7
856297044	7
3288615504	7
4659994596	7
1120725625	7
1330724683	8
318095665	8
724383247	8
2801206721	8
549762509	8
1514828287	8
2990315358	8
360603111	8
2371128320	8
2974221710	8
221676419	8
3190493276	8
252813381	8
4870883415	8
715072471838302208	8
6480652	9
2551790066	9
1566037904	9
148944986	9
19549779	9
338146400	9
1273576430	9
20560080	9
14195935	9
55007334	9
160387229	9
17973247	9
143684459	9
3158253653	10
2492078965	10
3325085920	10
4403147063	10
2597422417	10
2351705342	10
2554061912	10
3360127473	10
2397921956	10
2468422909	10
3438928367	10
3260643511	10
2353662925	10
2858271148	11
124462493	11
909448512	11
287505023	11
1894464324	11
273287404	11
3888783973	11
24369345	11
3621289632	11
2889372518	11
4883801255	11
4301068456	11
235298285	12
583703650	12
315180025	12
294658646	12
2522617476	12
3344789180	12
242674159	12
4057396214	12
1550439127	12
2192887524	12
275125422	12
988156549	12
19622426	13
1059046530	13
290914008	13
2202099932	13
31044691	13
36947306	13
2305649864	13
1607662159	13
130852929	13
3170243834	13
961789700	13
2340924678	14
390254782	14
153673461	14
1417139450	14
931106406	14
625548925	14
733264453	14
160749656	14
1647975912	14
1648122620	14
390917354	14
2364356252	15
154091497	15
1243424216	15
2296549249	15
1568324906	15
4649251995	15
3310157201	15
703799314699538432	15
3304200548	15
357448093	15
42628772	15
4852650819	16
1248437623	16
805905864	16
2430626287	16
1051455504	16
461466376	16
3384930639	16
54086042	16
23897285	16
2186623778	16
4856166765	16
952856515	17
36007881	17
982953108	17
181223863	17
296679922	17
100536836	17
110107100	17
3856816573	17
65830821	17
2838537811	18
461473046	18
2249736800	18
3882124167	18
1101599156	18
3251185816	18
1407915890	18
2573949937	18
452005478	18
52472909	18
6	19
4894737613	19
261914849	19
713981192	19
166757459	19
45728920	19
714654485763588096	19
160941883	19
2451103345	19
278989867	19
277823157	20
18680121	20
81416468	20
129460773	20
2801721303	20
1066197050	20
499837671	20
4010713033	20
2847710550	20
2580423060	21
4876609759	21
364183980	21
1727627353	21
1301230057	21
705433322051100672	21
705458241707245568	21
705485788687892480	21
705458581278097408	21
114435376	22
3285761599	22
784941084	22
72304963	22
1920760099	22
58429390	22
929765126	22
2408617921	22
4871223795	22
528734238	23
4115311814	23
18697736	23
3146555604	23
81312226	23
2550576708	23
89698086	23
1378903333	23
100677589	23
1	24
3700588580	24
4725775999	24
2878453386	24
3164836897	24
8	25
22668719	25
1682190110	25
2993719803	25
604010080	25
1134963032	25
4109790982	25
3296322847	26
3198211743	26
1453405320	26
2969589749	26
2951205862	26
373983212	26
436070825	26
4855377184	27
4854296955	27
507681690	27
4705236377	27
4705046825	27
4705115297	27
2851923524	27
170710028	28
181223863	28
714824478933389312	28
299259954	28
1614944569	28
709304670	28
4345082833	28
850151713	29
2892009882	29
384935771	29
257924169	29
15215277	29
1057057346	29
26517226	29
2500721814	30
360448978	30
3364102125	30
254478272	30
132523809	30
29011889	30
2201703194	30
1550439127	31
2389731913	31
4084169127	31
2522617476	31
3141090778	31
2942447269	31
43088077	31
4851426189	32
52475120	32
130418036	32
160181638	32
22330671	32
3028357787	32
1570668043	32
3048956624	33
934619677	33
2912113743	33
172043938	33
614806927	33
1733040246	33
1339450453	33
2676036145	34
13817822	34
4735577052	34
3924348672	34
42741327	34
3248002086	34
227561089	34
2903995495	35
378917532	35
2868308240	35
2919955141	35
2919900510	35
2880020053	35
2903118025	35
499855923	36
2691820789	36
3121370115	36
2563774736	36
2191108976	36
707298392226074624	36
2613143381	37
2789331778	37
2955441687	37
843894824	37
2734347136	37
3159087353	37
282848539	38
2858271148	38
196122636	38
3621289632	38
821904398	38
4833701953	38
3230853392	39
2217311312	39
905100416	39
522537060	39
2694728736	39
3049144645	39
1051455504	40
54153498	40
393190233	40
3700121652	40
24485962	40
3925208006	40
426655450	41
240271345	41
3437653049	41
773459178	41
619429219	41
457117691	41
942140712	42
302139470	42
16622292	42
563121626	42
49524127	42
3639843072	43
2939934499	43
146714661	43
701951322535256064	43
2318122087	43
3414183909	43
137832626	44
30155106	44
21238575	44
30973314	44
4109790982	44
3668464459	45
133442435	45
443191832	45
2732582388	45
3119293586	45
24655516	46
56952466	46
2312387600	46
406020629	46
28519044	46
1412064840	47
469381281	47
73048382	47
34701889	47
304061756	47
2676036145	48
228471434	48
287405399	48
4766488889	48
2785682992	48
40074518	49
422251258	49
3471489923	49
249391918	49
113055666	49
1209638186	50
3414065488	50
324621715	50
246309260	50
3393915803	50
4246629989	51
443044690	51
131186377	51
143438881	51
1554397106	51
2	52
3362609405	52
3058323502	52
1	53
1175642023	53
2565719033	53
1	54
1175642023	54
2440123848	54
18654283	55
123833376	55
299642852	55
17917312	55
434681649	56
2178922148	56
2670461822	56
2523556454	56
2393251180	57
2231997954	57
159954934	57
715068733635604480	57
8375732	58
1143783499	58
18791769	58
189806241	58
1358290958	59
1866192355	59
19692381	59
18225710	59
3228366011	60
2221233650	60
3350792812	60
3198723170	60
233156917	61
3259328870	61
1278717012	61
122472251	61
1	62
2565719033	62
2812299431	62
1	63
706593175943557120	63
1633665997	63
1	64
4128719774	64
371731040	64
4852650819	65
706248927712927749	65
2499295284	65
1596748964	65
20157199	66
34234990	66
464431915	66
1642106527	66
73155705	67
1034417863	67
470524840	67
2880023448	67
3364102125	68
1964112182	68
3847087204	68
39959975	68
2329498706	69
3572758941	69
2503787216	69
4550874792	69
3452766143	70
578822790	70
1199636384	70
21953631	70
17710740	71
3422503338	71
3186498630	71
225470835	71
345629680	72
4885502193	72
2911804329	72
3330485469	72
17644108	73
359347961	73
1349829794	73
489791207	73
2949575012	74
3248002086	74
475447456	74
702934116220559360	74
789144901	75
4725178176	75
2730508235	75
858848808	75
148870751	76
29403451	76
1673699108	76
711100936328851456	76
2614018664	77
1948111285	77
397496894	77
18779244	77
2219897472	78
138387125	78
1432346910	78
42207069	78
17516026	79
450732499	79
16435099	79
416162470	79
17142689	80
119418312	80
713354555459645440	80
706645212509179904	80
1	81
1175642023	81
2440123848	81
1	82
3612723012	82
4157977038	82
1469419212	83
711356961107918849	83
545528451	83
14792167	83
979850508	84
49582983	84
1268103192	84
4279773798	84
1673303276	85
2879846781	85
2634049474	85
2974838547	85
124371986	86
711589795449864192	86
287505023	86
2683471818	86
1964112182	87
4103630361	87
4926495803	87
437763910	87
1348920300	88
287505023	88
2225016656	88
577550236	89
435506177	89
2257362318	89
3232472028	90
3202328145	90
3284309635	90
4435179915	91
706248927712927749	91
3309884754	91
26337627	92
2206788811	92
2659475605	92
1565424252	93
128916468	93
2177120985	93
275942684	94
713955210868224000	94
711051622365863936	94
1323553988	95
702813430672044032	95
522537060	95
19102612	96
3006482092	96
3116027374	96
4274349326	97
15667021	97
367209868	97
565123417	98
299317601	98
2511495956	98
2653085649	99
245480863	99
333547776	99
2956585724	100
4127873002	100
747600770	100
124371986	101
20291821	101
2860668355	101
77933418	102
317380359	102
1357342237	102
97408886	103
534286052	103
4545444737	103
2232170772	104
1140926532	104
4109790982	104
1963571004	105
2846552432	105
40370971	105
3691827395	106
80638158	106
455052625	106
25053299	107
296038013	107
202097986	107
4852650819	108
2329498706	108
189109498	108
2221233650	109
3350792812	109
3183161516	109
610966531	110
432153016	110
739300524	110
26411144	111
477178365	111
6021962	111
56952466	112
146139991	112
41655655	112
2956881378	113
2187572366	113
2377956055	113
2903597695	114
1380284922	114
93424247	114
2840135452	115
4109790982	115
2308268558	115
1636106844	116
713354555459645440	116
32455891	116
32928379	117
15851279	117
558105403	117
471268871	118
3091334941	118
715064190856257536	118
4205765434	119
470524840	119
705129723194580992	119
3018828006	120
23721998	120
713008254373076992	120
4465538597	121
3476754372	121
42741327	121
2912949114	122
3240026037	122
623659527	123
427405164	123
14792167	124
36433783	124
2391480325	125
947932422	125
124371986	126
2683471818	126
1	127
1175642023	127
703075064514682880	128
264004582	129
3528129613	130
69492638	130
3311509565	131
627199799	131
1556853488	132
4109790982	132
1964112182	133
47253430	133
310352640	134
253016416	134
16973333	135
132348083	135
1	136
1175642023	136
1061861702	137
2563774736	137
701556562238828544	138
4659513317	138
2719925226	139
2505555031	139
3046490198	140
2307786710	140
45673524	141
92118635	141
2503458864	142
2381642838	142
1	143
4298862136	143
2379135360	144
3359775520	144
714716937431941120	145
3397151893	145
1	146
3281600978	146
17109615	147
704519691075608576	147
325880081	148
776176118	148
1	149
706593175943557120	149
3409149454	150
275942684	150
115550509	151
502090840	151
634711624	152
91790404	152
547077815	153
51648459	153
1148835061	154
1874836183	154
797530002	155
2308268558	155
322723669	156
439934505	156
4374465852	157
347565642	157
3311232944	158
2923173312	158
707858556901564416	159
714698638421794816	159
399166033	160
113043339	160
1	161
2565719033	161
1	162
1175642023	162
722508386	163
40487586	163
885862135	164
703001594007130112	164
4781462616	165
3351126778	165
1	166
706593175943557120	166
2838332989	167
390692215	167
960792660	168
2898075617	168
582352257	169
707640775643930624	169
7	170
1556853488	170
3305646379	171
3342375554	171
46326095	172
2968143975	172
1	173
2440123848	173
133110506	174
24655516	174
1623145514	175
4296807192	175
228471434	176
605798835	176
1418352548	177
3179555959	177
1	178
1175642023	178
1	179
3874861513	179
7125512	180
589476692	180
3123568143	181
2306201965	181
22267441	182
1145370055	182
2777483470	183
58052610	183
1466312012	184
2874143238	184
522537060	185
277049300	186
714871083627732993	186
2951327363	187
1550106986	187
2201706786	188
340860708	188
507765274	189
3237290462	189
2425268995	190
3018113948	190
1	191
2565719033	191
3239646215	192
47253430	192
632444717	193
1552230350	193
707355643959586816	194
4821980768	194
1044461352	195
71251611	195
707286829741899776	196
2221235107	196
2846001023	197
3364768449	197
1	198
1409967469	198
3237306657	199
97793731	199
329688737	200
298608719	200
706232376519761922	201
1287022826	201
1935600896	202
3364102125	202
1350989725	203
713008254373076992	203
2231203435	204
3100845040	204
272559329	205
54086042	205
2512388234	206
702472669443153921	206
255014229	207
3405852106	208
2944730689	208
14722676	209
464986196	209
1	210
3164836897	210
3319071860	211
101097206	211
1439214030	212
51084466	212
502316427	213
37051071	213
3326929034	214
72242356	214
2596690478	215
230256963	215
1621687128	216
123736818	217
2860668355	217
91313476	218
173437122	218
130311179	219
455461743	219
708001934301650944	220
139739973	220
713201972900265984	221
3052969537	221
1	222
706593175943557120	222
2914374161	223
703012827158573056	223
1	224
1409967469	224
3	225
4874618865	225
43232530	226
67435927	226
2264638368	227
99692297	227
1	228
706593175943557120	228
9609632	229
866097356	229
17268481	230
26960113	230
1	231
874425498	231
709276377401462784	232
713988847051231232	232
26141717	233
32207199	233
749963	234
21852957	234
3298467679	235
704695088602091520	235
1	236
3161269601	236
2730296612	237
2279370460	237
150347701	238
40058836	238
3149805223	239
4721727745	239
4	240
792782952	240
2387094876	241
54153498	241
5	242
3433148488	242
288755234	243
1451337126	243
2676036145	244
253340432	244
1	245
706593175943557120	245
1	246
1175642023	246
48953729	247
53548638	247
1	248
3237392809	248
77904576	249
4289004268	249
519282884	250
4784219062	250
168805641	251
3334140133	252
3193851158	253
19492233	254
17472479	255
701621977	256
1154021280	257
229575933	258
2240668286	259
883520581	260
701949919125499906	261
1039015705	262
2290209860	263
706837709952778240	264
127769063	265
167073134	266
701949919125499906	267
23053953	268
713276824609009664	269
602499265	270
2541381207	271
1536633031	272
713973250787684352	273
21511712	274
703460114766893056	275
3404762037	276
86731015	277
4882532596	278
706824744100872193	279
1527336386	280
1976997764	281
324667020	282
2352127176	283
4152379450	284
2959470294	285
560427054	286
18248811	287
2547195492	288
2562529561	289
2414564756	290
706583599	291
50374048	292
1120932570	293
4876962185	294
26667492	295
28313639	296
19692381	297
2646466928	298
3375003813	299
26202180	300
837648205	301
603798545	302
24765486	303
304061756	304
3063990535	305
2742914466	306
36771199	307
1582619070	308
309411152	309
714873589715972097	310
1177041583	311
2790117797	312
161533318	313
351615743	314
4180736069	315
385305988	316
1323154206	317
4079966354	318
297372990	319
245146576	320
2469615524	321
260532627	322
18501635	323
406001092	324
96316530	325
407817401	326
256697514	327
705204026485256193	328
93399238	329
291851516	330
3856816573	331
173382661	332
1802191555	333
411191022	334
607156756	335
156586488	336
284306695	337
19500176	338
4435179915	339
1922271644	340
801263430	341
4911829154	342
4180736069	343
2555644946	344
3430109593	345
38145943	346
284938024	347
3035403295	348
29372920	349
3601754353	350
1462990218	351
4899992010	352
1639741434	353
3907653083	354
706948371	355
23128365	356
44160060	357
17230837	358
71464042	359
706683394915106816	360
702619066855362561	361
704517061	362
2962741749	363
17268481	364
38523983	365
594467707	366
404386847	367
1169234611	368
25533648	369
3293178390	370
1951818248	371
715063512779849728	372
4094970558	373
1961282574	374
18949560	375
701556562238828544	376
3185784889	377
3797194522	378
113778873	379
46157095	380
35733687	381
19156871	382
5950272	383
4847877405	384
150906686	385
23874813	386
702619066855362561	387
299429828	388
403623277	389
186027265	390
4659513317	391
15889621	392
353866329	393
366197211	394
2257146192	395
182670474	396
1179710990	397
2969760609	398
2489446920	399
711096355	400
24561404	401
353866329	402
964850864	403
532750275	404
1700275219	405
3364102125	406
447349987	407
20348955	408
1138911218	409
129822361	410
4835873615	411
2907552210	412
8317142	413
97273055	414
1904531042	415
1613020878	416
2078481	417
1544930610	418
713111346922004481	419
15696660	420
3320042930	421
415444170	422
2149465998	423
3298816578	424
779252599	425
3797194522	426
357229163	427
4796947155	428
2898745401	429
13817822	430
3402867112	431
4871188022	432
539293857	433
2186300442	434
1393140414	435
154071202	436
49910148	437
1287022826	438
592992486	439
46428661	440
3215652991	441
88534874	442
3321596104	443
1649508601	444
2606169768	445
1930616652	446
2854903897	447
49874045	448
96407516	449
595165804	450
387841465	451
439107911	452
1556853488	453
254818045	454
23920295	455
4708719082	456
58947638	457
138451873	458
579870842	459
296498181	460
23874813	461
1225565430	462
1418292746	463
3332923139	464
21118184	465
221270075	466
49596186	467
36591559	468
2855790341	469
106728440	470
239569272	471
628631389	472
1370818670	473
222115949	474
1439810982	475
444505577	476
21352313	477
285948203	478
334983050	479
1964112182	480
1556296710	481
2895469174	482
3588890832	483
86140819	484
700736587261308928	485
2806163983	486
2683885614	487
2539714687	488
27075032	489
150906686	490
2647025298	491
739985214	492
3056946657	493
2544808329	494
192768654	495
712690051201695744	496
448799690	497
705187969	498
1407098516	499
126355551	500
328568899	501
562800200	502
318674727	503
708079358599045120	504
1964112182	505
377878303	506
276885247	507
462225773	508
55001636	509
16267655	510
73524774	511
4881672695	512
272745051	513
16267655	514
1723376107	515
318904285	516
10957702	517
2318122087	518
348380231	519
562134328	520
874763028	521
2472983287	522
323132701	523
91369352	524
2784597822	525
270748470	526
387011349	527
2236575234	528
104426163	529
701658243676770304	530
343183684	531
701949919125499906	532
4759869853	533
2930191855	534
3309414913	535
448242444	536
32230463	537
1644809712	538
110107100	539
70568532	540
326573752	541
709272141057884161	542
18186549	543
2824195797	544
2542701260	545
2179841815	546
1406439216	547
2346792441	548
4825667054	549
2255060729	550
860841912	551
3095704666	552
417098643	553
3718284562	554
3101358729	555
3192540098	556
2288569489	557
26599886	558
4183085298	559
129629925	560
2358721496	561
216177462	562
133052919	563
14607953	564
2863870177	565
14582307	566
72242356	567
3039278038	568
3599739012	569
59926008	570
2911804329	571
945376350	572
103082080	573
22117615	574
3797194522	575
238933635	576
529092573	577
929765126	578
22522181	579
194090550	580
2980267312	581
3266691931	582
837648205	583
550795409	584
262101644	585
107662694	586
4296561679	587
302490188	588
17972558	589
32522055	590
18856444	591
3149805223	592
2995156278	593
232921052	594
133996388	595
16890518	596
16352383	597
303034842	598
4785270682	599
703075064514682880	600
2462257938	601
3064024516	602
714761784213811202	603
444047153	604
870925783	605
964188986	606
49544299	607
4855587569	608
395390955	609
549066642	610
396188102	611
22677963	612
169592374	613
2196647713	614
4825216306	615
1643218645	616
266297471	617
188011806	618
62702353	619
56625292	620
1462974912	621
855167724	622
3363578751	623
874763028	624
2503787216	625
32497478	626
2151768416	627
3016370110	628
2938012122	629
4863101478	630
432171934	631
437988272	632
715023150891794432	633
151177726	634
338560059	635
1556853488	636
102340824	637
88485464	638
1976997764	639
2732716060	640
318803257	641
315327931	642
1059278462	643
2440454269	644
4133967492	645
4836243723	646
2573067083	647
83330654	648
2771406515	649
252297843	650
1715440542	651
22131036	652
242421458	653
2305381610	654
379212893	655
267230631	656
8317142	657
25707163	658
3140796829	659
3185784889	660
2324475554	661
3721407072	662
275942684	663
30946195	664
4734383183	665
94540493	666
332410091	667
1684943047	668
545428341	669
13817822	670
2439711755	671
22903474	672
4825216306	673
2669939557	674
4240514358	675
2856139374	676
2975187827	677
2631067478	678
1964112182	679
3017645550	680
3025244827	681
3379450024	682
358403333	683
7092052	684
345399113	685
947496548	686
920411250	687
542086487	688
1643193716	689
2256004574	690
19757184	691
2706223273	692
3147265615	693
7909352	694
2422326967	695
2882288366	696
220586206	697
266102331	698
548373947	699
212769991	700
14173440	701
1518643752	702
40142467	703
713854950359568389	704
177829660	705
47253430	706
1894464324	707
71959874	708
1104949052	709
329688737	710
21238575	711
49874045	712
19757184	713
2178922148	714
1541876503	715
1146111768	716
2926064450	717
3246646248	718
705809022021009408	719
21014469	720
1893888175	721
22993848	722
2436021710	723
4123109115	724
3532891032	725
590125850	726
696406419185213440	727
1649522257	728
3060075937	729
238767225	730
2282665776	731
2192887524	732
72717549	733
9502402	734
4846232837	735
247174973	736
3122211	737
1412968560	738
1034939342	739
1536400141	740
555501140	741
3154382122	742
1016733578	743
266297471	744
2500721814	745
59598109	746
2814618871	747
2301080630	748
432285984	749
2251657502	750
182513808	751
93588841	752
2444561281	753
792693049	754
4901197758	755
4598239033	756
201600248	757
850225705	758
26554348	759
17688714	760
704880403455168515	761
2455417884	762
1287022826	763
8077752	764
435993138	765
541170537	766
3353434768	767
72966788	768
17701397	769
2414927882	770
3199712819	771
275942684	772
369101504	773
309342244	774
142314564	775
285510727	776
4855891091	777
3037674299	778
3376927462	779
14247591	780
714176549629636609	781
701556562238828544	782
3532891032	783
4335525913	784
2747274151	785
210950346	786
314851797	787
331049853	788
4068969256	789
452484924	790
1462273081	791
39646116	792
3090701832	793
706171873084710912	794
2420596759	795
3164549207	796
347856887	797
3532891032	798
920411250	799
3771043037	800
28862210	801
46535191	802
2178922148	803
123578660	804
84020176	805
619002349	806
2426138286	807
383641543	808
323246815	809
37396883	810
1348920300	811
14287830	812
1295901444	813
1964112182	814
4734755154	815
305186637	816
49874045	817
712822267747631104	818
75697620	819
1413815671	820
2288521807	821
1596748964	822
2509428444	823
4835873615	824
1081773602	825
3708915197	826
19790638	827
17856426	828
2182703041	829
298783063	830
1637501281	831
443479775	832
2887690749	833
4180736069	834
14156602	835
3360099802	836
1049681827	837
80392182	838
54153498	839
13817822	840
1510087819	841
115135054	842
2352126044	843
4851426189	844
4855970177	845
48759901	846
547137966	847
129637412	848
701949919125499906	849
701556562238828544	850
710896507222765570	851
16062633	852
1850325403	853
4512789449	854
207683257	855
703121802499792896	856
1302804078	857
1881451992	858
3026031689	859
1548609584	860
2964079714	861
1034417863	862
63615980	863
1258041482	864
715074997304369152	865
18842500	866
2411339743	867
47092006	868
15684672	869
327941852	870
9	871
787774580	872
15773072	873
3960210861	874
4871188022	875
798286	876
2523556454	877
615550224	878
287464026	879
1109661295	880
47253430	881
2427744425	882
17939821	883
44980535	884
367750490	885
714097620445237248	886
890257819	887
39576271	888
49158835	889
2456501833	890
292496316	891
302705113	892
596015562	893
345399113	894
4455908837	895
710250210153222146	896
2303282262	897
2840929582	898
116080934	899
431488680	900
701556562238828544	901
106680482	902
1229141358	903
2489017508	904
2921726909	905
1873762597	906
1202127264	907
243577658	908
2649147763	909
199399954	910
125550109	911
293914017	912
3786911926	913
258264442	914
236272630	915
3680101999	916
34048927	917
1241813340	918
42743937	919
61883290	920
837023599	921
3358985656	922
20733944	923
408219245	924
2937621325	925
36269259	926
2248932158	927
4377436881	928
2611066880	929
704496769791455232	930
150136118	931
3239502654	932
276885247	933
3432561573	934
17851616	935
3386395377	936
19241072	937
3608651658	938
1213237104	939
2244231541	940
3300810762	941
1892180893	942
618840573	943
60418270	944
572756683	945
