3605124496
2565696514
2507737772
4609599682
267415368
2985986460
3249903512
1330724683
6480652
3158253653
2858271148
235298285
19622426
2340924678
2364356252
4852650819
952856515
2838537811
6
277823157
2580423060
114435376
528734238
1
8
3296322847
4855377184
170710028
850151713
2500721814
1550439127
4851426189
3048956624
2676036145
2903995495
499855923
2613143381
282848539
3230853392
1051455504
426655450
942140712
3639843072
137832626
3668464459
24655516
1412064840
2676036145
40074518
1209638186
4246629989
2
1
1
18654283
434681649
2393251180
8375732
1358290958
3228366011
233156917
1
1
1
4852650819
20157199
73155705
3364102125
2329498706
3452766143
17710740
345629680
17644108
2949575012
789144901
148870751
2614018664
2219897472
17516026
17142689
1
1
1469419212
979850508
1673303276
124371986
1964112182
1348920300
577550236
3232472028
4435179915
26337627
1565424252
275942684
1323553988
19102612
4274349326
565123417
2653085649
2956585724
124371986
77933418
97408886
2232170772
1963571004
3691827395
25053299
4852650819
2221233650
610966531
26411144
56952466
2956881378
2903597695
2840135452
1636106844
32928379
471268871
4205765434
3018828006
4465538597
2912949114
623659527
14792167
2391480325
124371986
1
703075064514682880
264004582
3528129613
3311509565
1556853488
1964112182
310352640
16973333
1
1061861702
701556562238828544
2719925226
3046490198
45673524
2503458864
1
2379135360
714716937431941120
1
17109615
325880081
1
3409149454
