1	 1.00000	1
2	 1.00000	1
3	 1.00000	1
4	 0.99995	1
5	 1.00000	1
6	 1.00000	1
7	 1.00000	1
8	 0.04175	0
10	 0.99998	0
11	 0.99990	1
12	 0.00034	1
13	 0.00034	1
14	 0.00034	1
15	 0.00034	1
16	 0.99990	0
17	 0.00034	0
19	 1.00000	0
20	 0.99990	1
21	 1.00000	0
23	 0.99995	1
24	 0.00034	0
25	 0.00034	0
29	 0.00034	0
31	 0.00034	1
32	 0.00034	0
33	 0.00034	1
35	 0.00034	1
36	 0.99990	0
37	 0.00034	0
38	 0.99990	1
40	 0.99990	1
41	 0.00034	1
45	 0.00034	1
46	 0.00034	1
47	 0.00034	0
48	 0.00034	0
54	 0.99990	1
55	 0.00034	0
58	 1.00000	1
60	 0.00034	1
61	 0.99990	0
65	 0.00034	0
70	 0.19777	1
73	 0.00000	0
74	 0.00034	0
78	 0.19777	1	
85	 0.00034	0
86	 0.00034	0
90	 0.00034	0
92	 0.00034	1
93	 0.00034	1
98	 0.00017	1
99	 0.00034	0
103	 0.00034	0
104	 0.00034	0
105	 0.00034	0
112	 0.00034	0
115	 0.00000	1
117	 0.00017	1
118	 0.00017	1
120	 0.00011	0
121	 0.00034	0
123	 0.00034	1
125	 0.99990	0
126	 0.00034	0
144	 0.00034	1
145	 0.00034	1
167	 0.00034	1
170	 0.00034	0
171	 0.00011	1
176	 0.00034	0
179	 0.00034	1
183	 0.00011	0
191	 0.00011	1
200	 0.00017	1
205	 0.00034	0
211	 0.00034	0
215	 0.00034	0
218	 0.00034	1
255	 0.00034	1
257	 0.00034	1
262	 0.00034	0
263	 0.00034	1
280	 0.00034	0
283	 0.00034	0
289	 0.00034	0	
306	 0.00034	0	
313	 0.00034	1	
315	 0.00034	0	
319	 0.00034	0	
324	 0.00034	0	
332	 0.00034	0	
336	 0.00034	0	
342	 0.00034	1	
347	 0.00034	1	
355	 0.00011	0	
359	 0.19776	1
365	 0.00034	1
369	 0.00034	0
372	 0.00034	0