826856254593257477	717433730323857408	372315777
826856355659182080	6509832	464396247
826856465101119493	2478036894	2313487754
826856641287041024	727670108	3573370633
826856721989648385	386137123	265233119
826856781070610432	20562637	213118052
826856839644008448	2801729758	72088110
826856908917264384	797322229910376448	793755523690692609
826856987967291392	720363759521259520	27031592
826857034356101120	2459471257	119718717
826857285439856640	40011881	2338755228
826857528885522433	6525302	45553903
826857545671274497	145271316	17554651
826857551203549185	432544621	18826837
826857703419105289	17816420	15004177
826857808217903104	515490346	85367895
826858223839936514	4797967814	234390571
826858714489577473	3355667722	806699926910541824
826858736840908800	517163587	2511555518
826858892638314496	538610119	3298490413
826859109928620036	571257565	571257565
826859140727312384	571257565	571257565
826859167793238016	571257565	571257565
826859571767627776	160914823	937047116
826859575152242688	720363759521259520	165734664
826859590654558213	2801729758	1958152405
826859615254171674	160914823	937047116
826859632916385796	160914823	937047116
826859706551382016	73871975	112182940
826859788269211650	53979469	67514751
826859952333430784	73871975	1215561344
826860108705628166	757564780404015104	120281408
826860259725758467	20439724	279965615
826860605139275776	515490346	811603788012191744
826860691948662784	618935636	785568081212866561
826860760450035712	2801729758	3018287190
826860801906589697	2478036894	226794255
826861091431075847	764003278833061888	102432919
826861568511971328	2170200797	2170200797
826861596718792704	150009699	437577077
826861603446337537	2170200797	2170200797
826861625663770635	368276033	62587508
826861658295386113	2457785262	817378517184868353
826861666419765248	3226102249	760487302971920384
826861677589180416	751938062947651592	817378517184868353
826861713928527872	68653118	49987677
826861756685357057	48391223	177635748
826861797844144135	2457785262	817378517184868353
826861800574558208	823263580120301569	84214345
826861816265527297	437577077	27909314
826861830370840576	278662460	132740165
826861849379532800	368276033	1120360531
826861851757727751	26235265	4757440167
826861856501407744	36339032	177635748
826861863321337856	69008563	770026554
826861868119621632	194212330	801092318044491777
826861868669161472	69008563	323978166
826861899342106625	130557513	619823626
826861914256912384	90721862	352465823
826861916584869888	3681117678	1485506221
826861922771488783	368276033	745442237081739265
826861926521114624	122783937	122783937
826861934800666625	38156420	2694691
826861939783565312	26235265	253520657
826861940144156672	473992322	804171966932357121
826861940622372866	2827148094	130566976
826861943524847617	15164565	387689723
826861948759339012	90721862	127962774
826861953050095616	994741592	266293743
826861962122256384	29951362	1849274522
826861970536140801	82151473	522808717
826861975447691264	45075214	2723480480
826861976282226689	95431448	22822556
826861983639142400	69008563	877478868
826861995681054720	34752409	243611896
826861998742892544	3809379317	1668588985
826862005961240578	4914384040	1723984327
826862030216847361	120649992	1696251991
826862045534572548	69008563	2675149246
826862054564716545	34713362	250835683
826862056691351554	368276033	709461069547307008
826862065600122887	598978191	3078347243
826862073527357445	71048726	385558102
826862073678176256	290603222	124721180
826862079671889920	748143417474027520	719538730177077249
826862083262337044	21200516	392807183
826862085313224705	517568346	3491062394
826862097346809860	38156420	3313513223
826862105961910295	1626189841	717136205666787328
826862106418884608	290603222	124721180
826862114518085632	517568346	3094277052
826862115432460288	714573979	141550671
826862115843690497	68653118	568796022
826862121564721160	63789273	2268856476
826862126228606976	4883035583	765254816469618689
826862132243419142	29951362	62508273
826862143953838080	34713362	80694156
826862147078672393	95431448	25332451
826862148991148033	517568346	3400162097
826862154620030979	3004747605	873540240
826862154867494917	224201809	261823082
826862166947090434	2674249872	836303696
826862174639443973	215207998	132368437
826862179303510020	112705099	816707234117914624
826862184474910720	63789273	71859773
826862186173702144	16973333	24555333
826862196714065923	69008563	1176640496
826862203244597255	368276033	2288832381
826862206977404929	45804349	227782695
826862210462908416	216803450	3599829497
826862215491964931	16973333	278134290
826862218088046593	63863854	185422317
826862220017618947	65919935	4211254191
826862225969336324	105015958	636958357
826862228313952264	16973333	89511627
826862233238065161	1362368612	911615126
826862235716820993	68653118	738802470525272064
826862241165119488	110751820	620690358
826862250195505153	63789273	3286951291
826862251680296960	503371730	1197446244
826862276636528642	284571083	19680975
826862277810745344	4011107243	33448946
826862278318444545	122783937	122783937
826862290020466692	69008563	51271877
826862293086466048	1449023288	821565468397797376
826862293673766914	16973333	35472161
826862294097354756	16973333	189742005
826862299528970242	14606079	749229286410883072
826862299939995649	65698096	517255949
826862301462556673	26235265	1901544158
826862319175073794	90721862	1095901676
826862321624612864	142375993	1167551240
826862324539469824	10352582	46060722
826862333943304192	382275399	1583986518
826862336493260800	90721862	1859515387
826862340188565505	14606079	749229286410883072
826862342654853120	16632670	15238501
826862374833553408	26235265	4055156615
826862382416875526	751938062947651592	1108335294
826862454055530496	331136088	114749806
826862503107768320	2908563844	4691611687
826862504643026944	130231931	477264042
826862505335148550	2908563844	764844898860339201
826862505909747713	3130840024	2674234794
826862508019433473	2485811094	14447392
826862511488118786	456514917	3795491422
826862511504949248	456514917	549486783
826862515787284480	2785368190	4005966195
826862516357603328	2328199160	312512109
826862518291353601	2908563844	764844898860339201
826862519188873217	3380753513	812103402377330688
826862520694689796	130231931	549244077
826862520740769792	588498821	1045751101
826862521126703117	456514917	346779818
826862522674401283	2427867608	4821989627
826862525950152705	262862741	430109995
826862526671572996	629336013	1431751957
826862528424792074	2220972476	2349034285
826862531390164992	617712654	451786140
826862534187765767	2908563844	764844898860339201
826862537702592513	465065051	758075972205748224
826862544233123848	3380753513	719709402605961216
826862546258972680	2998679157	2439195649
826862548028968964	50666280	792646884
826862550444888078	2908563844	764844898860339201
826862551510220801	439787412	381742376
826862552206495749	122711186	716258080477077504
826862555004071936	2998679157	2394482449
826862555440242688	456514917	254650388
826862557709422593	303671054	797549399467556864
826862559357784070	2485811094	54762116
826862563736576000	2485811094	3151916194
826862565435330577	2908563844	764844898860339201
826862567943438336	456514917	517942092
826862570543992842	35005086	1702931857
826862573966544910	130231931	3897675281
826862576655093766	58500736	53830371
826862577095495684	456514917	125096971
826862582753611782	2908563844	764844898860339201
826862585840488448	40011881	7714392
826862586780061696	456514917	1257896484
826862588222898176	2380881682	1343301541
826862590559141888	712897952	731660750767464448
826862590882148355	26791995	27690224
826862596213071872	729511958609715204	2336633354
826862596242468864	2908563844	764844898860339201
826862600348717062	2220972476	278752114
826862601422376961	2485811094	4892290569
826862637262708736	949863702	320897675
826862670485663744	2801729758	2394021590
826862693202030592	618935636	114470755
826862808557973504	90721862	2831065918
826862809577357312	586571352	116214466
826862811846307840	708290520905158656	768398881163837440
826862816112082946	90721862	15471640
826862825939357696	3004747605	334959545
826862826488811522	1513641805	826859376069791748
826862849549094912	16973333	559530477
826862852589842433	817386	17285408
826862861305729034	16973333	2660218092
826862861712576521	26128553	803644374
826862884512739328	69008563	782185838
826862886010118145	1143515606	366529365
826862897452052480	63789273	307153110
826862899159322629	26235265	1731574650
826862932046839813	26235265	355983385
826862936719314946	69008563	772945615030460416
826862949490970635	3697805909	2156098420
826862982818889730	26235265	2420255274
826863104751521795	456514917	2172499733
826863105208700935	130231931	840493880
826863105913323521	2220972476	244696076
826863110396993536	2310513850	760320536
826863110417899520	4833989578	819756409243897856
826863112104058880	1228656002	2189001101
826863112179634176	3130840024	1369483938
826863113173614592	3380753513	2215578596
826863114499022848	14260960	334821683
826863114553610241	1257705380	2786253675
826863160007282693	714573979	3515016432
826863303045550080	119897487	226241146
826863324503613440	16973333	2837332205
826863326298783746	1362368612	17674575
826863338227392512	1589440615	767777919578017793
826863349061271552	8105922	1313748025
826863359517671430	16973333	31749288
826863367746904064	532779460	22419444
826863426018430988	44571497	1515901411
826863428480487427	69008563	124171175
826863430506336265	53047484	2723869866
826863433245216778	2271368972	3397527987
826863451368615936	63789273	122252543
826863466019508224	69008563	811605489754796032
826863483044188172	87541152	584491369
826863483664945156	1167164876	1108335294
826863520897712129	2271368972	3397527987
826863593417297921	163025169	186624815
826863616590827520	800394433027899392	413748035
826863617966559233	4882966269	171844293
826863618130067456	2485811094	14447392
826863621070344197	3723533057	151577584
826863624459341837	821970432165314561	718755224677150720
826863625264570374	69366992	1488142416
826863626460024833	3232036688	508006233
826863794257350660	90721862	175932763
826863808228577286	16973333	131574536
826863822367371265	2207904002	370515570
826863822724067331	33884545	415509351
826863825324560384	1480781413	171198826
826863831456419842	215207998	800586669963390977
826863848246431749	16033	1449081847
826863852885274624	503317468	824332108634222605
826863868483948545	2756240359	203756288
826863868978876428	301570769	628830974
826863869834309632	67612556	46060722
826863905779560448	64721011	164659188
826863916290625543	368276033	3103379381
826863948498665473	368276033	4757440167
826863961459060736	47948672	194212330
826863968522293249	368276033	4757440167
826863983281967106	69008563	63525184
826864129055059969	456514917	2342065623
826864129281519616	2998679157	1703109744
826864130304987147	456514917	146104632
826864131252899854	487907090	756548767
826864133069033486	3380753513	138117459
826864135690473476	781633642619559936	771068153459859456
826864142766264330	608433158	1438181095
826864178812112900	14534066	381820530
826864276711292928	131497030	334339610
826864292054126592	34713362	34253987
826864310039302152	2819469363	27693786
826864314363416578	311613976	58663201
826864329538621456	1053054631	77012161
826864338011058176	90721862	14335143
826864345606860800	120649992	401921570
826864351843848192	152358615	93026625
826864356935626752	367538716	72994171
826864375751462916	386137123	752528962262224896
826864408232075269	4137746057	3697805909
826864476439842816	26235265	223838973
826864482236452865	802169519531692038	159044246
826864503421796352	994741592	469243008
826864504902340608	63789273	1640537947
826864518257049600	26235265	2490361830
826864643461283841	26791995	766391773
826864643612225538	26791995	719967609928736768
826864644094644227	2998679157	437185135
826864644358705152	3127925543	3362848094
826864645600313345	712897952	4650751212
826864646414024705	712897952	1019537460
826864651874992128	2998679157	94629128
826864835317137408	29951362	702772453748056064
826864841994403840	215207998	1854523802
826864849325953024	22763833	90374265
826864872063266817	42825230	714943919717396480
826864877390008320	151713485	866941982
826864880645001218	25570250	822511555808002049
826864889121689602	19037811	156435262
826864892695158785	2891547790	3296570139
826864893152415755	28297965	570332291
826864896113532929	3326266576	4498282517
826864898537902085	17494010	937639507
826864935359696898	204904456	469243008
826864953672028164	48391223	3315480772
826864981543178243	134767857	1460355042
826865017811238912	30082130	71239781
826865024043884544	63789273	452175838
826865154272829440	973503606	1456093236
826865154340114433	2595788366	740694393418567680
826865154990231566	774691158962339840	3367947419
826865155283832836	456514917	867569706
826865155774566404	456514917	2311820545
826865156667871232	2298463512	3162362183
826865158836383744	456514917	1169185208
826865159830458369	554519138	2772267060
826865160958726161	456514917	394656516
826865165324996610	736070082162368517	294928526
826865256387452930	65698096	4597965734
826865267288465408	1941635418	1379950357
826865296753434625	3004747605	3259073040
826865310787567617	90721862	187751609
826865339346481152	21002587	3276168278
826865361203113985	19037811	760097326589435904
826865370065727488	2495766691	815982354367971328
826865375279210500	1213317290	2749789750
826865381956411393	152358615	364609326
826865386763276302	16973333	786093110992470017
826865407600578570	16973333	853561418
826865461492998144	63789273	80318448
826865477926412290	368276033	291241286
826865514244952064	26235265	24505404
826865517340348431	224201809	308956314
826865520104394756	26235265	291241286
826865533689675777	368276033	23629556
826865538970374151	1176640496	1176640496
826865666447855636	456514917	853556360
826865669862019074	2220972476	1074641562
826865672428933120	456514917	300356712
826865674270232578	2998679157	625194315
826865674953904130	712897952	4650751212
826865861025599488	274891222	274891222
826865885386305538	3039742387	288822620
826865886984298496	16973333	2442255489
826865899122552833	63789273	813337852880617473
826865902352289792	34713362	73034638
826865902377455617	173392503	79147603
826865913882255360	4862675718	2956980941
826865914402439169	16973333	729864062167736320
826865920228413441	125128723	532887643
826865931343249408	30181014	2370414098
826865933155237888	14333756	3227063166
826865957494681601	63789273	4523543536
826866003996979200	520868242	370364993
826866005259538433	26235265	449058236
826866025740324864	224201809	2885458571
826866034967724033	21200516	60690172
826866178412916742	456514917	496321230
826866179012775936	2485811094	175788609
826866184523960320	226536049	182827812
826866185757134848	1713104868	4531197733
826866186461798400	456514917	553481799
826866188147908608	456514917	2984651927
826866259077767171	2756240359	183993932
826866349393707008	2756240359	506958753
826866356209410054	2471723629	36134909
826866357065035776	274891222	4051942230
826866371959017473	16973333	6722
826866400618807296	219924126	309064379
826866413415628800	271532749	2754919173
826866418201276420	15484198	2483802816
826866424484347904	825432416022061061	813889236667691009
826866428208832512	17537467	780739270663294976
826866430993891329	112764971	3105959699
826866441429344256	382267874	814702022633123840
826866466733453312	3697805909	3214673774
826866471510880256	1143472657	2615598754
826866478590865408	2780272562	16550687
826866493879177217	1143472657	3026979199
826866555979829249	4850322074	4850322074
826866675186278400	3127925543	977543089
826866681184124928	798217766	722448350503510016
826866783592124416	2756240359	2817323221
826866860977188865	617825073	23619856
826866863057408001	16973333	822338109333344256
826866863435046912	95431448	14145626
826866872796708864	274891222	1228881116
826866882636607489	17537467	41587198
826866896494534657	15164565	95754665
826866913808625669	45075214	808296705825316864
826866917654695936	16973333	716371621380890624
826866919194116096	386137123	88168164
826866921563947011	125128723	90182089
826866930946564096	16741321	35871684
826866931160514561	17832312	21009903
826866931831549952	16492558	103030945
826866933861666816	16973333	780575384311959555
826866941168066560	1143472657	731839855
826866944435437568	2756240359	89167642
826866980426768384	95433662	250704756
826866988567887872	2228948601	132252902
826867001398267904	2756240359	1630603508
826867002799169537	22879111	819698285501943809
826867037158961153	22903129	283520937
826867059413905408	422531557	972554203
826867074609864705	1143472657	486720661
826867180151005184	2756240359	755267759982784512
826867199981793280	260416718	392987060
826867207728685056	456514917	1322805210
826867277844905985	2756240359	490552871
826867331313737729	331136088	278029825
826867377702711296	16973333	26317894
826867381020532738	2756240359	3018627712
826867381561614336	501631797	3188192662
826867390210306048	16632670	1231369177
826867394316374017	16973333	926571499
826867402839355393	126966274	128832318
826867408539381762	382275399	2448237967
826867409378160640	274891222	1466328062
826867418131742721	16973333	17818643
826867447630352384	2756240359	2156375305
826867450289459200	16973333	387876936
826867515926134784	2756240359	769562191934676992
826867531692572673	422531557	972554203
826867534162898944	26235265	181422615
826867545441435651	1143472657	306447762
826867553389703169	3086879649	75707250
826867569009242114	26235265	174579587
826867594401611776	1116416330	972554203
826867721501544451	2720571204	34064539
826867721530925060	3380753513	307041348
826867723338657792	2998679157	381275429
826867723745439745	2595788366	2382770006
826867725574209536	712897952	542259427
826867764723847168	2756240359	589607287
826867774903504896	193558954	112122326
826867891161137156	2756240359	704287801311928320
826867955543703552	4914384040	84321731
826867965169639424	501631797	185672820
826867967099076617	2480601578	145992628
826867967321214976	91478624	36261323
826867975504424960	16973333	1958563062
826867978947985408	85867670	38315627
826868019838255113	134767857	123024177
826868049592541184	63789273	289771898
826868057654099969	4137746057	3296502132
826868059877023749	243336350	556220284
826868088377335808	68653118	3330034553
826868108631478272	772572134912778240	3413657594
826868191200739328	2756240359	705138728440893444
826868229003845633	3518486666	3528239483
826868231034044416	1358218832	2733625485
826868234016141313	91355724	1618760294
826868237040238593	26791995	4928370761
826868238776672257	1076697859	3128271289
826868298306379776	797322229910376448	218276772
826868388068618240	2756240359	3010341234
826868403700903936	2756240359	375418955
826868415830781952	60055680	218276772
826868436257144833	501631797	425889336
826868439214026752	717313	31145349
826868442745696263	227740337	338840239
826868444486365184	501631797	46071384
826868460328194048	215207998	29068960
826868469052407810	21002587	63384915
826868470356832256	382275399	2448580878
826868483568889856	85867670	40898554
826868525507637248	515490346	218276772
826868531421728768	28297965	57033506
826868533464281089	462048568	972554203
826868561230589953	368276033	703236096
826868565689122816	1116416330	972554203
826868571451973633	63789273	363022260
826868582227263489	224201809	57033506
826868594487226374	31293110	38855581
826868601135185923	2756240359	1335335990
826868609309954048	2891547790	807928259988037632
826868617954340864	1143472657	746858650560569344
826868726083485696	2756240359	825720636383326210
826868738641317889	456514917	928075488
826868739719041025	232022445	812043032576933888
826868742890061824	140113965	463395543
826868743267577860	777890548132687872	621998612
826868824599326720	2271368972	3397527987
826868839728181252	2271368972	3397527987
826868933022064640	17694503	153704310
826868934297190400	14333756	2986008215
826868940773158912	2971747084	1921014794
826868946842353664	2777269931	395319158
826868948033470464	2263220017	28855016
826868968321384448	274891222	749953408883367937
826868975791374341	95431448	773687671243825154
826868984641249280	131497030	1491341940
826869030569046016	26235265	4850099537
826869034230628352	183461416	344216205
826869041948196866	36339032	281901352
826869049359552517	26235265	2734207457
826869071475912704	3697805909	61422393
826869088303644673	70799317	812721447449796608
826869116082520066	2891547790	2459926934
826869242272288768	2213463727	254275023
826869243773849603	456514917	1239978272
826869246919602178	17986832	574130775
826869249910124544	926710514	1089882547
826869250333741056	130231931	4786535276
826869469297385472	16664681	216502478
826869471667224576	125128723	2471529011
826869472715763712	4914384040	446373098
826869493393661953	501631797	329209916
826869495541010432	219617448	785778445066178560
826869508312674307	41060663	1222667108
826869570237444096	16474844	3413381592
826869579674685440	3226102249	963921739
826869585248874499	3697805909	368158630
826869585831825408	63789273	561933786
826869592278470660	20442930	4409133627
826869592853209089	2780272562	4820320583
826869594920935429	2920979863	809433823280701440
826869601376071680	772572134912778240	703807511279869952
826869628227817475	2756240359	4257601754
826869635672850434	68674747	740967168439779328
826869635882442753	63789273	2240782548
826869759442616320	712897952	556089169
826869760952586243	456514917	376083749
826869795916242945	74433034	2461367510
826869948052025346	3927478703	185340055
826869953546616832	16973333	2683754853
826869966938980352	90721862	30130236
826869969296044033	274891222	775199416470818817
826869975281463296	19058681	3043885651
826869977202454531	3016071993	1252192320
826869981732339712	76475940	92490381
826869982260781056	446228264	21683796
826869993522470917	30304602	251510800
826869996580110337	26235265	31120525
826869999071526914	215207998	133035313
826870005283295236	16664681	748350360373305344
826870017623019520	69008563	289434864
826870023121690624	447728696	2855058803
826870023314612224	523209508	479302645
826870102935085058	14933262	490204452
826870133553524736	69008563	1039826666
826870141346525184	69008563	179550820
826870237861548032	736078840179499009	211568738
826870257344200705	3226102249	821337203091578880
826870266991112192	4120096094	2732231854
826870268069036037	3380753513	2463506109
826870268530458629	608433158	3430169278
826870270732419074	150292303	340705560
826870272213008385	2326596636	183110708
826870272691167233	1405609470	217102163
826870409614258183	3258948376	1888295233
826870471941640194	2478036894	233481441
826870494527893504	15484198	223529180
826870498936123394	3253138211	1147872818
826870502228516873	740246364752203776	2587831062
826870506288726019	501631797	80508900
826870524261310464	85867670	19130894
826870534386360321	501631797	3251487501
826870534956843008	3399406750	1342544430
826870566833442819	63789273	428186141
826870596076236800	764756893118128128	3397527987
826870598617989121	792438174576291840	722104388639174656
826870632742662144	63789273	271539181
826870635750162432	26235265	749910712596754432
826870644772052994	26235265	153708298
826870781418299393	1358218832	240950702
826870782676582404	3339704267	817187875364147206
826870786237558785	3328028590	72646689
826870786568888325	4120096094	2296946317
826870786602438656	724760906	586105454
826870990957322242	786066804837847042	46320105
826870992324620290	16973333	1034155350
826871006006480898	4914384040	42545339
826871016093806593	617825073	79311397
826871030614417411	244004636	2655358698
826871042245328897	131497030	2251198949
826871042891214848	2319273258	2745105584
826871055709044737	177601492	3105959699
826871068036063232	2163291222	528955153
826871110897659904	28297965	121894365
826871139213402113	28297965	156590776
826871173250179073	82887788	2312287350
826871296264904706	3106333083	423986062
826871296747249664	1405609470	1573864922
826871300656394242	712897952	1710460508
826871480147443712	17537467	2360407286
826871484744351744	617825073	2884931843
826871498396811264	3809379317	60149899
826871502523936774	95431448	3111315464
826871507536244737	16033	50268700
826871532655882240	274891222	23446050
826871603472515073	1745583230	336766803
826871603921297408	2229615961	132252902
826871608962867200	994741592	540372271
826871623328296964	82887788	488958504
826871636859174915	994741592	4826814051
826871646514446337	1868116760	4484190975
826871674243076096	69008563	415148702
826871678911311872	122555803	1252253539
826871678961582081	158039622	805510576004808704
826871686721073152	3126284500	2475464435
826871802794278913	456514917	176202741
826871803519836160	456514917	937396598
826871804711075841	44223051	261288078
826871806904631299	456514917	320990529
826871809186418692	14260960	3336888651
826871811036082177	1358218832	2974200544
826871812852035586	555230312	55068144
826871813934370818	882430494	390520805
826871849430679553	143879845	1684807621
826871940061286400	501631797	267062002
826871954665775105	1362368612	137625934
826871965659066369	1167164876	1406509680
826871968175620096	367538716	3290881694
826871971795185669	63789273	819611959431598080
826871976606175232	2756240359	512482613
826871981865832449	16973333	730485693873594369
826871991059755011	4137746057	3697805909
826872001235128321	44653060	3006418240
826872015244111872	15972264	52727560
826872015789375489	593588008	593588008
826872026379976704	85867670	535617297
826872028791574530	816255451524382720	630273512
826872035796213761	3103704418	55388310
826872039504039937	26235265	54188672
826872040871362561	382275399	1126429446
826872048341417984	215207998	4183694386
826872072152420353	1728150757	271957203
826872087142866944	44571497	257007262
826872096059965442	593588008	556768277
826872117312446468	515490346	3236380726
826872122836471808	69008563	776055257654824960
826872313438203906	103858258	391750106
826872313689747459	14260960	891513090
826872316990783492	712897952	565198711
826872319347982340	1403798755	3035362195
826872319813550081	456514917	1653923718
826872324016181250	456514917	47669271
826872325568098304	456514917	2615629421
826872402382577665	758954303298035713	225698475
826872487925329922	145271316	4667148206
826872510855655426	28297965	205057755
826872519756021763	1728150757	145372463
826872519907037185	151713485	249227352
826872520313708550	42825230	814583642164891648
826872521458847745	2726035634	448178069
826872521597317123	15484198	606829400
826872536638115840	28297965	135932419
826872540605845504	433534414	2704545012
826872540656070660	90721862	138697598
826872540949790721	5894372	2780574235
826872546796646400	16973333	621998612
826872548218413061	754034601123844096	2573615588
826872550064058370	425065612	825290342891151360
826872555864735746	26235265	2262937779
826872557013852164	44571497	495711125
826872566656671745	3021321754	2666201573
826872568091131905	308130306	260217842
826872572964925441	53789862	40353438
826872631097962498	69008563	2262937779
826872659292024833	63789273	794171684873875456
826872675226308609	4797967814	2730222397
826872821892730881	2485811094	241055925
826872823188688896	42489781	614852877
826872824979656704	252855413	154630685
826872826368032771	4270107748	3496173376
826872826451857408	2485811094	241055925
826872826913251328	550623493	1084125740
826872830088273920	777890548132687872	37990581
826872830407168000	1358218832	3342074398
826872830658826244	168910416	493739249
826872832479068163	246446183	545194946
826873007922610176	617825073	36829398
826873009805856770	244004636	17524689
826873011101921280	44653060	818271041378254849
826873012087570433	90721862	1370599310
826873017468809218	25053299	20353477
826873018819477506	2792501806	381901005
826873040843718656	311613976	3876464595
826873056723365889	15484198	2659122061
826873062813491204	382275399	179675761
826873088881082369	111838929	594464865
826873122997600269	994741592	4704944060
826873126625636352	920896255	824075469335199744
826873141469278213	69008563	776055257654824960
826873174814027776	2152766912	214664685
826873189254967296	4137746057	1167164876
826873195722575873	2152766912	134576111
826873195852599296	39764991	3086735659
826873206619381763	26235265	26483124
826873210100604931	2318103289	2249861570
826873271287214080	25053299	162437804
826873333526429696	445153884	177415385
826873337439608836	822531891479781376	731364756
826873344440008704	1358218832	2838831586
826873346310733824	201481358	730002097274560512
826873459162636289	54987639	80324287
826873475105169409	978482611	1641232309
826873478531973125	68674747	135276255
826873493669236739	2471908102	736608404211372032
826873506461782016	48023448	233147805
826873514976276482	494380467	114439806
826873521636794368	69008563	776055257654824960
826873543178801152	29951362	487645894
826873552402001923	111838929	2445435726
826873563726508036	244004636	791069195324694528
826873577253253120	142375993	3057970417
826873582739476486	25053299	329138292
826873585713160193	95431448	6077902
826873588946960384	68767524	127038979
826873591316742148	25053299	700690974800936963
826873603245350913	462361085	114439806
826873628922937344	2151319616	4704944060
826873634568413186	74433034	785370191358226436
826873641681899525	26235265	235393566
826873676532445184	25053299	2590278009
826873800192974851	4850322074	4850322074
826873849513988096	14260960	528696190
826873850226933760	17880158	28029138
826873857567031296	1358218832	2475570854
826873858217086976	994741592	4704944060
826873859274059776	456514917	869643828
826873861052432385	129964269	477110275
826873910041931777	69008563	37029437
826873932171063296	2652657612	3105959699
826873967835246593	759251	2869919802
826874004938096641	2756240359	437109208
826874007530196994	38156420	19038210
826874008582942721	501631797	2911333690
826874011846053888	90721862	2543676984
826874014392004609	85867670	332292333
826874021736226816	437351780	819288129039376385
826874028304506880	45075214	2788774292
826874033702576129	3174328107	114439806
826874076790714371	101799611	252209127
826874082440388608	1257929389	775461312642056192
826874094662606850	180275809	160536644
826874097573441536	571257565	571257565
826874112102559745	64180521	822794906548731904
826874149436063744	994741592	4704944060
826874162048167939	494758799	4635422209
826874214204506112	994741592	4704944060
826874233481486336	68674747	331834008
826874239378669568	69008563	494252691
826874351765114880	2167340796	16314587
826874352037568519	386137123	1466578908
826874352289378304	2431314992	4694095747
826874352863961088	2998679157	1481074212
826874353409196032	1358218832	750819220699701248
826874353803485187	26791995	731938636644663296
826874357112778753	3836008983	2997250788
826874358270480385	533324304	887131838
826874359998394368	494758799	795820162314182656
826874553838219265	21002587	79157259
826874558330310657	111838929	1520428902
826874564802179073	375721095	727983860542144512
826874574918782978	66367082	45435232
826874575619186691	382275399	3026575906
826874584062377984	3293406121	1499929482
826874613988724739	34956737	105189594
826874624516448260	28297965	1308888877
826874624654852097	95431448	2155640928
826874634280828928	2151319616	4704944060
826874662093066240	63789273	2504711941
826874666828562433	2151319616	4704944060
826874682393624577	994741592	403521637
826874685250031617	26235265	803034241
826874703159627778	3433994398	120840334
826874704782819328	15239226	19528406
826874712919793664	1785501	150693171
826874725418700803	1257929389	993585120
826874868553678849	198363230	2816048001
826874868587171840	27754658	1686468937
826874875189026820	712897952	3054435457
826874877030330376	26791995	605849536
826874877441409028	26791995	1966894836
826875067191685121	130557513	1099630700
826875077388013568	16973333	116630205
826875080747655169	806109346325270529	196808804
826875081091584000	16929559	369833
826875082618331136	2271368972	3397527987
826875090373574656	161814182	164290845
826875093729079297	809388604820570112	822723020179599361
826875103258537984	38156420	1123303027
826875120434216967	38156420	1123303027
826875123999309824	754034601123844096	826049578369740800
826875128411803648	3367334171	809944798304104449
826875132018847745	1728150757	2497986753
826875140654895105	2228948601	2497986753
826875158447140866	252515763	4704944060
826875169310404609	26235265	4074372651
826875182321168385	1540536901	4704944060
826875186263814144	183461416	138836451
826875186926456833	69008563	2497986753
826875191380811776	3433994398	1666090794
826875202172809217	169033771	291115271
826875220770304000	28297965	28195048
826875229725003778	63789273	272832493
826875252726702081	994741592	403521637
826875300348837888	25382122	721659670302232577
826875366048403456	494758799	823501828490952708
826875384411123713	505997261	2567963233
826875386730520576	1093244569	475332475
826875390673182720	3380753513	2439135749
826875551801540608	50015845	563304849
826875558055309312	21200516	32485227
826875559774928896	44690011	14186220
826875568486498305	808249026084818944	822708778395004928
826875574245261312	15484198	302665492
826875588417830914	26235265	95495796
826875616620318721	4154113332	797769746154450945
826875625050894336	3697805909	3020415773
826875637201793024	90721862	1705693339
826875655031656449	69008563	1187296758
826875693078282240	1728150757	330196261
826875708240699392	4010975127	225423161
826875774997245952	2891547790	561280529
826875837534212098	2536837633	59511839
826875885504569345	456514917	1563964908
826875891854798849	4726817106	3236297834
826875895700942849	4726817106	971185488
826875898502721537	3115803970	3351894659
826875899211419654	712897952	1144433864
826875902030180352	801899278708961282	89131905
826875924389982213	801861809384935425	821092251065585664
826876041121689600	16389783	3258948376
826876085925269504	17537467	49719027
826876086000697345	16389783	3258948376
826876100169064450	90721862	30211382
826876103683874816	16973333	18733002
826876105973960706	125128723	800331414117883904
826876110604496896	37034483	822800425992814593
826876121618796544	26235265	62505236
826876123145523200	14333756	337989108
826876140237312000	60958997	106441554
826876143382962177	69008563	602292264
826876146444857345	2480601578	269856391
826876146822299650	4602048437	2722362217
826876147430473728	2353719180	562149429
826876152555925505	2375223030	349553218
826876152987922433	382275399	3064942408
826876215424274435	1923719503	1674350695
826876250383867905	28297965	366781359
826876254158778368	53047484	84236709
826876267047813124	54987639	16098718
826876286350016516	368276033	364129378
826876408106479616	746720127597457408	777753299160297473
826876408555151362	122711186	154552035
826876408836284424	1257705380	3063737535
826876409486405632	823579530472423425	3828823641
826876410446901248	122711186	2533166893
826876410811863040	712897952	407299398
826876412720250881	2998679157	776125289646559233
826876594279051270	232181626	188143601
826876629058252800	1241258612	351630233
826876630857564164	501631797	68503877
826876653028724737	2480601578	3308497317
826876653586436097	14606079	1163873018
826876657910874112	66481550	21612042
826876666429452288	16973333	486604083
826876670158241798	3762918257	2906357572
826876699354755074	69008563	1275828098
826876701330329601	4137746057	2802642661
826876702311723012	3685041917	3063975177
826876766883106816	422531557	768757054513217536
826876774629900288	69008563	809021081080176642
826876777494638592	28297965	2187591266
826876874135572484	2756240359	2937532453
826876914908405760	163025169	2260076996
826876921225019392	1358218832	1434119418
826876921615101953	2512958136	748240344022556672
826876922609164288	71046965	368615840
826876923288682497	182381818	329688737
826876924064624642	2579317396	759938880560914432
826876926568570881	4726817106	400908178
826876927332012033	456514917	455856784
826877026179153923	215207998	4149441683
826877063353212928	2480601578	1131148676
826877070638604291	244004636	33320692
826877072723304449	4154113332	401361195
826877074250092547	4154113332	809448075005566976
826877141874855937	618143282	45439205
826877143741300736	85867670	14353990
826877144047378433	4154113332	783190122233667585
826877295310815235	170092065	2369073997
826892435984900098	31251948	168612272
826892542562013184	53979469	3170692550
826892594177257473	158284967	826068124956921856
826892664880582656	31251948	703520844
826892812465610752	2756240359	1458957894
826892913095352320	523209508	36780946
826892914605297666	4154113332	489590063
826892929109213184	90721862	4214284582
826892934658347009	298001296	244965525
826892935765643264	114273855	2754649861
826892984662839296	825751764976730112	825317650481893376
826892997061013504	993585120	800841622602674177
826893012517085185	251145362	704123023
826893032125583360	408512544	2984441897
826893033287335936	90721862	759046469286436864
826893053474529280	2310376056	1652674339
826893056427380742	458377940	185814562
826893067479240704	105197108	64108826
826893092418678784	575725973	740238124576542721
826893092653510661	82322622	2449018374
826893104129200129	1728150757	761603959744233472
826893172030701569	45352684	44642644
826893203370549249	31251948	2191882756
826893285214011396	2413460221	1499661920
826893289085284353	130231931	1545201522
826893290536574976	2267938142	42620936
826893291526316032	598049690	1965644047
826893294558916609	3224081175	886222802
826893298027610112	34857435	343229656
826893298883231749	589615150	434402938
826893431758741505	95431448	16840643
826893444538888193	825455151049695232	46765210
826893473563426818	3225179134	1376888514
826893479590625280	44653060	1947955136
826893482094690306	274891222	727492151467237376
826893485903114242	20708260	1947955136
826893508900302849	90721862	109195112
826893516076904448	825455151049695232	4113667017
826893520120143872	826108164110159872	889428919
826893547928367104	3041585293	774590687786377217
826893564261040131	31251948	755559471351422977
826893566148476930	26235265	4905399772
826893566496616450	1214735437	527826435
826893601464528896	2881272707	44642644
826893606715793408	69008563	823241616114728960
826893641675370497	3241691037	44642644
826893652249174016	26235265	4905399772
826893656460259330	515490346	141524776
826893657076854789	1016076290	823241616114728960
826893675376603136	108391251	98383010
826893676299292675	3126284500	463421791
826893687653273602	993585120	114273855
826893793995739136	1230551485	39823114
826893797560827904	118410167	715586892314456064
826893797674123265	630071412	630620311
826893798894665730	34857435	343229656
826893799372763138	1571781206	3119391910
826893801520250889	42489781	262493461
826893805664206849	818419564195278848	773145534928449536
826893984471605249	357430585	2170209896
826894008140124161	414710116	331354249
826894010165886976	357430585	2375942385
826894014687371264	18429232	564446769
826894033146384384	45075214	145551161
826894041132441602	16973333	816439927240003585
826894043229646849	90721862	146341284
826894047373619201	71370894	281983112
826894054298357761	727438478116569089	44642644
826894066008936448	994741592	268311483
826894070928793600	993585120	775461312642056192
826894105028521988	69008563	823241616114728960
826894125739945985	244661346	2834234241
826894134539608065	204904456	80324287
826894168865775616	204904456	739209542
826894169197129728	26235265	552034501
826894177149411328	63789273	4723615230
826894300986351619	23019351	35119729
826894301783216128	152927998	201031423
826894301955231747	794958194556698625	817454211650744320
826894306841595905	23019351	133575389
826894307994923008	798217766	2658589261
826894308045373441	1000760479	1322717394
826894311891533825	23019351	247114045
826894314026450944	23019351	799995726977712128
826894316094238721	2573461556	52159318
826894316836630528	790546093	711919143302336512
826894477272956928	1477389655	163587693
826894509652967425	18492970	785463418165850112
826894522974093312	236636515	707321151974821888
826894529336901635	90721862	18137826
826894545950482433	236636515	112255125
826894547259183107	236636515	451199926
826894557757444096	8225692	240757775
826894560202784768	236636515	2350883005
826894560659914753	754034601123844096	2914776178
826894603592810496	204904456	415731098
826894604439990272	21833728	263940105
826894608240091136	69008563	350201919
826894615299108865	112764971	3105959699
826894690020532224	63789273	2294305021
826894698392453123	69008563	258878667
826894816655065088	252855413	99902772
826894818408353792	622002164	69750965
826894818420912128	2218653746	3371100969
826894820060782592	23019351	4615281689
826894823877701637	2218653746	3711631659
826894825131749377	23019351	325790165
826894827006652417	633226573	2898721314
826894829594501120	1304123726	28411633
826894829703540737	2485811094	753257634
826894831121268736	1257705380	2215703571
826894983336587264	382275399	821930514764283904
826895031118204928	21332537	2606468749
826895032561053696	90721862	420670878
826895054161735682	90721862	717600301679816709
826895064886566914	236636515	133857619
826895073136766977	408512544	1089925652
826895075930230785	501631797	323729282
826895078564077568	54103935	97283950
826895080644542465	126966274	628781136
826895101188308993	69008563	296995007
826895114899488768	69008563	1642792094
826895118745628672	11912362	3075788865
826895127922745345	994741592	192290250
826895138060374018	69008563	788502465922605056
826895149821206528	26235265	108256073
826895157526147074	994741592	932617242
826895169941360640	994741592	714074925187862529
826895185007112192	26235265	822221958
826895205810966536	36339032	255425177
826895335716950016	127609166	156069766
826895335775666177	292116015	26985795
826895338040614912	23019351	588682858
826895339688898560	42489781	27652718
826895341769273344	2897208949	2246365945
826895522481000449	111838929	1479284827
826895527761604608	236636515	141028995
826895532622827522	4914384040	853827602
826895536229908480	65698096	16543736
826895545645948928	146765658	2221258590
826895548615634948	16033	499008398
826895552742842371	408512544	351701521
826895554852581380	90721862	2532997002
826895562968547329	69008563	323385341
826895566504394752	69008563	420828757
826895569889218560	1167164876	575725973
826895578047082498	784575327532093445	471255656
826895588100816897	414710116	122116920
826895597244383236	543250507	543250507
826895604160790534	285215642	322757248
826895661304049664	69008563	199214432
826895678701973504	994741592	254973628
826895687795298306	2151319616	714074925187862529
826895689942700032	2835312057	4713814275
826895846201450496	787052826702864384	369900660
826895848814448640	787052826702864384	2447341296
826895849993158656	23019351	3319134495
826895850253201409	1358218832	1197818064
826895852119719937	787052826702864384	494257164
826896001025896448	34713362	723181438045016064
826896013000482817	236636515	105950224
826896034794188802	18429232	993303025
826896046529851392	224221596	4867789041
826896062715723777	465973	14736261
826896074493267970	215207998	2980625739
826896088644853761	72334248	192054176
826896089139781633	62512123	703582245
826896090251329538	739895436043898881	2437038763
826896118332088322	978482611	747292912870842368
826896131493871620	26235265	2765956824
826896145192460290	270824388	44642644
826896158840745984	69008563	67750531
826896160698822656	180571379	252781557
826896161323655168	69008563	559614436
826896168059858948	69008563	424004114
826896186003095554	69008563	1355405538
826896194689519616	26235265	424004114
826896197608730624	132944001	44642644
826896225521790976	26235265	280185272
826896234891923458	759086715185328128	44642644
826896352990871552	1358218832	856657446
826896353070608384	174664284	2358241848
826896354609856512	812542670	2444871082
826896356031811584	2310513850	972709394
826896356442796033	2998679157	744067789388922880
826896356694429700	33083896	52415213
826896358003134464	3232036688	2506100778
826896358493868033	14260960	789871133029986305
826896362553876480	23019351	497290813
826896529931771906	775875680	2468357240
826896571438477313	138889809	402744581
826896573229568000	501631797	153410533
826896590208122881	3518486666	484076890
826896599418859520	281519962	2776064261
826896599934590976	1092651133	2974178248
826896601486598146	281519962	815953820907958272
826896606779867140	109556877	4454214869
826896607543177217	408512544	120323063
826896663595847680	1403478103	976622126
826896707845779460	237477771	19528406
826896730172043264	69008563	711534771919265792
826896861470539776	1424866308	2943429434
826896862238081026	3662599472	3906189866
826896864960212992	36131356	2244009603
826896865287364609	23019351	39151496
826896867741016065	23019351	1715730235
826896880483319808	717370826404859904	3397527987
826897052420468737	90721862	24511488
826897054001618944	22891564	59897849
826897063828938756	22891564	19887562
826897079385595908	22891564	19098310
826897095386755072	16033	160481097
826897101024063489	4914384040	636581546
826897101942460416	28747261	250143610
826897107214741505	224221596	737068701342564352
826897119265116160	59482886	30404396
826897198151524354	69008563	196768614
826897238479732736	623995796	711648129
826897370138951682	1358218832	741072630
826897370654834689	14260960	426559655
826897372265472001	23019351	1408889642
826897373733519360	747963254668992512	718469733691949056
826897374043787264	826842359895834624	2389580156
826897376216567810	2727485291	3373960636
826897376447234049	3125619891	3146096746
826897382495367169	798217766	1869306020
826897593905053696	17494010	2511162391
826897599466725377	22891564	114877051
826897608966799366	18337283	24684487
826897612938817536	299693451	806676332314787840
826897615266656256	52573702	16405699
826897623080636416	3284256056	766382255145189377
826897629439201280	8841372	2166195704
826897634946347010	4580583027	709864286936403970
826897652818276352	21046818	333146611
826897653443198976	520273911	1967512956
826897655561334788	38381308	1638523860
826897701723836417	71370894	4552159637
826897736909914113	1016076290	1077356630
826897742245019653	1334563394	2373764383
826897755163406336	63789273	875170392
826897881529458688	292116015	1586525971
826897883555303425	154658686	718408297251004417
826897887346974721	4898593671	2959974577
826897889997762566	712897952	465668528
826897890811469824	154658686	1894794834
826897891826475008	2998679157	14707148
826898080888938496	17816420	22509548
826898092037439488	14677919	15137359
826898105375268864	2980103661	144365572
826898129354108928	14677919	2301925466
826898131241541632	778308007272808448	488166984
826898137910501376	14677919	14947925
826898162233270273	69008563	18081487
826898196555132928	117278313	1125165553
826898204545265664	221952464	2486845405
826898208727166976	73871975	246742015
826898216398499842	17816420	4883584173
826898226301325312	292383343	711648129
826898247289552897	69008563	337293652
826898271192899585	204904456	29171042
826898397730848772	292116015	1387643983
826898398091628544	2485811094	52398471
826898398775300096	3846407925	33325271
826898400335507456	95287028	2439253129
826898401598066696	23019351	510822122
826898403242176513	130231931	60439287
826898450893635584	17816420	246849236
826898474486489088	290484982	2414638051
826898526378541056	17816420	1260260022
826898567558074368	808380919824470017	263940105
826898608888897536	22891564	17653405
826898609849397248	14677919	20510997
826898611845873665	14677919	208198379
826898621874442240	1184034673	253756334
826898633110876161	22891564	746122929612689408
826898642669805572	274891222	358881520
826898647535198208	14677919	824266363397173249
826898650957635584	215207998	2359826782
826898653847511040	209693451	450138864
826898723733110784	26235265	3050981220
826898747724541952	69008563	313580907
826898750668947456	808380919824470017	17243703
826898905317142528	16349648	2228060470
826898905589755905	1918453633	619168657
826898909872144384	130231931	383868460
826898986908790784	1433390191	2414638051
826899107415543811	22891564	20866327
826899107449040897	22891564	220743536
826899131314556928	22891564	2207733494
826899134024122370	14677919	394511796
826899150209953792	22891564	177415385
826899153217204224	14677919	19084279
826899153561251846	2792501806	3669655997
826899154601443328	22891564	865191301
826899170699132931	69008563	2492906047
826899179943378944	350854703	98173967
826899181759557632	1961047861	594876341
826899201971908612	53047484	54626207
826899411137679360	2485811094	2401830277
826899411884187653	445153884	2364716328
826899413100613633	23019351	3167252002
826899413469712385	23019351	244527550
826899414656630785	130231931	474425110
826899415558475777	1855144231	750345860857331713
826899422852370434	2485811094	2401830277
826899544793300992	17816420	327035063
826899610815778816	22891564	44714333
826899617895821312	22891564	43070041
826899621012180995	293839843	3318363842
826899629321109505	16033	22574003
826899629434347521	1091950729	1145225294
826899631149875202	14677919	158424391
826899632840175618	236636515	711197604
826899635079933953	22891564	15193037
826899637860761600	22891564	44471145
826899651450253312	145437705	88866305
826899651701907461	16033	71511635
826899653690015744	22891564	160164598
826899668302983168	327504937	752204541010083844
826899705762349056	292584858	777895256255766528
826899713878347777	69008563	3410644450
826899723109941252	3086879649	358182039
826899732752695296	3086879649	358182039
826899758073667584	172774067	3410644450
826899771491282944	994741592	423734990
826899792500551680	994741592	1587198728
826899804924030976	69008563	3410644450
826899928605667328	456514917	510593093
826899929293545472	3127925543	813899750755991553
826899929859776512	23019351	2751190707
826899931893997568	712897952	2350580873
826899934658048001	314685321	404659767
826899935253626882	3380753513	3377922549
826899936977547264	2485811094	1143294043
826900085468442625	14677919	2687710136
826900095249563652	14677919	125428078
826900104309256192	14677919	44257457
826900109866696705	22891564	193841595
826900144817836033	357430585	143342768
826900151058915328	215207998	8627002
826900155932762113	22891564	3219194489
826900169316769793	22891564	28104354
826900170004639746	431360106	168279293
826900221179224064	71048726	469304177
826900225679818756	69008563	334892001
826900259989254145	26235265	22949320
826900268281425921	26235265	825118968071454720
826900268461666304	16735672	469304177
826900293648523264	735603587334688769	44642644
826900431221633024	284559613	121630929
826900434153590789	14260960	102235223
826900434262622208	23019351	122754177
826900434744963074	2485811094	2401830277
826900436770762752	292116015	23614035
826900439622905857	826107773201035264	351672521
826900643650613249	5988062	373814305
826900644095152128	22891564	117316720
826900647031214080	142375993	1863517256
826900649434632194	3284256056	260826738
826900654098636801	274891222	558294779
826900657894486017	2286875089	1870463395
826900664261423106	22891564	2866046769
826900666652225536	22891564	19317636
826900671937052673	14677919	229588819
826900672314474496	801389627882041345	55823117
826900688705761280	72334248	618528248
826900693688651777	14677919	3017571
826900699350982656	509781835	2691503271
826900700563177472	9633802	207549357
826900707244642304	706093588002828288	2587103835
826900734558007300	1143472657	1285301984
826900737456238592	2151319616	2299439066
826900763658092545	2835312057	4713814275
826900822395084801	1972207232	1903882202
826900948735795200	199549255	199549255
826900948836552705	23019351	786637871516098560
826900951973912576	23019351	25765675
826900952745705472	540408248	739911071910203392
826900954222100480	3127925543	743142180189933568
826900954486337542	311581572	2353188434
826900954821849088	2998679157	387119782
826900956461821957	3127925543	37746284
826901132148633607	382275399	477227478
826901160279867392	131497030	25153444
826901164142821377	22891564	102789756
826901165568712704	15323007	530942515
826901171054923776	503371730	144395677
826901178734747653	14677919	548946086
826901180383109122	274891222	3074371177
826901184241885185	8225692	800979335079464960
826901191103803392	15484198	716618566368366592
826901228701437952	5988062	50271236
826901235332681730	3086879649	3086879649
826901242421116928	994741592	1638091482
826901258212499457	63789273	2903556020
826901282950676480	994741592	1638091482
826901305352388609	3697805909	208125908
826901325627682817	69008563	701847203715948549
826901331436851201	1852643749	2772724041
826901375007199234	114782468	210013483
826901457895038976	23019351	603161096
826901460243927040	4843105649	3015318377
826901462173249536	1358218832	701874243211042818
826901462743662594	787052826702864384	4884086092
826901462869504000	3380753513	261494632
826901463859240961	922375681	575300668
826901467156062209	2727485291	2419197439
826901469328732164	42489781	343041623
826901661977239552	14404725	4740101911
826901678758752261	501631797	887457133
826901686908133376	29951362	815521862914490370
826901691006087168	14677919	796034457266515969
826901694260711425	143094665	565253754
826901706785054720	22891564	703680686872367105
826901714309623815	5988062	4521330855
826901723327381505	158314798	227039846
826901723994320896	14677919	402178618
826901729149059072	352637900	2796032607
826901757854900224	69008563	376775464
826901784299917312	4885264774	1105680877
826901788259332096	2942409881	513307078
826901962591444993	303517170	1295831515
826901963614863361	780213271953629185	4593354743
826901965925969925	411626852	3419970249
826901966928351233	718781837095616513	3296870990
826901975186956288	16048796	41110071
826902202031697920	501241173	858994734
826902203776565248	22891564	2228647020
826902207903600640	826884973428875264	826887871436951552
826902209136881664	52573702	1053690662
826902211250814980	414710116	1098350760
826902244348067841	61775966	22226612
826902244394164225	69008563	1641232309
826902270579240962	26235265	344671373
826902274848989185	851057676	519402332
826902292020473857	69008563	22949320
826902292444090368	851057676	519402332
826902311385628674	3039742387	1638091482
826902320738742273	4137746057	742572818
826902344075997185	26235265	543621394
826902352959569921	28297965	2810152804
826902480986394624	2998679157	3171762302
826902482945241088	555230312	2421328632
826902483200937984	13461662	267896312
826902483880570881	416071566	2309187390
826902485281435648	935792930	1003273862
826902485394714624	2485811094	413073110
826902492189487104	1358218832	287189620
826902492709523462	23019351	250223218
826902493061849088	3392004622	16712738
826902687115509761	90721862	20406676
826902687887142913	22891564	1672748778
826902707546030080	22891564	504866726
826902708217012224	215207998	45253942
826902711908057090	9633802	305971252
826902722402095104	90721862	21209519
826902723740184577	22891564	97392632
826902727473057793	22891564	1051542656
826902729297629184	849733495	33514253
826902751561007108	69008563	1595629051
826902816375656450	69008563	270344939
826902818346958848	2478036894	160571914
826902835174445057	3543828192	1938091524
826902837447766016	1016076290	2338714719
826902843906981891	69008563	3412459485
826902853574938625	247252843	75507235
826902870280851457	465079826	786281519102955520
826902875989213184	162984436	196113153
826902996265103360	296517315	229676721
826902997015863299	1358218832	167238029
826902998735478784	718781837095616513	818212534398451717
826902998794186752	2285385102	2972102867
826903000476217344	71579514	599498677
826903001772208129	2165188574	956377825
826903002552401922	2485811094	2330134451
826903003777097728	1358218832	1325440765
826903005484216321	23019351	2566007239
826903162116308992	2769391547	821626892113551360
826903176855027713	3004747605	1212259669
826903180424441857	501631797	193744430
826903180814512130	69008563	1595629051
826903189987356673	17261311	20832113
826903217145577473	707512656	257586266
826903228675616769	22891564	1493608424
826903229107695616	36339032	2183420393
826903250993573888	97513349	1631381076
826903253858283520	165965414	2535565056
826903258601885696	15323007	134343411
826903284535459840	575725973	258208740
826903309768343553	2780272562	276846891
826903310435233792	69008563	806638829931266049
826903377049165825	261593150	282681674
826903508284821508	1358218832	1634050932
826903509513666562	3380753513	817256103381594112
826903509941510148	150292303	3140131661
826903511061377024	1257705380	2265875977
826903511111761920	23019351	288549122
826903511787003905	3040331114	234136859
826903515272507392	2450521057	764174618152214528
826903673578024961	14677919	24245180
826903679190106113	707512656	2825193461
826903693651898368	22891564	393219531
826903695745024001	17537467	2548302277
826903704855052289	14677919	784404098858774528
826903705731624962	622082899	1830162187
826903709770772480	17261311	145294175
826903715772788737	707512656	87100108
826903717156896768	624815317	1427812849
826903731581153280	22891564	753261688791699456
826903734689136640	4914384040	202440433
826903752187670529	52573702	352561615
826903777810739201	114782468	787321544
826903798107009024	368276033	800110036550696960
826903806667583489	2316383071	796597989104111617
826903807506411521	994741592	711482072
826903868189634560	2780272562	789667148201234433
826903872165801986	2780272562	603832347
826903894403919873	68653118	1216971829
826904018429546497	1873430408	781949041382797312
826904026520354817	23019351	4684948393
826904026562314240	16931273	21429720
826904178794622977	515490346	126875729
826904237787320320	826860869854384131	826887871436951552
826904240878673921	707512656	384074196
826904248663339011	126966274	225542055
826904262584119296	707512656	1412141023
826904267944521728	8225692	2949690148
826904270108819456	386213011	215797227
826904272323358720	408512544	260877837
826904273288036353	386213011	1542153842
826904276513542145	22891564	30275326
826904394704756738	5988062	571786995
826904519837523968	589615150	4749809660
826904521561534464	23019351	2649343146
826904522165477376	3518486666	4388881763
826904528171577344	23019351	1616448332
826904530503741440	37952914	147646603
826904533242671105	14260960	96146998
826904700603789315	21003892	19208825
826904720044355584	88732560	452467543
826904729447837696	707512656	824685699601293312
826904730131693569	386213011	37501003
826904730282688512	16508538	493571196
826904743121395717	754034601123844096	825290342891151360
826904768727511040	90721862	205407901
826904769755303936	62371065	441302025
826904772456308736	386213011	72233184
826904775199334401	503371730	127086986
826904781297954817	69008563	2779440939
826904785064452097	14677919	3581225297
826904789564825602	707512656	767
826904790835851265	215207998	24210603
826904791028756480	217079025	749911693346611200
826904815359950850	127539143	4885733703
826904831751286785	730066875737092096	4583434521
826904836427878400	26235265	816636078664847360
826904849858035712	69008563	499647445
826904904367276036	1017412344	522142129
826905042049495042	1257705380	3383938301
826905042326274049	718781837095616513	826173754682142720
826905042363899904	718781837095616513	822539891246501888
826905042573787140	2485811094	1549079918
826905043404197894	2310513850	227418254
826905047896358912	14229903	986964566
826905049301471232	1358218832	812345525244751872
826905214615687168	114782468	18161631
826905254742470656	22891564	52885623
826905258043510785	236636515	4219316293
826905269787623425	769321132755419136	166925953
826905277161152513	6392972	71978120
826905284576698369	126966274	703238069126897665
826905295125377025	152358615	214322380
826905302180175872	707512656	6077902
826905328902082561	19770046	29171042
826905329065721860	29648382	2556500232
826905349915553792	170092065	255494762
826905369595232256	422531557	964196570
826905380248752128	210637602	2999161894
826905396363325444	69008563	2298113365
826905398649221125	1852643749	525723625
826905418647547905	105746759	95814641
826905552479477761	61675887	24968293
826905552718540806	23019351	295479777
826905554169782273	718781837095616513	4926537469
826905554807189504	13461662	51310257
826905633655906305	71048726	3875271492
826905640018771968	31148593	340469710
826905754187751425	112705099	477036955
826905773305368577	714573979	1446373093
826905774416859137	3345807293	825776286953910272
826905777071853568	772572134912778240	2925517507
826905777260593152	14677919	303540437
826905779617800193	18649764	251009806
826905788065185792	21002587	119729008
826905793697976320	393031294	2987907513
826905794293723136	9633802	132762213
826905802426445825	69008563	220174951
826905811997822976	754034601123844096	815976243401265154
826905812807335937	22891564	17959651
826905871569604608	994741592	741904474994839552
826905911008575489	863763714	622691017
826905921246883841	5988062	2187370982
826905944470614016	174886259	545905869
826906054071984128	13461662	437206713
826906055108071424	23019351	2290139576
826906057947672576	23019351	499224172
826906058610315265	797606234920775680	850205106
826906059608555520	447623761	797420693872906240
826906060761989120	122711186	856335222
826906063135989760	11993622	1963672550
826906067061833728	2998679157	314117639
826906068081057792	50666280	436886909
826906237279358976	97513349	726906740718112769
826906246938779648	22891564	1426761434
826906275455787008	6525302	75508681
826906282997248000	22891564	3063756425
826906307244331008	236636515	274856039
826906316211838976	6525302	75508681
826906324332056576	22891564	17515327
826906325426647040	22891564	7779712
826906339825827840	179743523	171297974
826906354585591808	781328156905107456	3410644450
826906354954539008	807130298970349568	23695659
826906390232956929	1656851322	3386590066
826906391545774081	535907785	535907785
826906414987739138	2411563392	709391496605204480
826906421463805952	90636188	955414892
826906567236788225	174074973	906136057
826906568859979776	23019351	2832373405
826906569036144646	14260960	2591946860
826906569145135104	4120096094	758533508386160640
826906577026297857	23019351	716397517
826906746530705408	111838929	185736156
826906752268374016	15292041	19880887
826906752822153223	741729797374627840	546037660
826906763257638914	236636515	3863882114
826906768651456512	22891564	16330438
826906774062116865	10012122	822564266674950144
826906781578260481	24545077	139797812
826906783440584709	2756240359	4765867515
826906799273971713	2314574838	257028825
826906817041137667	945365246	440801421
826906844597727235	26235265	187244104
826906854441832450	18695891	22509548
826906860158644224	3697805909	1263174968
826906942123733001	767056421301194752	718700271673729024
826906965473378304	28297965	61775666
826906966362640386	69008563	824557676466212865
826907077956292616	66879211	777307834312601600
826907079113842694	35510719	701463522
826907080846094338	3846407925	1122991046
826907085950558212	2512958136	2827625651
826907091323478017	1345702333	86252342
826907091369500673	23019351	603686741
826907091935825920	23019351	2980578863
826907091994542084	1068558745	277429530
826907094498545664	2965524473	2438764580
826907276627832833	707512656	28103315
826907277676404738	386213011	208330966
826907298614431745	22891564	817845622975905792
826907305513979905	69008563	153436574
826907312082272258	22891564	21295889
826907312279347200	16973333	29402477
826907329362796545	4154113332	2548302277
826907341194924044	5746452	557756025
826907350397222919	17816420	885740868
826907415459274755	1167164876	4535805441
826907440407003138	154918517	283602716
826907468370477058	69008563	824557676466212865
826907476784144386	69008563	23556946
826907581843017728	64667711	356714344
826907588822446081	55109126	755243657515573248
826907594979758088	23019351	171231467
826907603125014531	2485811094	4644269833
826907604052013058	2998679157	3294463893
826907607763873792	64667711	356714344
826907624784355328	18695891	1191578767
826907646577999875	205789121	18209387
826907746175971333	285215642	1320271
826907753214013448	408512544	1548775099
826907756489748480	386213011	106788885
826907810667433984	505070155	133816670
826907815771910145	503371730	3589981
826907830716342272	15292041	92383846
826907837360123909	386213011	3559335676
826907851260047361	18695891	47067837
826907851826266113	215207998	3777327515
826907884378222592	18695891	65989318
826907895530938368	69008563	2978935012
826907904385150978	4185925949	4535805441
826907907560087553	3056283886	717740241419968512
826907908558446593	4185925949	3127682399
826907922110091264	102620524	2878685252
826907957887643652	69008563	778638578679242753
826907959427026944	1143472657	425743064
826908013785075712	18695891	50271236
826908100892430341	23019351	2874771588
826908105359425541	50666280	19888843
826908110040289282	3846407925	387175246
826908111155892230	1257705380	2576102318
826908116507844611	2485811094	594331958
826908117166411776	2450521057	713416438825033733
826908292345630726	2480601578	1407202448
826908295671709698	90721862	119446521
826908317880565761	408512544	421536777
826908330773839875	707512656	222254023
826908340441718785	403891141	371270117
826908357554495488	14677919	544352838
826908359454552069	569446928	1122731406
826908366781947908	274891222	224651523
826908486957146113	368276033	399267264
826908304383176704	18695891	45151571
826908405352824835	781215817430077440	3386236990
826908410495000577	28297965	371934752
826908481156374528	3227955138	2264274500
826908503532900352	64667711	2595969132
826908552577040386	114782468	39483850
826908610840117258	1868750744	794159802129719297
826908612379426821	23019351	172941391
826908613214093313	798217766	936297150
826908621313294342	1345702333	317101926
826908712317054977	71048726	800742872605569024
826908827291381761	707512656	384781169
826908830969774083	75647613	198552676
826908835470249984	23433605	2340935540
826908843716255745	707512656	774194262
826908844425093123	14333756	1460872387
826908853367304193	236636515	39495419
826908925173911555	53047484	371934752
826908978554748933	162071541	251036372
826908983680200707	46266837	2981896193
826908983831171080	5988062	821863508543471616
826909006849523718	69008563	386623854
826909132007600131	1358218832	3434250393
826909136625528838	1358218832	726441000634355712
826909148742823936	18695891	41587198
826909268305522688	15484198	36082598
826909302510153728	114865774	4775219472
826909305882365954	114865774	231258210
826909306582872065	19086456	400238108
826909307790774273	114865774	1350410628
826909316577914886	86597828	124906063
826909323154563072	962012749	166623423
826909363688333319	80612078	1352562445
826909418294018051	261395720	419004430
826909425478823937	200374794	350078713
826909469615366146	69008563	2390590309
826909492692414464	158314798	132740165
826909499793346560	69008563	2390590309
826909519712227331	89225719	2844765306
826909616579620866	359215276	3841271
826909636481662982	2369122285	791252990703173633
826909636498427910	36131356	1226037126
826909641753796608	2485811094	28849729
826909653162401797	2186005412	751795128033873920
826909715237974016	2718966758	3841271
826909753032925184	808380919824470017	3841271
826909760012353539	41548318	42481040
826909772955807744	197495530	3841271
826909800734658562	43855487	3841271
826909814748041219	26235265	2153116254
826909828786356233	83683864	1064391404
826909843260899332	39084116	1045035546
826909853444608004	1116416330	773614673711210497
826909855285813248	517163587	3841271
826909858142240770	4583434521	4583434521
826909876869853188	707512656	3140826067
826909888886480897	4332360875	2149743192
826909928262479872	1552554210	3665636592
826909997518962690	88732560	289103761
826910035892588545	4137746057	2390590309
826910152318152709	23019351	914353748
826910160056643588	23019351	405949110
826910164930457604	205789121	2273391506
826910165144371213	55159261	3296484613
826910165177876480	787052826702864384	99608225
826910165379194887	23019351	368695968
826910165530210307	38021047	2902711959
826910334971682820	3971683053	793568953
826910345046274048	4154113332	2499454805
826910361081278471	21046818	535128829
826910378336481280	19086456	13404292
826910378797981697	14677919	153858838
826910393570320392	4914384040	26590267
826910397068410884	1544115248	14213442
826910405717065732	707512656	1925431356
826910406266466311	90721862	2163252930
826910415229693962	825432416022061061	772983265980362752
826910419449212937	1544115248	14213442
826910419814019072	707512656	797570046939824128
826910482711867395	59760449	524855882
826910487270944768	28297965	2390590309
826910658113523713	39440306	51447439
826910665625444354	3316402210	805313477581688832
826910673011634180	3380753513	172479009
826910676639682561	3316402210	805313477581688832
826910757774241793	824019030902063105	3841271
826910868755607556	10012122	75459045
826910868780654593	10012122	1499466440
826910882449997827	22891564	2386046539
826910888905027588	106748209	365135701
826910908643364865	10012122	1539931500
826910911524777984	14677919	3537618734
826910915618496512	37881687	516168981
826910921536716806	275013329	99532337
826910925752000518	111838929	238655692
826910930365603842	16589206	483428711
826910954252181504	63789273	2609503159
826910985038467075	301678233	813860045087797248
826910987429224449	101799611	724270615922905088
826911011605184514	775319346847580160	535907785
826911055637016582	775794614963961856	735929113832247296
826911058392670212	148690232	903345019
826911063178432517	16332758	11753302
826911177770823681	1345702333	36900826
826911179624808451	23019351	298060045
826911181839409156	150292303	245860140
826911182443442177	513380291	2273461987
826911182950899712	3130840024	154604640
826911184830001156	803807637041217536	283556283
826911415927701506	17485551	1095472406
826911420830867459	115979444	1551532544
826911431228522501	405030961	398210897
826911434911002624	3258370664	1147499221
826911438144811009	22891564	364563540
826911440128901121	14401607	2639784540
826911440871239685	707512656	788159885284442113
826911441433288706	17485551	408113272
826911498014298113	726840457	825820844886781952
826911517979271172	540182081	825820844886781952
826911676339539976	825539771246211072	742070631794020352
826911682395938816	3836008983	3276956724
826911683687829504	411626852	51967388
826911690755280900	4726817106	2213888119
826911906304753666	2213183664	297662557
826911934993858564	3293406121	326868763
826911938244390912	501631797	296265009
826911939167133696	1184034673	569560077
826911952211496964	816301276661161988	762341258689966080
826911952488194049	49311606	39486723
826911953423593473	826140801096888320	142843687
826911999053398023	69008563	749666262075121664
826912005508497412	15007299	104357811
826912020603760643	422531557	782617767052660738
826912027004305412	1176640496	2725127829
826912042225315840	814771443925913602	825820844886781952
826912067181486085	3426739887	557079326
826912180507406339	802169519531692038	802169519531692038
826912198165426184	31548007	19315409
826912200564625418	707750342134505472	19315409
826912201260822530	4900326317	534915645
826912201856471042	1257705380	394209400
826912202871406596	23019351	321387137
826912209762713605	1165276880	1022921984
826912285746552833	1259574180	817868348671332352
826912386074476546	215207998	59581076
826912394467225601	90721862	138409823
826912423839985667	13393052	707962758
826912424976474112	152358615	211402387
826912425156952067	10012122	89829225
826912438461267970	22891564	540872636
826912441548361739	1014922465	1202949210
826912449131593734	152358615	155719828
826912458069643264	2457869153	2923330908
826912469176164358	2457869153	768441346017361920
826912490076377092	994741592	326689983
826912492827844612	3697805909	324945774
826912500356624384	56661594	1577963360
826912515602800640	816890134901571585	1090965986
826912522569674757	4077047183	38855581
826912576449703938	994741592	4704944060
826912711263080451	23019351	241206104
826912711812472834	394849483	248469693
826912716191367176	1918453633	2251739122
826912717294419970	2883132358	1938416120
826912717332176901	130231931	880681800
826912718795980801	620700546	276681940
826912719815208967	23019351	2675050550
826912720045932544	15114201	17937654
826912800735760384	6525302	431643258
826912877101477888	6525302	431643258
826912896798056449	2209742392	21983527
826912901164318722	18429232	124729329
826912908051353610	2209742392	1599485347
826912928733462529	2209742392	2411178992
826912929924673543	2786333279	361048284
826912934236295168	2209742392	18203768
826912946383093767	15972264	2928856162
826912949155536899	15164565	1532683722
826913013710065670	739716378970718209	4583434521
826913017476632578	1143472657	2903019130
826913030604746760	3685041917	48973196
826913041799376900	2457869153	533737765
826913041832931337	586469359	4910959426
826913068621901824	2457869153	2359862569
826913095834546186	1120381056	3221747782
826913102700609536	28297965	44477784
826913217368752136	505997261	914883042
826913218106900484	2310513850	400112191
826913219088314372	50666280	159236242
826913221818867714	1358218832	1024705146
826913347375419397	53979469	3006745755
826913427293601799	80712328	761334042109280256
826913435577262080	16033	39233048
826913435787067394	142375993	1691685290
826913487699980289	41139989	87936109
826913499490156547	15007299	322317224
826913508168171520	4185925949	257941559
826913509384519680	53047484	135461620
826913523997429761	4137746057	797282029058408448
826913534546235400	739716378970718209	4583434521
826913587201466376	2457869153	2367422558
826913740096434176	1467457609	2380117291
826913740561973254	2329397376	3023627128
826913840944336897	802169519531692038	782452259049308160
826913905150717953	18429232	70361486
826913905305907204	17311373	26868516
826913931226710019	557334459	39610910
826913938839314433	380971294	767090255283511296
826913943595606018	503371730	62221897
826913949476065281	2209742392	53551409
826913950528847877	298625735	114533091
826913962725761024	90721862	12863912
826913971194130432	80330381	731407442710384644
826913974205702144	252134272	356542238
826913977984831490	19086456	5443522
826914003779801094	245687754	419782079
826914034507247617	1680109357	129167019
826914080958996481	2842483768	3033661949
826914083811291138	4185925949	978482611
826914096515670016	2842483768	3035477645
826914250438352903	23019351	919947288
826914253147873286	23019351	393454987
826914445880225792	3685041917	3065894465
826914468290580481	1396698397	2582401677
826914469381079044	1396698397	3630683543
826914471121711110	114834301	166744340
826914479652929537	82887788	470289429
826914481766879233	1396698397	188107671
826914484329598977	1396698397	727656310481752064
826914485550002176	1396698397	357318897
826914487148109825	1396698397	4497747089
826914488431566848	1396698397	3312155667
826914489509543936	1396698397	1115265480
826914491472498692	1396698397	4916721695
826914492747485184	1396698397	606878627
826914495482060800	1396698397	821246543705427969
826914500221816832	1396698397	825170150529835008
826914560598802441	45575696	3466497015
826914588872568841	17816420	744950188557615104
826914618262093826	739716378970718209	4583434521
826914620891918340	170092065	280979490
826914751024357383	454122399	726544945847345153
826914758096015360	2998679157	2763471035
826914759140327425	23019351	2832098995
826914760088248323	2310513850	935682985
826914762877435908	822202268204335105	919909999
826914763254984705	2998679157	331030416
826914809933357058	18695891	4136239156
826914981094449154	1396698397	4094126121
826914982889664513	1396698397	2239920751
826914983330058242	1396698397	4107808600
826914985137827842	80330381	2463693859
826914986731646978	501631797	395611663
826914995300605954	3345807293	708895088416530432
826914999301963784	1396698397	2850535215
826915002917539845	1396698397	752241141777596416
826915006138683393	1367531	436176871
826915008013619206	34080203	88288574
826915008562946053	351065668	332112798
826915019984076801	3518486666	239151769
826915021124993024	1396698397	2325028210
826915021724725252	90721862	67822505
826915040712392706	2572190766	227039846
826915046999470080	981915661	3064594458
826915058831667200	981915661	3064594458
826915070814728192	981915661	3064594458
826915148694687744	463706549	149219050
826915264600092685	150292303	2583216602
826915264902074369	1358218832	3179537237
826915265879367687	190131504	308331515
826915268119109634	78681704	330303747
826915269062848515	23019351	63267248
826915273974366218	2310513850	2168733842
826915275320807430	712793731	2908592650
826915465695997961	788062499950170112	4583434521
826915475741368323	788062499950170112	4583434521
826915476613771267	142375993	715447067
826915477444292611	505070155	523887448
826915485426016256	1396698397	2315944786
826915485509877761	1396698397	3291745846
826915488953425925	1073466799	1577963360
826915492229218308	791983652817215488	4583434521
826915496054386691	1396698397	966392834
826915498054995968	1396698397	3178312889
826915500286435332	2375037612	616266628
826915501347516416	1396698397	3435480864
826915510298112001	90721862	801468882754019328
826915514408693761	707512656	802817871558610944
826915516874907652	414710116	2889375113
826915525045415936	63427641	2464838958
826915531487850499	90721862	472073937
826915531496235008	3971683053	2942340634
826915533354332166	2209742392	31875744
826915599511019520	63789273	834790932
826915610412060680	994741592	398139430
826915628355301379	211333131	978482611
826915642737643522	3426739887	762451689353846785
826915715189919744	205789121	2593238935
826915771502714887	191587706	19250737
826915772316393472	2373035251	2297068956
826915776481333250	22960629	3031580877
826915785679499264	456514917	515899085
826915785914318851	2998679157	3396240251
826915816738140160	205789121	40173650
826915972737036294	15164565	340260971
826915982518022144	14401607	519960552
826915985072459783	1396698397	3236093369
826915989979799554	1396698397	371922923
826915992525680640	1396698397	1732605566
826916000939593729	1396698397	3394347953
826916003342868485	3455796672	464669716
826916003791642634	1396698397	3210457847
826916006954143746	375721095	295806979
826916009349152770	709794145062297600	787733039493283840
826916010141818884	114834301	47505142
826916022456295428	1396698397	3192079420
826916025740488706	772572134912778240	1030440714
826916036679237633	69008563	548475390
826916041938829319	1179591584	775136639647494144
826916046972022789	773671300086829056	4583434521
826916049257975815	772572134912778240	1030440714
826916049782185985	994741592	1690703437
826916081017171968	252515763	482359886
826916113523077126	69008563	2682145508
826916118203740160	270439132	125298002
826916142329454592	2551356324	113783067
826916143067652096	377726970	2827144771
826916287326646274	23019351	361952308
826916293295144960	2485811094	241055925
826916296285626370	2485811094	241055925
826916296633753603	1358218832	2279037407
826916297069969409	462627623	2541929384
826916454926782471	1396698397	2886964041
826916461738340354	1396698397	2164614379
826916484609867784	1396698397	497161265
826916485591343111	90721862	92601782
826916485863976962	19823951	74465421
826916486526693379	32163450	521888649
826916492868345856	707512656	28928861
826916498660786176	236636515	2549040372
826916508622266369	1396698397	2919793187
826916510660718593	2176414895	2731001333
826916549483196417	2176414895	4107998241
826916564267970560	3697805909	95615704
826916609184890882	2253394747	482265006
826916609822486532	160544630	57655639
826916611751809024	44850013	251036372
826916629971927042	706093588002828288	482265006
826916631859179520	978482611	95615704
826916636569399297	978482611	95615704
826916661299064832	54445771	2890450716
826916666634280961	2780272562	536714212
826916674305679364	728913234128949248	893504118
826916677887602692	86740435	123744517
826916677942145028	86740435	758606689
826916679707918336	2364333775	2446934070
826916798239014913	271181053	271181053
826916805100847105	1686505561	436140853
826916805348294657	767517343945662464	826782877660676096
826916807797833728	50666280	473315245
826916809219661833	514849841	1660838376
826916810591236097	2998679157	2947959765
826916957941334017	252515763	106828762
826916978153627654	2209742392	2201687796
826916986189967362	125128723	593845824
826916988177969152	569446928	2311469683
826917020176379910	90721862	3280841408
826917026623057927	18429232	285087089
826917026631393286	3986615122	731025525746073600
826917048878002178	124258769	758368973855547392
826917052401213451	706199418358382592	706199418358382592
826917070616961024	4323401598	3230223468
826917096990859271	3433994398	332128472
826917140347359232	4137746057	1035474319
826917142058643462	244661346	2472072843
826917153207119876	3426739887	630821436
826917304902496256	2310513850	2414562648
826917306051682305	150292303	2314657317
826917308480290819	296517315	98203858
826917309461778436	3312558875	20382491
826917310451613696	158919523	1671951583
826917491746148354	2209742392	773572397320564736
826917492618571777	571104821	21598413
826917493428146177	280799144	100109429
826917499891486722	501631797	254185487
826917505256022019	1396698397	748166847313420288
826917506157719552	22891564	174829211
826917510578524160	21346365	15697067
826917524180725765	114834301	93269002
826917532154081287	1396698397	808450813395955712
826917537921298435	19086456	716258080477077504
826917549736599556	18429232	371192338
826917552383283205	501241173	2264884662
826917597052444672	4144643412	812195798951698432
826917606041014277	4137746057	291241286
826917641809960972	204904456	482359886
826917641990324227	4076658939	4583434521
826917659434434565	2253394747	729737367158960128
826917671220441089	107198918	729737367158960128
826917674898841600	43404799	22631603
826917675494473734	978482611	824041690260508672
826917687305633798	4076658939	4583434521
826917829538611204	4726817106	303540990
826917830469832706	2606627717	1930553299
826917831732248579	747142768095539205	714416120116195328
826917832223051780	1586017398	455417495
826917938007592963	2249359914	252515763
826917942768050185	4076658939	4583434521
826917956768645120	721166994310086656	4583434521
826918033226600448	4076658939	4583434521
826918044077289474	124258769	758196676385464320
826918049546661888	65400307	86549427
826918051270508544	4505763021	15391466
826918052403040259	1630787605	773857912116617216
826918053824884737	217267376	1613466613
826918055632572423	707512656	371602403
826918058212089865	1396698397	812831829636055040
826918062121218051	803782267030163456	18382990
826918066600677381	1396698397	2952174298
826918072456007684	1396698397	93438777
826918085709950982	124258769	758375426955804673
826918123659984897	804410664655683584	2334043427
826918202055806978	4583434521	784700651418845184
826918333769453569	2965524473	2939074024
826918334839021571	3412809651	444741073
826918335292006402	3557582901	823676151424028672
826918338047651842	747228565213691904	3294371522
826918339280773122	23019351	1668026881
826918536211730433	1396698397	802513847848472578
826918539261014016	126966274	86242145
826918550581420036	1396698397	797296206217117696
826918559435595778	3523960827	141160059
826918564091269127	1396698397	4744824970
826918571028656129	1396698397	714200284847804416
826918579824123906	215207998	18220480
826918589315821568	2915443355	4583434521
826918595888291841	124258769	826916833546625029
826918596404199427	1396698397	4563927261
826918597280808962	124258769	826916343094059014
826918600321679365	2915443355	4583434521
826918608085385218	2915443355	4583434521
826918615446216704	69008563	252930638
826918639869767684	811334784425328641	3020415773
826918658161201154	2915443355	4583434521
826918673831063553	2915443355	4583434521
826918682358116355	2915443355	4583434521
826918706546692097	1328837586	144325833
826918843465469954	601192155	722113738879451140
826918843775909891	17883396	1129291369
826918851229208579	2485811094	3151916194
826918852277702656	23019351	359621402
826918855616364544	1446862842	518232721
826919072201838597	24389142	173147531
826919082926673925	1396698397	1460074856
826919084935766018	124258769	760155053349019649
826919085602508800	124258769	758254759191121921
826919086034612229	124258769	826916902626693120
826919090543550466	124258769	758396790857228289
826919091407564800	1396698397	4534287706
826919093269852161	124258769	757137677728833536
826919094138105858	22891564	23934958
826919094666588160	124258769	758310353134579713
826919096721694721	755303756799979520	766443061702430720
826919097556402177	253020963	891730513
826919099854905351	204904456	3086879649
826919113377316869	1161770047	759866757368549376
826919135779094529	1728150757	2560909929
826919198374903813	26235265	259171665
826919200031596544	981915661	374032808
826919208118255616	178742348	246030034
826919214866903043	26235265	2891197923
826919360895778819	706586526	115548864
826919363588608004	2923104542	4892693422
826919363827507200	39440306	228636140
826919364037341190	598559061	3021768846
826919367216660481	601192155	722113738879451140
826919379065511938	759251	2267411377
826919557755453444	382301115	195392935
826919568245391364	1396698397	740619267855536128
826919587694379008	382275399	33908800
826919591498559488	56413858	938730643
826919593809674247	501631797	211887308
826919594157817864	56413858	2875873180
826919599060967426	56413858	701979420526047232
826919601619480581	1396698397	2904435435
826919608263311361	1242511956	2980144355
826919615947210766	90721862	706049323
826919630073638914	26235265	547025971
826919632946749443	2334043427	4583434521
826919675548356613	2334043427	4583434521
826919716509872131	2334043427	4583434521
826919732897075200	2334043427	4583434521
826919746742403078	2334043427	4583434521
826919867072729088	751803117688254464	2792729874
826919868511428612	2998679157	104071147
826919871011233795	3518486666	260634454
826919873183772672	246088563	574287792
826919876484792326	2998679157	369812224
826919877038501899	23019351	102079820
826919877525008385	3141213592	150653567
826920016180236290	6525302	191044306
826920048979755016	1396698397	2322811719
826920051404107779	1199239440	51582261
826920063471144964	145552001	127537805
826920078151188482	56413858	60747339
826920080080568320	56413858	2369654078
826920083968684034	4717892303	699627001708040193
826920111764336640	18337283	594914575
826920117351100417	4137746057	1680789236
826920118047408131	64419705	568509027
826920123483246602	2334043427	4583434521
826920127807512577	1242511956	2948399044
826920129447464965	3293406121	263248117
826920151052328964	379649990	826857240367869952
826920171914854405	2334043427	4583434521
826920196912799744	54764039	2438259672
826920215460012032	63789273	2297363173
826920231666872320	3426739887	815767711020154881
826920239199813637	2334043427	4583434521
826920377301471233	1358218832	2858389934
826920378412986368	1358218832	1555815626
826920387682373635	2998679157	39981396
826920596327919616	1396698397	4771940593
826920598853021708	766807738630275072	3131086019
826920600690044929	143094665	465378442
826920601050873860	111838929	1238764556
826920608525066255	1396698397	1061184578
826920611393843200	239455703	825820844886781952
826920622131388418	3244154598	105882223
826920633346904064	4914384040	803155435
826920635137933313	56413858	246415106
826920643769802752	56413858	709532601032286209
826920645799837701	1396698397	3798671543
826920687520583681	814255836436512768	414183573
826920728716926976	18754172	18754172
826920750196076547	1057545990	553343761
826920755833171969	108925842	3407365573
826920888683655168	789109358709862400	823034562087362564
826920888956239875	2998679157	75416151
826920890831085572	14260960	303105327
826920892341051395	23019351	528975152
826920894463356935	2310513850	386032211
826920900184387586	3518486666	149707496
826920900570255362	300490655	2727077498
826921072373137419	78399051	4840582889
826921077184008201	215207998	229339154
826921083446165505	94712225	472004282
826921085211906049	1396698397	3435199888
826921092581310466	244004636	3244921294
826921093369786368	90721862	5928292
826921097052422144	1544115248	1648678044
826921103486509061	1396698397	288481233
826921125653393415	934296458	2312156917
826921126282530822	56413858	2802980894
826921127897243648	63789273	615415493
826921143898628097	18337283	474564776
826921156380880907	622082899	267452881
826921158134071298	3126284500	2436434355
826921164962406403	717545829251358720	2784368551
826921187263537153	2375037612	246030034
826921198353317895	994741592	994741592
826921227163992066	203138588	320868455
826921238350221323	994741592	994741592
826921385918418950	3135637807	2869468822
826921387298275337	14260960	129274292
826921387466092545	13461662	43702619
826921390666301440	712897952	334410363
826921393468145668	23019351	205546944
826921584229228545	186475007	58670221
826921587160911872	94712225	780739270663294976
826921597030297600	60746072	711653899070021633
826921600415068162	1961043109	29558389
826921600876417025	707512656	221308608
826921604785508358	90721862	135264442
826921607482400768	3293406121	844110060
826921621915049987	56413858	773009801492168704
826921665221238789	114865774	1138223996
826921665816829959	56413858	3222603005
826921669096714240	4154113332	4883298968
826921677548314632	1235396190	2806157428
826921683936120832	54764039	540017389
826921689548103680	981915661	2515069460
826921698431815682	1338986150	4583434521
826921779402854403	724285753937682432	4583434521
826921909774213121	2416444945	3300320035
826921911221362694	3130840024	700138113
826921915914866695	53979469	820419484309684224
826921917240246278	805855366747713536	2971017670
826921920964808712	365158054	33407358
826921921275105282	1211451061	243948547
826921924898926593	2888938796	3099433470
826921927251947521	23019351	1367610638
826921966493855744	18695891	38157834
826922093459755009	707512656	734571818846191616
826922094625751040	56413858	2615947619
826922097062588422	56413858	421771864
826922103169441792	90721862	717741510855249920
826922104780120068	90721862	3694723454
826922111511982080	1242511956	3053511645
826922116326973441	12181	14414803
826922127702032390	244004636	769238743563862016
826922140079423488	3971683053	250331855
826922148212178948	142375993	593330205
826922149994754048	1396698397	763167490956492801
826922155128467456	64667711	2917698055
826922216956841989	132353960	487080864
826922223931908096	994741592	2776086671
826922234367205376	54764039	1369242200
826922244639068160	54764039	1369242200
826922246702825476	422531557	547025971
826922256957833217	706093588002828288	3015028103
826922289715372034	772572134912778240	908688962
826922417670860800	3518486666	2209298587
826922422636916737	2692401614	296997257
826922423421382659	73967864	1296125136
826922425564667916	303517170	4132895849
826922427124940802	3344457623	1419387932
826922427745705984	23019351	483473525
826922432124559361	34079498	824119685109153798
826922622172684291	56413858	4210496961
826922622541787138	22891564	15086177
826922622659264513	45804349	82836976
826922623548456960	94712225	799363263461003264
826922624563359745	244004636	21506324
826922633228931083	2192199577	4540427986
826922638081601536	801763920444727296	2958258414
826922639419637760	72334248	1007403762
826922645388161025	114834301	836820757
826922667873669120	17024837	2383979221
826922667966078976	1327141050	721139038
826922671598284804	18337283	199150646
826922673414533125	1396698397	485881443
826922673720664069	18429232	2286647933
826922677906583555	90721862	295032336
826922706687950852	1327141050	721139038
826922731119665157	780922884139192321	2170200797
826922771074551809	3939837443	2170200797
826922775646343168	63789273	2998328838
826922933230649351	3518486666	715178668595683328
826922933473906699	2965524473	4124291596
826922933561999361	122711186	130625191
826922935474671618	23019351	205062275
826922941216546816	2485811094	51883448
826922948506374152	3729102076	3602054056
826923001866186752	64667711	70898978
826923038394310657	64667711	70898978
826923068853346304	6525302	70898978
826923140471255045	4816230227	791162759228624896
826923141268176896	22536599	743112210747142144
826923148012556296	569446928	733238351684341760
826923151321821184	4154113332	2740963884
826923172595367937	2759301012	467819003
826923174411509763	4319786381	404305941
826923175560802304	90721862	431308512
826923182699462664	64419705	2639281719
826923233622446081	1674596364	2170200797
826923242183028738	1674596364	2170200797
826923251037114371	1674596364	2170200797
826923251456581632	63789273	185206555
826923259262181376	102620524	112898393
826923259346067456	1674596364	2170200797
826923312840376322	69008563	499839148
826923320142553088	519605542	733068348032868352
826923460249186309	865445798	1556155938
826923460840538115	302038490	292075591
826923461457170433	789109358709862400	2383195186
826923462560198658	23019351	78385883
826923655905017861	707512656	729577665871622144
826923680735207424	503371730	118514587
826923687660003328	1396698397	809474843204722688
826923688352161792	802169519531692038	739602239048683520
826923690621284355	4816230227	4793609776
826923695960629248	22891564	1267196917
826923703816581122	274891222	744249474701131777
826923706630930432	15323007	4022158731
826923708958793738	1396698397	2786893363
826923711626412034	293259480	3283783406
826923743616327684	3426739887	752993858552725505
826923761035128832	54764039	1369242200
826923788851744768	63789273	4807466125
826923804303585281	54764039	1369242200
826923816894951424	63789273	727678666558164992
826923824868376577	1540536901	1905994484
826923833055604736	710687568392630272	1125165553
826923835173777409	3633588807	487080864
826923947786661896	3518486666	887998063
826923948818456584	3380753513	4833348329
