0.00304883
0.00304883
2.95574e-12
1.25707e-08
0
1.35396e-18
0
0
0
0.00304885
0.00304885
0.00304885
0.00304885
0
0.00304883
0
0.00304885
0.00304883
0.00304883
0.00304885
9.03824e-11
0.00304885
1.35396e-18
0.00304883
0
0.00304883
0.00304883
5.86141e-08
0
0.00304885
0
0.00304885
0.00304883
0.00304885
0
0.00304885
5.86141e-08
4.16219e-10
0
6.41843e-13
0.00304883
2.95574e-12
0.00304884
0.00304885
2.95574e-12
0
0.00609769
5.86141e-08
4.16219e-10
0.00304885
1.35396e-18
2.95574e-12
0.00304885
2.95574e-12
0
0
5.86141e-08
0.00304884
0
2.95574e-12
0
0.00304885
0.00304885
4.16219e-10
2.95574e-12
0
0
0.00304885
5.86141e-08
1.35396e-18
2.95574e-12
0.00304883
0.00914654
0
0
0.00304883
0
0.00304885
0
0
0
0.00304885
5.86141e-08
0.00304885
9.03824e-11
0
0.00304885
1.4243e-08
0.00304883
0
0.00304884
0
0.00304885
5.86141e-08
7.37908e-17
2.76029e-09
0.00304885
0.00304879
0
1.4243e-08
0.00304885
0
4.5581e-15
5.86141e-08
8.84409e-07
2.95574e-12
2.09898e-14
0
7.37908e-17
0
0.00304883
0.00609769
0.00304885
0.00304883
0.00304885
0
5.86141e-08
0.00304883
0.00304883
2.95574e-12
1.25707e-08
9.03789e-11
2.95574e-12
0.00304885
2.92046e-11
0.00304883
0.00304885
0.00304884
0.00304885
4.16219e-10
0.00304883
0.00304883
1.35396e-18
0.00304884
0
0.00304885
0.00304885
0
0
0.00304885
0.00609769
0.00304883
0
0
0.00304885
0
0.00304885
0.00304885
0.00304885
7.37908e-17
0
2.95574e-12
0.00304885
0.00304885
0.00304885
0.00304885
0.00304885
1.25707e-08
0.00304883
6.41843e-13
0.00304883
0
0
0
0.00914653
5.86141e-08
0
0
0.00914653
2.92046e-11
0.00304885
0.00304885
2.09898e-14
0
4.16219e-10
4.16219e-10
0
0
0
1.35396e-18
0.00304884
0
0.00304885
0.00304883
2.95574e-12
0
4.5581e-15
0.00304885
0.00304885
2.09898e-14
0.00304883
1.35396e-18
0
4.16219e-10
0
0
0.00304885
0.00304885
1.27272e-08
0.00304885
0.00304883
2.95574e-12
0.00304885
0.00304885
2.88933e-08
5.86141e-08
0.00304885
0
0.00304699
2.95574e-12
0.00304885
0
0
2.95574e-12
0.00304885
0
0.00304883
2.95574e-12
0
0.00304883
0
0.00304885
0
0.00304883
0.00304883
0.00304885
0.00304885
0.00304883
1.45706e-12
4.16219e-10
0.00304883
0
0
0.00304885
0.00304883
0
0.00304879
0.00304883
1.4243e-08
0.00304885
0.00304885
0
0
1.35396e-18
0
0
0.00304883
0.00304883
0
2.88933e-08
0.00304885
0
5.86141e-08
0.00304883
0
4.5581e-15
0.00304311
0
0
0.00304885
0.00304699
0.00304883
0.00304883
0.00914653
0.00304883
8.84409e-07
1.45706e-12
0
0.00304883
0.00304885
0
0
0.00304884
0.00304883
0
0.00304885
5.86141e-08
0
2.95574e-12
5.86141e-08
7.37908e-17
0.00304885
0
0.00304883
2.95574e-12
0.00304885
0
0.00304885
5.86141e-08
0
0
0
0
0.00304885
0
2.95574e-12
0.00304885
8.84409e-07
0
0
0
0
0
9.03789e-11
1.35396e-18
0.00304883
2.95574e-12
0.00304885
0
0.00304885
0
0.00304883
0
0
0.00304885
5.86141e-08
2.95574e-12
2.95574e-12
0
5.86141e-08
0.00304884
0.00304883
0.00304885
0
0.00304883
0
0
0
9.03824e-11
2.09898e-14
4.16219e-10
0.00609769
0
0
0.00304883
0.00304883
0
0.00304884
0.00304883
0.00304883
2.09898e-14
0
0
0
0
0
0.00304885
0
9.03789e-11
0
0
0
0.00304885
2.95574e-12
0
0
0
2.95574e-12
0
0.00304885
0
0
0.00304885
0.00304883
0.00304883
0
2.92046e-11
0
2.88933e-08
2.95574e-12
0
4.16219e-10
0.00304883
0.00304885
0
0
2.95574e-12
0
2.95574e-12
0.00304885
0.00304885
0.00304885
0
0.00304883
0
0.00304883
0.00304885
0
0
0
4.16219e-10
2.95574e-12
2.95574e-12
0.00304885
0.00304883
0.00304885
0
0
5.86141e-08
4.16219e-10
0
0.00304048
6.41843e-13
4.16219e-10
0.00304885
2.88933e-08
0
0
7.37908e-17
0
4.5581e-15
0
0
0
0.00304885
0.00304884
0
5.86141e-08
0
0
4.16219e-10
0
0
0
0
4.16219e-10
2.95574e-12
0.00304883
0.00304885
0
0.00304885
0
0.00304885
4.5581e-15
5.86141e-08
6.41843e-13
4.5581e-15
0.00304885
5.86141e-08
0
0.00304885
0.00304884
0
0.00304885
0.00304885
0
0.00304885
0
0.00304885
0
0.00304883
0
3.79577e-07
0.00304883
0
0
0
0.00304883
0.0121954
1.45706e-12
0.00304885
0.00304883
0.00304885
0.00304885
0.00304883
0.00304885
0.00304883
0
5.10104e-15
0
0.00304885
0.00304885
3.79577e-07
0.00304885
0
1.35396e-18
0
0
5.86141e-08
0.00304885
0
0.00304883
0.00304883
0.00304883
0
0
0.00304885
0
0.00304885
0
0.00304885
0.00304885
0.00304883
0
0
0
0.00304885
0
0
0.00304885
0
0.00304879
0
0
0
4.16219e-10
0.00304885
0.00609769
0.00304885
0
0
0
0
0.00304885
0
0.00304885
0
0
5.10104e-15
0
0.00304883
0.00304885
0.00304885
0.00304885
0
5.86141e-08
0.00304885
0
0.00304885
6.41843e-13
0.00304885
0.00304885
0.00304883
0.00304885
0.00304885
0
0.00304885
0.00304879
2.95574e-12
3.79577e-07
0.00304883
0
0
1.25707e-08
0
0.00304883
2.92046e-11
2.95574e-12
0.00304883
0.00304885
0.00304885
0.00304885
0
7.37908e-17
0.00304885
0.00304885
0.00304885
0.00304885
0.00304885
0.00304885
0
0.00304885
0
0.00304883
0.00304885
2.95574e-12
0.00304883
2.95574e-12
0.00304883
0
2.09898e-14
0.00304885
2.09898e-14
4.16219e-10
0.00304885
0.00304885
0.00304885
4.16219e-10
0.00304885
0
5.86141e-08
0.00304883
0
0
0.00304883
0.00304885
0.00304883
0.00304885
0
4.16219e-10
0.00304883
0
0.00304885
0.00609769
2.95574e-12
4.16219e-10
5.86141e-08
0
5.86141e-08
0
0
0.00304883
4.16219e-10
0
5.86141e-08
0.00304885
0.00304885
0
4.16219e-10
8.84409e-07
4.16219e-10
0.00304885
0.00304883
0.00304883
0.00304885
4.16219e-10
0.00304885
2.95574e-12
0
5.86141e-08
0
1.35396e-18
6.41843e-13
0.00304885
2.95574e-12
1.35396e-18
1.35396e-18
1.27272e-08
1.35396e-18
1.35396e-18
1.35396e-18
1.35396e-18
0
0.00304885
0
0
0.00304883
0.00304885
2.88933e-08
0.00304885
0.00304885
0.00304885
0
0.00304885
0.00304885
0.00304885
4.16219e-10
0.00304885
0
0.00304885
0
0.00304883
2.88933e-08
2.95574e-12
0
0.00304883
0.00304885
7.37908e-17
2.95574e-12
8.84409e-07
4.16219e-10
0
0
0.00304885
0
0.00304885
4.16219e-10
0.003047
0.00304883
7.37908e-17
0.00304885
0.00304885
0.00304883
0
0.00304883
0.00304883
0.00304885
0.00304883
0.00304885
0.00304883
0
1.35396e-18
0.00304885
1.4243e-08
2.95574e-12
0
0
0
5.86141e-08
0
2.09898e-14
4.16219e-10
0.00304885
0
0.00304883
0.00304885
0.00304885
2.95574e-12
0.00304885
0
0.00304885
0.00304885
0
0
0
0
0.00304885
0.00304885
0
0
0.00304885
0
0
0.00304885
5.86141e-08
0.0121954
2.95574e-12
0
0
0
0.00609769
0.00304885
0.00304883
0.00304883
0.00304885
0
0
0.00304883
0.00304885
2.95574e-12
0.00304885
0
0.00304885
0.00304885
0.00304885
0.00304883
1.35396e-18
0.00304885
0.00304883
4.16219e-10
0
4.16219e-10
0.00304883
0.00304885
0
0
1.35396e-18
0
0
2.95574e-12
0
0.00304885
0
0
5.86141e-08
0
0.00304885
0.00304883
0
0.00304885
0
0
2.95574e-12
4.16219e-10
0
2.95574e-12
0.00304885
0.00304884
0.00304885
0.00304885
0.00304885
1.35396e-18
0.00304885
0.00304885
0
1.45706e-12
0
5.86141e-08
2.95574e-12
0
0
0.00304885
0.00304885
0.00304048
0
0.00304885
1.45706e-12
0.00304885
0.00304885
0.00304883
0.00304883
1.35396e-18
0
0
0
0
0
0
2.95574e-12
2.95574e-12
0.00304885
0
0
0
5.86141e-08
4.16219e-10
0.00304883
0.00304885
2.95574e-12
0.00304883
0
0.00304885
0.00304885
0.00304883
0.00304885
4.5581e-15
0.00304885
0
0.00304885
0
0.00304885
0.00304885
0.00304885
0.00304883
1.35396e-18
1.35396e-18
0
2.95574e-12
0
0
0.00304885
0.00304885
0.00304879
0.00304885
0.00304885
0
1.27272e-08
0.00304885
0.00304885
5.86141e-08
0.00304883
2.95574e-12
0
0
0.00304885
0.00304883
0.00304883
0.00304885
0
0
0
0.00304883
0
0.00304885
0.00304885
0
0
0.0030488
5.86141e-08
4.16219e-10
0
0.00304885
0.00304883
0.00304879
0
2.95574e-12
0
0
0.00304885
0
0
0.00304883
0
2.09898e-14
0
4.16219e-10
0.00304884
1.35396e-18
0.00304883
0.00304883
0.00304883
0.00304883
0.00304883
5.86141e-08
0.00304885
0
2.09898e-14
5.86141e-08
0.00304883
0.00609768
0.00304885
0.00304883
2.95574e-12
0.00304883
0.00304883
0.00304885
0.00304883
0.00304699
2.95574e-12
0.00304885
0
0
0
2.95574e-12
0.00304883
0.00304885
0.00304885
4.16219e-10
0.00304885
4.16219e-10
0.00304885
0.00304883
0.00304885
0.00304885
0.00304883
0.00304879
2.95574e-12
0
0
0.00304885
0.00304885
0
2.09898e-14
0
0
4.16219e-10
4.16219e-10
0
5.86141e-08
0.00304883
0.00304885
4.16219e-10
0
2.95574e-12
0.00304885
1.35396e-18
5.86141e-08
0
0
0.00304885
0.00304885
0.00304883
5.86141e-08
0
5.10104e-15
9.03789e-11
4.16219e-10
0
0
0.00304883
4.16219e-10
0.00304885
0
0.00304885
0.00304885
0.00304883
4.16219e-10
0
5.10104e-15
0
2.95574e-12
4.16219e-10
0.00304883
0.00304885
0
0.00609768
0
0
2.76029e-09
0.00609768
0.00304883
0.00304883
0
0.00304885
0
4.16219e-10
0.00304885
0.00304883
0.00304885
0.00609768
0.00304883
0.00304883
5.86141e-08
0
0.00304885
1.27272e-08
1.35396e-18
0.00304883
0.00304885
0
0.00304885
0.00304885
0.00304883
0.00304885
0.00304885
4.16219e-10
0
2.95574e-12
0
4.16219e-10
2.95574e-12
0.00304883
0.00304885
9.03824e-11
0.00304885
0.00304885
0
0
0
0.00304885
0.00304885
0.00304885
0.00304883
8.84409e-07
4.16219e-10
2.95574e-12
0.00304884
0
5.86141e-08
0.00304885
0.00304885
0.00304885
5.86141e-08
0.00304883
0
0.00304885
4.16219e-10
0.00304883
0
0
0.00304883
0.00304885
0.00304885
2.95574e-12
0
0
5.86141e-08
2.76029e-09
0.00304883
5.86141e-08
5.86141e-08
0
0
0.00304883
0.00304883
0.00304973
0.00304883
0.00304883
0.00304883
0.00304885
0.00304883
5.86141e-08
0.00304885
5.86141e-08
0.00304885
2.76029e-09
2.09898e-14
0.00304885
9.03824e-11
0.00304885
0.00304885
4.16219e-10
0.00304885
9.03789e-11
2.09898e-14
0.00304885
0.00304885
0.00304883
0
0.00304884
0.00304883
0
0.00304883
0.00304885
0
5.10104e-15
0.00304883
2.09898e-14
0
5.10104e-15
0.00609769
0
2.95574e-12
0.00304885
0.00304885
0.00304883
0
0.00304883
0.00609769
0.00609769
0.00304885
0.00304973
0.00304885
0.00304883
2.95574e-12
0
0.00304885
0.00304883
0
0
4.16219e-10
0
2.88933e-08
0.00304884
0.00304883
0.00304883
0
0.00304885
0.00304885
0.00304885
2.88948e-08
0.00609769
2.92046e-11
0.00304885
0
0
0.00304885
0.00304883
0
0.00304885
0
0
0.00304883
