0.015166044235229
0.0033869743347168
0.003943920135498
0.0029621124267578
0.0028769969940186
0.0029478073120117
0.0033881664276123
0.0033941268920898
0.0043959617614746
0.0039610862731934
0.0031659603118896
0.0027759075164795
0.0029540061950684
0.0034360885620117
0.0029919147491455
0.0036849975585938
0.0051579475402832
0.0040779113769531
0.0038988590240479
0.003619909286499
0.0054559707641602
0.0040590763092041
0.0038051605224609
0.0029299259185791
0.0032069683074951
0.0033798217773438
0.002824068069458
0.0031139850616455
0.0036060810089111
0.0044288635253906
0.0037698745727539
0.0038318634033203
0.0039288997650146
0.0043208599090576
0.0038399696350098
0.0042409896850586
0.0031368732452393
0.0036602020263672
0.0026669502258301
0.0034680366516113
0.0026500225067139
0.0039608478546143
0.0037429332733154
0.0033061504364014
0.0030748844146729
0.0035998821258545
0.0034239292144775
0.0030069351196289
0.0030479431152344
0.0039908885955811
0.0035688877105713
0.002985954284668
0.0037531852722168
0.0029008388519287
0.0027999877929688
0.0032639503479004
0.0044620037078857
0.0046529769897461
0.0043790340423584
0.004040002822876
0.0036840438842773
0.0038108825683594
0.0041360855102539
0.0030629634857178
0.003242015838623
0.0031850337982178
0.0040569305419922
0.0032021999359131
0.0037059783935547
0.0034270286560059
0.0034310817718506
0.0032949447631836
0.0055561065673828
0.0039482116699219
0.0032360553741455
0.0035319328308105
0.0031099319458008
0.0041420459747314
0.0041589736938477
0.0026779174804688
0.0031440258026123
0.0034608840942383
0.0032789707183838
0.0034058094024658
0.028301954269409
0.0040149688720703
0.0039348602294922
0.0039777755737305
0.0030121803283691
0.0037181377410889
0.0033788681030273
0.0031731128692627
0.0027661323547363
0.0029318332672119
0.0041258335113525
0.0031018257141113
0.0040819644927979
0.0026860237121582
0.0031569004058838
0.0040171146392822
0.0040769577026367
0.0037879943847656
0.0031821727752686
0.0030579566955566
0.0056138038635254
0.0032691955566406
0.0032510757446289
0.0041041374206543
0.0059478282928467
0.003216028213501
0.0031039714813232
0.0029299259185791
0.0032680034637451
0.0029909610748291
0.0031569004058838
0.0039751529693604
0.0031280517578125
0.002824068069458
0.0028798580169678
0.0036001205444336
0.0030310153961182
0.0039560794830322
0.0032110214233398
0.0039961338043213
0.0044710636138916
0.0036890506744385
0.0029218196868896
0.0036418437957764
0.0035610198974609
0.004180908203125
0.0037291049957275
0.00301194190979
0.0031719207763672
0.003079891204834
0.0037081241607666
0.0029518604278564
0.003101110458374
0.0030369758605957
0.004054069519043
0.003046989440918
0.0049450397491455
0.0030810832977295
0.0034041404724121
0.0041420459747314
0.0040318965911865
0.0033807754516602
0.0030090808868408
0.0030591487884521
0.003648042678833
0.0039222240447998
0.0030529499053955
0.0049028396606445
0.0047750473022461
0.0060811042785645
0.0033679008483887
0.0037128925323486
0.0028769969940186
0.0027968883514404
0.0028660297393799
0.0036458969116211
0.0051209926605225
0.0033891201019287
0.0031089782714844
0.0032329559326172
0.0037450790405273
0.0030481815338135
0.003026008605957
0.0060811042785645
0.0032150745391846
0.0037739276885986
0.0030519962310791
0.0041310787200928
0.003917932510376
0.0045580863952637
0.0048520565032959
0.0030369758605957
0.0032100677490234
0.0042400360107422
0.0030488967895508
0.00313401222229
0.0048549175262451
0.0042431354522705
0.0042629241943359
0.003882884979248
0.0033049583435059
0.0032198429107666
0.0033071041107178
0.0036969184875488
0.0033910274505615
0.0033600330352783
0.0042240619659424
0.0033750534057617
0.003978967666626
0.0030391216278076
0.0040059089660645
0.0029540061950684
0.0036680698394775
0.0037260055541992
0.0041739940643311
0.0036449432373047
0.0044031143188477
0.0040490627288818
0.0028190612792969
0.0042500495910645
0.0039780139923096
0.002985954284668
0.00307297706604
0.0031619071960449
0.004025936126709
0.0036289691925049
0.0033760070800781
0.0030829906463623
0.0032589435577393
0.0030219554901123
0.0031619071960449
0.003943920135498
0.0028359889984131
0.0034120082855225
0.0027129650115967
0.0034167766571045
0.0038490295410156
0.003371000289917
0.0033159255981445
0.003648042678833
0.0049829483032227
0.019275903701782
0.0032579898834229
0.00307297706604
0.0032520294189453
0.0030131340026855
0.0031108856201172
0.0041890144348145
0.0028080940246582
0.0029599666595459
0.0032498836517334
0.0037961006164551
0.0042619705200195
0.0035090446472168
0.0032382011413574
0.0037329196929932
0.003303050994873
0.0030641555786133
0.0032479763031006
0.0034441947937012
0.0033481121063232
0.0041890144348145
0.0036070346832275
0.0033249855041504
0.0027580261230469
0.003525972366333
0.0033400058746338
0.0033631324768066
0.0037429332733154
0.0029158592224121
0.0029170513153076
0.0050370693206787
0.0033111572265625
0.0031721591949463
0.0040268898010254
0.003817081451416
0.0030310153961182
0.0036981105804443
0.0032799243927002
0.0035970211029053
0.003939151763916
0.0040309429168701
0.0029549598693848
0.0028679370880127
0.0036828517913818
0.0033249855041504
0.0040409564971924
0.0038280487060547
0.0031797885894775
0.0040030479431152
0.0035982131958008
0.0037739276885986
0.0031490325927734
0.0028181076049805
0.0038480758666992
0.0040450096130371
0.0031678676605225
0.0044739246368408
0.0039420127868652
0.0051000118255615
0.0031120777130127
0.0029480457305908
0.0039539337158203
0.0034091472625732
0.010506153106689
0.0034940242767334
0.0045919418334961
0.0032532215118408
0.0033080577850342
0.0034360885620117
0.0031352043151855
0.0035297870635986
0.004086971282959
0.00323486328125
0.0027658939361572
0.0035848617553711
0.0042359828948975
0.0031669139862061
0.0031390190124512
0.0034627914428711
0.0033020973205566
0.0028209686279297
0.0038230419158936
0.0038769245147705
0.003262996673584
0.0039730072021484
0.0039238929748535
0.003126859664917
0.0037028789520264
0.002877950668335
0.0029780864715576
0.0039539337158203
0.0031399726867676
0.0039920806884766
0.0040171146392822
0.0039539337158203
0.0031189918518066
0.0031960010528564
0.0040819644927979
0.0030891895294189
0.0028181076049805
0.0037360191345215
0.0033509731292725
0.0029289722442627
0.0030050277709961
0.0031640529632568
0.00382399559021
0.0031149387359619
0.0033879280090332
0.0029551982879639
0.0048871040344238
0.0035059452056885
0.0037119388580322
0.0037229061126709
0.0036840438842773
0.003554105758667
0.0032980442047119
0.0044798851013184
0.0030379295349121
0.0038199424743652
0.0027830600738525
0.0029630661010742
0.0032579898834229
0.0039150714874268
0.0039350986480713
0.0031139850616455
0.0031580924987793
0.0029668807983398
0.0029671192169189
0.0032417774200439
0.003305196762085
0.003242015838623
0.0039000511169434
0.0033760070800781
0.0033957958221436
0.0040700435638428
0.0052609443664551
0.0037648677825928
0.0029017925262451
0.0031368732452393
0.0038611888885498
0.0036249160766602
0.0027461051940918
0.0026910305023193
0.0027480125427246
0.0026059150695801
0.0037841796875
0.0027871131896973
0.0025291442871094
0.0031609535217285
0.0040159225463867
0.0035829544067383
0.0030410289764404
0.0030920505523682
0.0038700103759766
0.0041260719299316
0.0039260387420654
0.0037939548492432
0.0038437843322754
0.0038630962371826
0.0027399063110352
0.0031440258026123
0.0032000541687012
0.0033800601959229
0.0037910938262939
0.0037140846252441
0.0027930736541748
0.0034511089324951
0.0029520988464355
0.0027480125427246
0.0036599636077881
0.0029890537261963
0.0039100646972656
0.0031278133392334
0.0042672157287598
0.0030629634857178
0.0032088756561279
0.0030698776245117
0.0032811164855957
0.0031070709228516
0.0035660266876221
0.0035679340362549
0.0033318996429443
0.0031599998474121
0.0032510757446289
0.0039200782775879
0.0030100345611572
0.0028579235076904
0.0028181076049805
0.0030839443206787
0.0038299560546875
0.0037331581115723
0.0030448436737061
0.0033669471740723
0.0034961700439453
0.0036160945892334
0.0039920806884766
0.0039730072021484
0.0031170845031738
0.0037410259246826
0.0044350624084473
0.0038471221923828
0.0047080516815186
0.0030899047851562
0.0039169788360596
0.0044560432434082
0.003230094909668
0.0037519931793213
0.0032470226287842
0.0039188861846924
0.0040140151977539
0.0029480457305908
0.003734827041626
0.0034689903259277
0.0028889179229736
0.0036079883575439
0.0039069652557373
0.0041999816894531
0.0034580230712891
0.0034058094024658
0.0037000179290771
0.0030288696289062
0.0035331249237061
0.0031168460845947
0.0029828548431396
0.003899097442627
0.0029709339141846
0.0036458969116211
0.003882884979248
0.0035841464996338
0.0040760040283203
0.0030930042266846
0.0039229393005371
0.0038108825683594
0.0029788017272949
0.0043787956237793
0.0028848648071289
0.0030670166015625
0.0038399696350098
0.0029470920562744
0.0040431022644043
0.0037441253662109
0.0035920143127441
0.0029280185699463
0.0038909912109375
0.0029869079589844
0.0034260749816895
0.0028190612792969
0.002953052520752
0.0031211376190186
0.0029811859130859
0.0037260055541992
0.0034999847412109
0.0040969848632812
0.0037131309509277
0.0029449462890625
0.0032939910888672
0.0038981437683105
0.00288987159729
0.0033419132232666
0.0040202140808105
0.0035190582275391
0.0029251575469971
0.0030698776245117
0.0030620098114014
0.0031859874725342
0.0036599636077881
0.0065860748291016
0.0032379627227783
0.0031208992004395
0.00347900390625
0.0033690929412842
0.0028018951416016
0.0032830238342285
0.0029280185699463
0.0027430057525635
0.0028719902038574
0.0029640197753906
0.0033769607543945
0.0032298564910889
0.0026180744171143
0.0032179355621338
0.0035638809204102
0.0029671192169189
0.003075122833252
0.0039670467376709
0.0029170513153076
0.0028409957885742
0.0031881332397461
0.0030789375305176
0.0043189525604248
0.0040810108184814
0.0030508041381836
0.0028419494628906
0.0025801658630371
0.0034160614013672
0.0033121109008789
0.0044610500335693
0.0043098926544189
0.003364086151123
0.003795862197876
0.0036439895629883
0.0029659271240234
0.0029129981994629
0.0032548904418945
0.002810001373291
0.0035140514373779
0.0042519569396973
0.0041048526763916
0.0038008689880371
0.0035309791564941
0.0032248497009277
0.0044689178466797
0.0028870105743408
0.0029120445251465
0.0029561519622803
0.0043790340423584
0.0036818981170654
0.0038681030273438
0.0029201507568359
0.0030949115753174
0.0033318996429443
0.003230094909668
0.0031929016113281
0.0031940937042236
0.0033500194549561
0.002993106842041
0.0031468868255615
0.0028650760650635
0.0031590461730957
0.0035891532897949
0.003521203994751
0.0027840137481689
0.0035319328308105
0.0033731460571289
0.004054069519043
0.0035839080810547
0.0037910938262939
0.0031280517578125
0.0031371116638184
0.0042390823364258
0.0030667781829834
0.0041918754577637
0.0030539035797119
0.0037062168121338
0.0033290386199951
0.0041220188140869
0.0030961036682129
0.0029759407043457
0.0033829212188721
0.0032548904418945
0.0033540725708008
0.0055499076843262
0.0031490325927734
0.0039069652557373
0.0035369396209717
0.0036389827728271
0.0028929710388184
0.0039470195770264
0.0039210319519043
0.0039958953857422
0.0044009685516357
0.0045070648193359
0.0037498474121094
0.0036280155181885
0.0041589736938477
0.0041170120239258
0.0041599273681641
0.0042529106140137
0.0031569004058838
0.0036978721618652
0.0029339790344238
0.0032050609588623
0.0031030178070068
0.0037779808044434
0.0038039684295654
0.0030031204223633
0.0030031204223633
0.0032329559326172
0.0030410289764404
0.0037541389465332
0.0036141872406006
0.0028300285339355
0.0035138130187988
0.0027379989624023
0.0037109851837158
0.0042829513549805
0.0029191970825195
0.0033149719238281
0.0038468837738037
0.0040709972381592
0.0038740634918213
0.0081291198730469
0.0039939880371094
0.0040369033813477
0.0047769546508789
0.0038340091705322
0.0030741691589355
0.0040287971496582
0.0028657913208008
0.0032780170440674
0.004148006439209
0.0033080577850342
0.0036749839782715
0.0031130313873291
0.0036799907684326
0.0038912296295166
0.0030319690704346
0.0028960704803467
0.003803014755249
0.003633975982666
0.0030200481414795
0.0042328834533691
0.0033459663391113
0.0035800933837891
0.0030760765075684
0.003154993057251
0.0029652118682861
0.002763032913208
0.0035791397094727
0.004410982131958
0.0043840408325195
0.0038418769836426
0.0031290054321289
0.0029110908508301
0.0028519630432129
0.004180908203125
0.0039570331573486
0.003972053527832
0.0035648345947266
0.0033609867095947
0.0036361217498779
0.0032730102539062
0.0029399394989014
0.0028350353240967
0.0030348300933838
0.0031371116638184
0.004194974899292
0.0039739608764648
0.0033891201019287
0.0037820339202881
0.0034549236297607
0.0032258033752441
0.003058910369873
0.0045468807220459
0.0029759407043457
0.0036280155181885
0.0027608871459961
0.0043129920959473
0.0030460357666016
0.0035049915313721
0.0032529830932617
0.0041790008544922
0.005748987197876
0.0039288997650146
0.0042150020599365
0.0035860538482666
0.0030040740966797
0.0030241012573242
0.0035479068756104
0.0043361186981201
0.0035209655761719
0.002938985824585
0.003676176071167
0.0035679340362549
0.0030419826507568
0.0039341449737549
0.0030839443206787
0.0042350292205811
0.002748966217041
0.0039839744567871
0.0031540393829346
0.0029990673065186
0.0034990310668945
0.0031991004943848
0.0032069683074951
0.0041348934173584
0.0037970542907715
0.0037579536437988
0.0037600994110107
0.0046939849853516
0.0032870769500732
0.0029480457305908
0.0031120777130127
0.0030088424682617
0.002997875213623
0.0032238960266113
0.0036661624908447
0.0028650760650635
0.0030448436737061
0.0029640197753906
0.0039660930633545
0.0043270587921143
0.0037140846252441
0.0032711029052734
0.0033309459686279
0.0032820701599121
0.0034849643707275
0.0031390190124512
0.0039288997650146
0.0031430721282959
0.0035350322723389
0.0033369064331055
0.003115177154541
0.0042870044708252
0.0031371116638184
0.0039479732513428
0.0027530193328857
0.0029928684234619
0.0042757987976074
0.0036129951477051
0.0031280517578125
0.0043201446533203
0.0042519569396973
0.0036041736602783
0.0035660266876221
0.0061869621276855
0.0034990310668945
0.0041689872741699
0.004011869430542
0.0039272308349609
0.0032310485839844
0.0037200450897217
0.0036277770996094
0.0039219856262207
0.0027718544006348
0.0049569606781006
0.0030531883239746
0.0030159950256348
0.0044469833374023
0.0036988258361816
0.0030348300933838
0.0036919116973877
0.0038430690765381
0.0028870105743408
0.0030820369720459
0.0029821395874023
0.0039479732513428
0.003154993057251
0.003788948059082
0.0044171810150146
0.0032880306243896
0.0035169124603271
0.0030481815338135
0.0050628185272217
0.0030021667480469
0.0031828880310059
0.0036940574645996
0.0038180351257324
0.0033369064331055
0.00406813621521
0.003817081451416
0.0034821033477783
0.0032448768615723
0.0048131942749023
0.0034379959106445
0.0033729076385498
0.0031089782714844
0.0031068325042725
0.003687858581543
0.002716064453125
0.0052518844604492
0.0036349296569824
0.0041007995605469
0.0032808780670166
0.0028839111328125
0.00307297706604
0.0031390190124512
0.0030350685119629
0.0037038326263428
0.0029661655426025
0.0031650066375732
0.0027289390563965
0.0031731128692627
0.0027480125427246
0.0031540393829346
0.002936840057373
0.003026008605957
0.0039000511169434
0.0030081272125244
0.0037839412689209
0.0030670166015625
0.0041940212249756
0.0034840106964111
0.0032298564910889
0.0031681060791016
0.0031659603118896
0.0031399726867676
0.0044310092926025
0.0032591819763184
0.0039620399475098
0.0038318634033203
0.0035560131072998
0.003460168838501
0.0034918785095215
0.0031569004058838
0.0050880908966064
0.0040020942687988
0.003385066986084
0.0034739971160889
0.0031580924987793
0.0032999515533447
0.0033290386199951
0.0030429363250732
0.0033609867095947
0.0032501220703125
0.0035901069641113
0.0031571388244629
0.0034661293029785
0.0042660236358643
0.0032370090484619
0.002810001373291
0.0032839775085449
0.0048460960388184
0.0048530101776123
0.0033500194549561
0.0030488967895508
0.0032341480255127
0.002877950668335
0.0030851364135742
0.0028769969940186
0.0037329196929932
0.0027480125427246
0.0031850337982178
0.00323486328125
0.002993106842041
0.0030710697174072
0.0028440952301025
0.0027379989624023
0.0037651062011719
0.0031371116638184
0.0029709339141846
0.0039830207824707
0.0036320686340332
0.0032401084899902
0.0032229423522949
0.0029819011688232
0.0041821002960205
0.003464937210083
0.0027980804443359
0.002810001373291
0.0030601024627686
0.0029292106628418
0.0027840137481689
0.0026788711547852
0.00347900390625
0.0030720233917236
0.0031280517578125
0.0036571025848389
0.0038127899169922
0.0031290054321289
0.0043199062347412
0.0034091472625732
0.0031859874725342
0.0033259391784668
0.0041449069976807
0.003216028213501
0.0039827823638916
0.0039541721343994
0.0030341148376465
0.0030331611633301
0.0031449794769287
0.0032379627227783
0.0040860176086426
0.0037391185760498
0.0040040016174316
0.0041399002075195
0.0029599666595459
0.0047500133514404
0.003115177154541
0.0030281543731689
0.0032410621643066
0.0040838718414307
0.0039060115814209
0.003756046295166
0.0036258697509766
0.0030300617218018
0.0039680004119873
0.0034170150756836
0.0034418106079102
0.0041909217834473
0.003978967666626
0.0040771961212158
0.0029599666595459
0.0032470226287842
0.0040469169616699
0.0042190551757812
0.0036618709564209
0.003007173538208
0.0027420520782471
0.0049500465393066
0.003964900970459
0.0029940605163574
0.0042939186096191
0.0033950805664062
0.0041289329528809
0.0029940605163574
0.0039920806884766
0.0030050277709961
0.0032680034637451
0.0036602020263672
0.0037128925323486
0.0031301975250244
0.0040149688720703
0.0031471252441406
0.0040841102600098
0.0027918815612793
0.002781867980957
0.0029411315917969
0.0031239986419678
0.0041129589080811
0.0038290023803711
0.0028669834136963
0.0034081935882568
0.0032389163970947
0.0034110546112061
0.0037429332733154
0.0032258033752441
0.0027039051055908
0.0028090476989746
0.0032069683074951
0.0030529499053955
0.0030839443206787
0.0041379928588867
0.0035219192504883
0.0038740634918213
0.0036640167236328
0.0039510726928711
0.0095770359039307
0.0037350654602051
0.0032131671905518
0.0029380321502686
0.0037131309509277
0.0037598609924316
0.0036759376525879
0.0036149024963379
0.0042529106140137
0.0032968521118164
0.0053830146789551
0.0040221214294434
0.0037589073181152
0.0038731098175049
0.0038430690765381
0.0037479400634766
0.0032591819763184
0.0026919841766357
0.0042538642883301
0.0039701461791992
0.0032329559326172
0.0031230449676514
0.0037140846252441
0.0039219856262207
0.0031459331512451
0.0031659603118896
0.0037250518798828
0.0036511421203613
0.0037820339202881
0.0031490325927734
0.0033321380615234
0.003169059753418
0.0033791065216064
0.0041060447692871
0.00307297706604
0.0032899379730225
0.0034680366516113
0.0034439563751221
0.0035338401794434
0.0040359497070312
0.0028769969940186
0.0029468536376953
0.0028238296508789
0.0033049583435059
0.0030350685119629
0.003087043762207
0.0030958652496338
0.0037169456481934
