0.11068606376648
0.1125168800354
0.10536980628967
0.10863590240479
0.10730504989624
0.10862183570862
0.10853791236877
0.10688400268555
0.11800098419189
0.11948084831238
0.10776805877686
0.11096692085266
0.10899806022644
0.17033195495605
0.1049120426178
0.10531806945801
0.11084890365601
0.11025404930115
0.10570216178894
0.11249995231628
0.10839009284973
0.11387205123901
0.10550594329834
0.10780906677246
0.11061501502991
0.10659694671631
0.12280511856079
0.1081280708313
0.10632586479187
0.10795903205872
0.12031698226929
0.11194491386414
0.10752511024475
0.1082239151001
0.10747003555298
0.10958290100098
0.1075439453125
0.10934996604919
0.12393593788147
0.10865902900696
0.11119413375854
0.12438702583313
0.12394785881042
0.11440801620483
0.11308193206787
0.10905003547668
0.12399291992188
0.10630989074707
0.10570597648621
0.13144898414612
0.10662412643433
0.10654807090759
0.10521006584167
0.1279821395874
0.11345982551575
0.12128901481628
0.10714817047119
0.11102914810181
0.10619497299194
0.11031198501587
0.11046886444092
0.10860204696655
0.10837888717651
0.10968399047852
0.1118049621582
0.12485718727112
0.26930093765259
0.18125700950623
0.106360912323
0.10568904876709
0.12633490562439
0.10778999328613
0.11324286460876
0.10726404190063
0.11171698570251
0.10915589332581
0.1065468788147
0.1130359172821
0.11076688766479
0.10803294181824
0.11444401741028
0.11127281188965
0.11182618141174
0.10649490356445
0.10893416404724
0.10879611968994
0.12353491783142
0.10895204544067
0.1132800579071
0.12686610221863
0.13381099700928
0.11114096641541
0.10633516311646
0.10782599449158
0.10728693008423
0.10930109024048
0.11572194099426
0.11280202865601
0.10749983787537
0.10630202293396
0.10731410980225
0.10922408103943
0.10826301574707
0.11044311523438
0.11405301094055
0.11400008201599
0.11884093284607
0.10800313949585
0.106525182724
0.11617994308472
0.14320182800293
0.10891914367676
0.10759997367859
0.10759997367859
0.11068797111511
0.10949087142944
0.10903215408325
0.10493206977844
0.11462497711182
0.11962485313416
0.1121780872345
0.11314582824707
0.10552906990051
0.1088240146637
0.1133770942688
0.10575604438782
0.11170411109924
0.10626411437988
0.10675597190857
0.10998892784119
0.11350703239441
0.10758709907532
0.10874891281128
0.10811805725098
0.12866187095642
0.10648989677429
0.11098003387451
0.11147809028625
0.13413000106812
0.11953711509705
0.12033796310425
0.11152291297913
0.11010909080505
0.10477590560913
0.11102318763733
0.10816812515259
0.11018705368042
0.10753107070923
0.12658405303955
0.10942792892456
0.115886926651
0.12262511253357
0.111496925354
0.10808801651001
0.10504412651062
0.10974097251892
0.1075291633606
0.10824704170227
0.10957908630371
0.11487817764282
0.10608983039856
0.11304306983948
0.11233901977539
0.10844206809998
0.10685205459595
0.1133599281311
0.10960221290588
0.11152386665344
0.10746502876282
0.11443090438843
0.11116695404053
0.10981607437134
0.11448192596436
0.10946917533875
0.120285987854
0.11106085777283
0.10875082015991
0.11302495002747
0.10921812057495
0.11637902259827
0.10713195800781
0.10601997375488
0.10878586769104
0.11291694641113
0.11204504966736
0.10639095306396
0.11036491394043
0.10872292518616
0.1058361530304
0.10627818107605
0.10842990875244
0.11034798622131
0.11282896995544
0.10975885391235
0.10723996162415
0.11094689369202
0.10913705825806
0.1058030128479
0.11366391181946
0.10771512985229
0.10598802566528
0.11497902870178
0.10606098175049
0.11137008666992
0.11555910110474
0.11090588569641
0.10694003105164
0.11164999008179
0.11298108100891
0.11691498756409
0.11442112922668
0.11396098136902
0.14288711547852
0.10820198059082
0.11376118659973
0.1047191619873
0.10763192176819
0.10687398910522
0.10665488243103
0.10935115814209
0.10898303985596
0.11389017105103
0.11052417755127
0.10996389389038
0.1061110496521
0.11089301109314
0.11691308021545
0.11087608337402
0.10869598388672
0.10734796524048
0.10808300971985
0.11452507972717
0.10490107536316
0.10459899902344
0.10965704917908
0.11289882659912
0.11528205871582
0.1191999912262
0.10527610778809
0.10502696037292
0.10432291030884
0.11217403411865
0.10837912559509
0.10991287231445
0.11136293411255
0.11032509803772
0.1085569858551
0.11156296730042
0.14289522171021
0.12646412849426
0.1056079864502
0.10917496681213
0.1093590259552
0.10819315910339
0.10909104347229
0.10781502723694
0.11663913726807
0.10685992240906
0.12595415115356
0.12653589248657
0.10915112495422
0.10496616363525
0.11304712295532
0.10745406150818
0.11044597625732
0.1124050617218
0.11264300346375
0.10588884353638
0.10906505584717
0.10687398910522
0.10641407966614
0.13016295433044
0.10663890838623
0.10366296768188
0.10519480705261
0.11913299560547
0.10845685005188
0.12052583694458
0.10569000244141
0.12763905525208
0.1143479347229
0.1115939617157
0.10950899124146
0.11003303527832
0.1024968624115
0.11444997787476
0.10953712463379
0.1097559928894
0.11127281188965
0.11613392829895
0.10507011413574
0.10653209686279
0.11480593681335
0.1090190410614
0.11985206604004
0.10726499557495
0.10405802726746
0.11024308204651
0.10911893844604
0.11861896514893
0.10598087310791
0.10340118408203
0.10961103439331
0.25887084007263
0.16872215270996
0.10597085952759
0.10796093940735
0.12109899520874
0.10841393470764
0.10597920417786
0.10826706886292
0.10811996459961
0.12142586708069
0.10969090461731
0.10617709159851
0.10576701164246
0.11442399024963
0.11087703704834
0.10839796066284
0.11154294013977
0.10928106307983
0.1088662147522
0.11040496826172
0.12650203704834
0.10969400405884
0.10736703872681
0.11433100700378
0.1086540222168
0.1260941028595
0.12198805809021
0.10445213317871
0.10738396644592
0.11055493354797
0.10652709007263
0.10316896438599
0.10616016387939
0.11179494857788
0.10747289657593
0.10900902748108
0.10834908485413
0.11446309089661
0.10786890983582
0.10734796524048
0.11087894439697
0.11368012428284
0.10794186592102
0.10612797737122
0.1039731502533
0.11702799797058
0.10780811309814
0.10424184799194
0.11426091194153
0.10620212554932
0.10238790512085
0.1113018989563
0.10718488693237
0.10476398468018
0.10511016845703
0.10562801361084
0.11247301101685
0.10469198226929
0.10408306121826
0.10625290870667
0.13157606124878
0.1085889339447
0.10577797889709
0.1070499420166
0.10515093803406
0.1102569103241
0.11170411109924
0.11148905754089
0.10961413383484
0.11438989639282
0.11254787445068
0.10424113273621
0.1079888343811
0.11022210121155
0.10525798797607
0.10777592658997
0.10929584503174
0.10842704772949
0.14999914169312
0.106693983078
0.11315488815308
0.11734986305237
0.10402393341064
0.10695791244507
0.1108090877533
0.11454892158508
0.10499596595764
0.109699010849
0.10648798942566
0.10866093635559
0.10752987861633
0.11337900161743
0.12237906455994
0.106369972229
0.1105489730835
0.12708187103271
0.10794401168823
0.10965776443481
0.11084508895874
0.10732793807983
0.11082315444946
0.10652494430542
0.10630297660828
0.10434293746948
0.11014485359192
0.13816905021667
0.10727095603943
0.1038658618927
0.10622811317444
0.11574602127075
0.10550093650818
0.10712385177612
0.1082079410553
0.10680294036865
0.10467195510864
0.1339111328125
0.10791492462158
0.10993790626526
0.1361300945282
0.11109709739685
0.1070818901062
0.10801887512207
0.10551595687866
0.10920405387878
0.10458302497864
0.109708070755
0.11306691169739
0.11192798614502
0.10925602912903
0.11286687850952
0.16063404083252
0.11760091781616
0.10677790641785
0.11186194419861
0.10983300209045
0.11261701583862
0.10868406295776
0.10667610168457
0.10793113708496
0.10601115226746
0.10543203353882
0.10251498222351
0.10651683807373
0.1070818901062
0.11166787147522
0.11072993278503
0.11126708984375
0.10922694206238
0.10557794570923
0.10946702957153
0.11096596717834
0.11579012870789
0.10862398147583
0.10509896278381
0.1083300113678
0.10819387435913
0.11295604705811
0.10586285591125
0.11159920692444
0.11590003967285
0.10290002822876
0.10561108589172
0.10940599441528
0.10524702072144
0.1061840057373
0.10530304908752
0.11126184463501
0.1032509803772
0.10239911079407
0.14039897918701
0.11111378669739
0.12052011489868
0.12015008926392
0.10920596122742
0.1088240146637
0.10762119293213
0.10898303985596
0.10524582862854
0.10488796234131
0.11555981636047
0.11326599121094
0.11184215545654
0.10750293731689
0.11258602142334
0.10663986206055
0.11320996284485
0.10745406150818
0.11239910125732
0.11092305183411
0.1165599822998
0.10523390769958
0.1057288646698
0.10607504844666
0.11011099815369
0.11868095397949
0.10703778266907
0.10730910301208
0.11401700973511
0.11260104179382
0.11521100997925
0.10481119155884
0.10588407516479
0.10847902297974
0.10858702659607
0.10538101196289
0.11004400253296
0.10566186904907
0.12530517578125
0.1070830821991
0.10374283790588
0.10556793212891
0.10640382766724
0.10453319549561
0.11433887481689
0.1107029914856
0.11191701889038
0.11545300483704
0.1112949848175
0.11498117446899
0.11157488822937
0.10981512069702
0.10976386070251
0.11542010307312
0.12663102149963
0.12295794487
0.14763617515564
0.12757802009583
0.13188195228577
0.12566995620728
0.11051321029663
0.11462593078613
0.10954713821411
0.11774492263794
0.10626816749573
0.1061098575592
0.10778594017029
0.12054800987244
0.11181998252869
0.10359191894531
0.10883116722107
0.10295295715332
0.10709404945374
0.10594582557678
0.10617685317993
0.10970401763916
0.10545015335083
0.1133029460907
0.11158800125122
0.1064600944519
0.10307192802429
0.10654211044312
0.10746097564697
0.10397291183472
0.10387897491455
0.11311316490173
0.10624408721924
0.10971999168396
0.10391712188721
0.10656380653381
0.11045622825623
0.13025808334351
0.11288499832153
0.10485315322876
0.10691809654236
0.1087441444397
0.10382914543152
0.10585498809814
0.11416387557983
0.10847091674805
0.16360592842102
0.1067521572113
0.10992479324341
0.10370588302612
0.10480690002441
0.10758304595947
0.10736298561096
0.11982989311218
0.11099195480347
0.10626983642578
0.11076998710632
0.11051487922668
0.10823702812195
0.11079597473145
0.10441112518311
0.10395002365112
0.10622787475586
0.12126708030701
0.12221598625183
0.12850403785706
0.1242151260376
0.11197090148926
0.11199188232422
0.12357211112976
0.11151099205017
0.10846996307373
0.10727095603943
0.10658097267151
0.12383890151978
0.1036581993103
0.11011004447937
0.10693597793579
0.1095609664917
0.10722804069519
0.12046003341675
0.27859807014465
0.17948293685913
0.10792517662048
0.11978912353516
0.11127805709839
0.10877203941345
0.10419511795044
0.10953617095947
0.11498785018921
0.10810613632202
0.10844802856445
0.10739898681641
0.10978198051453
0.1082558631897
0.10564494132996
0.10992288589478
0.10860395431519
0.11926293373108
0.10539698600769
0.1048219203949
0.10494685173035
0.10900902748108
0.10894799232483
0.1085569858551
0.11758303642273
0.10833096504211
0.10818409919739
0.1122899055481
0.11092805862427
0.10823202133179
0.12526392936707
0.10631608963013
0.10559606552124
0.10421895980835
0.10936903953552
0.10477900505066
0.109787940979
0.10696792602539
0.10417294502258
0.10523009300232
0.12275719642639
0.1052131652832
0.10438203811646
0.11005401611328
0.11252498626709
0.1117730140686
0.10509896278381
0.10465312004089
0.10417985916138
0.11273384094238
0.11948299407959
0.12221884727478
0.11078190803528
0.1098108291626
0.10868406295776
0.11502814292908
0.10928583145142
0.12024903297424
0.11763095855713
0.10553002357483
0.11394214630127
0.1139440536499
0.10889601707458
0.10531806945801
0.10738015174866
0.11084389686584
0.12352013587952
0.13354301452637
0.1099169254303
0.11504817008972
0.1314389705658
0.10929799079895
0.10852789878845
0.1136531829834
0.10899496078491
0.1049439907074
0.10848093032837
0.10880208015442
0.10473895072937
0.1070020198822
0.10669088363647
0.10374212265015
0.10699605941772
0.11035013198853
0.10863900184631
0.10494089126587
0.10544896125793
0.11054992675781
0.11461496353149
0.10537600517273
0.11022305488586
0.10713791847229
0.13215684890747
0.12152314186096
0.12069296836853
0.11069393157959
0.11363816261292
0.11294102668762
0.1013720035553
0.10499405860901
0.10684180259705
0.10762596130371
0.14360284805298
0.1143798828125
0.10405993461609
0.10781788825989
0.11652207374573
0.10631608963013
0.12632894515991
0.10594511032104
0.10875415802002
0.11522698402405
0.10363698005676
0.10560989379883
0.12659001350403
0.11626005172729
0.11932110786438
0.10972595214844
0.10661602020264
0.11319303512573
0.11041307449341
0.10762405395508
0.10816097259521
0.10692191123962
0.12359094619751
0.11189293861389
0.10687589645386
0.10637402534485
0.10616493225098
0.10968399047852
0.1078200340271
0.12311911582947
0.10771107673645
0.10523700714111
0.10685205459595
0.12962198257446
0.10935878753662
0.11154890060425
0.1057071685791
0.10646915435791
0.10873699188232
0.10462498664856
0.10654783248901
0.10538291931152
0.10496282577515
0.1100640296936
0.10674595832825
0.11995506286621
0.10626292228699
0.11055278778076
0.10953617095947
0.11917400360107
0.11238884925842
0.10814118385315
0.10534405708313
0.10948395729065
0.11582803726196
0.1096088886261
0.11319494247437
0.10736203193665
0.10496997833252
0.10533404350281
0.10879683494568
0.10569310188293
0.10440182685852
0.11029100418091
0.12357187271118
0.12036514282227
0.11507797241211
0.10445404052734
0.10826206207275
0.10786700248718
0.10574197769165
0.10912799835205
0.10864090919495
0.10952091217041
0.10458707809448
0.10917997360229
0.1106288433075
0.11442279815674
0.11400699615479
0.10690808296204
0.10976696014404
0.10543704032898
0.10818099975586
0.11194586753845
0.10248112678528
0.10471796989441
0.11093091964722
0.11838603019714
0.11113095283508
0.10718488693237
0.10608315467834
0.12210416793823
0.11561894416809
0.10688185691833
0.10751891136169
0.11085295677185
0.10877394676208
0.1235990524292
0.11268401145935
0.10540294647217
0.10862898826599
0.10889196395874
0.10827898979187
0.104572057724
0.12824392318726
0.10594391822815
0.112389087677
0.12270212173462
0.11078906059265
0.12957119941711
0.1414840221405
0.11652016639709
0.11835885047913
0.11553597450256
0.10678100585938
0.1201548576355
0.11308908462524
0.11327910423279
0.10266399383545
0.11067891120911
0.1325409412384
0.10668611526489
0.10401487350464
0.11067795753479
0.10721182823181
0.10782098770142
0.1143810749054
0.10690999031067
0.1055018901825
0.11164093017578
0.10828495025635
0.10584616661072
0.10631990432739
0.10594511032104
0.1071879863739
0.10983991622925
0.12575006484985
0.10615205764771
0.11301589012146
0.1054379940033
0.11016798019409
0.10201716423035
0.115238904953
0.11086487770081
0.11285090446472
0.11058402061462
0.10710692405701
0.10898399353027
0.11963295936584
0.12310194969177
0.10975193977356
0.11080694198608
0.11066389083862
0.11696600914001
0.10831809043884
0.10747599601746
0.10703086853027
0.1070020198822
0.10917997360229
0.1046199798584
0.10968017578125
0.1068389415741
0.10695695877075
0.11775803565979
0.11134886741638
0.13776683807373
0.11708688735962
0.11036491394043
0.11056900024414
0.10882616043091
0.10678601264954
0.1069278717041
0.10972189903259
0.11435890197754
0.12474513053894
0.13191390037537
0.1097400188446
0.10799598693848
0.10970902442932
0.10809111595154
0.10760402679443
0.10786700248718
0.11513018608093
0.11571002006531
0.12804985046387
0.10688805580139
0.11630392074585
0.12087202072144
0.11630702018738
0.11259317398071
0.10988593101501
0.13472390174866
0.13502311706543
0.11493992805481
0.10983109474182
0.12509608268738
0.11229109764099
0.11819195747375
0.13664388656616
0.15621900558472
0.12874484062195
0.1180682182312
0.11239385604858
0.10847306251526
0.11353302001953
0.2183039188385
0.31981086730957
0.10968708992004
0.10563802719116
0.10591506958008
0.11036109924316
0.10260510444641
0.11497902870178
0.10935401916504
0.11004400253296
0.12563705444336
0.10333514213562
0.10686779022217
0.10432910919189
0.10605788230896
0.10719013214111
0.10791683197021
0.11969113349915
0.11930394172668
0.11228895187378
0.10719203948975
0.10924100875854
0.12541699409485
0.11011815071106
0.11232709884644
0.11354517936707
0.11066699028015
0.1278600692749
0.10635113716125
0.12973308563232
0.11259388923645
0.11279797554016
0.12007999420166
0.10577321052551
0.10789394378662
0.10497283935547
0.10949182510376
0.12344288825989
0.1105740070343
0.10747885704041
0.10542297363281
0.10843515396118
0.10460305213928
0.12018704414368
0.11599397659302
0.10888695716858
0.11055397987366
0.12569308280945
0.11468505859375
0.11482691764832
0.11446809768677
0.15550780296326
0.11423397064209
0.11110496520996
0.10878300666809
0.10778498649597
0.10914611816406
0.1269371509552
0.11420702934265
0.10686993598938
0.10654520988464
0.10779905319214
0.10778713226318
0.10622382164001
0.10773205757141
0.10526299476624
0.10963797569275
0.10909700393677
0.11013889312744
0.10885691642761
0.10795712471008
0.11250901222229
0.11007308959961
0.10478210449219
0.11316514015198
0.10470509529114
0.10583400726318
0.11078691482544
0.1078999042511
0.11793184280396
0.11124992370605
0.11382699012756
0.10706210136414
0.11175012588501
0.10551714897156
0.10739707946777
