0.11378622055054
0.11144995689392
0.11046695709229
0.10345602035522
0.1024341583252
0.10891103744507
0.10890197753906
0.10938096046448
0.11032891273499
0.10600399971008
0.10685801506042
0.10855507850647
0.10651516914368
0.10609602928162
0.10482406616211
0.10318303108215
0.10658001899719
0.10424208641052
0.11401295661926
0.10649490356445
0.10601615905762
0.10339188575745
0.1465528011322
0.11173486709595
0.10650396347046
0.10481786727905
0.10682606697083
0.11035299301147
0.10468196868896
0.10836005210876
0.10527801513672
0.10782885551453
0.10830497741699
0.11006999015808
0.11021494865417
0.10386419296265
0.10364198684692
0.12032794952393
0.11209201812744
0.10521507263184
0.11120390892029
0.10669994354248
0.1091639995575
0.10667300224304
0.10782504081726
0.10704922676086
0.11344718933105
0.10365605354309
0.10879302024841
0.10874199867249
0.10616016387939
0.1040940284729
0.10890507698059
0.10710906982422
0.10557007789612
0.10963201522827
0.11014795303345
0.10401892662048
0.10351395606995
0.11060905456543
0.10758090019226
0.10175395011902
0.10738277435303
0.10924506187439
0.10773897171021
0.11132192611694
0.10893487930298
0.10532689094543
0.10268402099609
0.21442794799805
0.10793089866638
0.11318397521973
0.10798192024231
0.11354279518127
0.10764288902283
0.10157704353333
0.10958409309387
0.10538291931152
0.11016607284546
0.11729907989502
0.10997104644775
0.11226892471313
0.11863994598389
0.1064920425415
0.11792087554932
0.10438203811646
0.10835909843445
0.11276698112488
0.11922001838684
0.10554218292236
0.12403798103333
0.10283613204956
0.10338997840881
0.10567402839661
0.10490202903748
0.11100792884827
0.11593985557556
0.10864996910095
0.10542893409729
0.10715508460999
0.10574388504028
0.11159992218018
0.10947108268738
0.10534691810608
0.1169068813324
0.11030912399292
0.1046450138092
0.11351609230042
0.10845279693604
0.10639595985413
0.10612010955811
0.10659003257751
0.1047089099884
0.11000299453735
0.10547709465027
0.10887813568115
0.10763907432556
0.10814905166626
0.10888504981995
0.11296200752258
0.11109495162964
0.10524392127991
0.11073994636536
0.1060209274292
0.10605120658875
0.10497713088989
0.10305905342102
0.1071150302887
0.11249208450317
0.10624003410339
0.11167001724243
0.10562491416931
0.10676407814026
0.10881495475769
0.11064219474792
0.10488677024841
0.11217784881592
0.10886693000793
0.10505104064941
0.10615611076355
0.10975193977356
0.10676312446594
0.1080310344696
0.10670804977417
0.10543394088745
0.1080629825592
0.10364699363708
0.10241889953613
0.10792994499207
0.10416698455811
0.11221313476562
0.10783100128174
0.10860896110535
0.10743403434753
0.10630393028259
0.10524296760559
0.10279297828674
0.10533881187439
0.11212587356567
0.10907816886902
0.11518907546997
0.10288000106812
0.10423398017883
0.15534996986389
0.1070990562439
0.10248398780823
0.1963939666748
0.11728715896606
0.11243605613708
0.10316705703735
0.10541009902954
0.1064510345459
0.10886597633362
0.10544109344482
0.10551691055298
0.10835695266724
0.11412310600281
0.10583209991455
0.10639405250549
0.10665202140808
0.10552406311035
0.10341906547546
0.11024498939514
0.10764002799988
0.11740517616272
0.11143088340759
0.10553693771362
0.11085796356201
0.10652089118958
0.11037087440491
0.10510802268982
0.11133503913879
0.10534691810608
0.10534310340881
0.11863994598389
0.11831617355347
0.10541391372681
0.10501885414124
0.1115608215332
0.10219717025757
0.12238478660583
0.10466003417969
0.10377597808838
0.10932397842407
0.11275196075439
0.10716390609741
0.1045560836792
0.10517501831055
0.10697412490845
0.11173105239868
0.11071610450745
0.11678600311279
0.10954809188843
0.10861420631409
0.11054611206055
0.10590195655823
0.10460209846497
0.10460209846497
0.10824608802795
0.11293697357178
0.10636687278748
0.10563397407532
0.11354613304138
0.11287903785706
0.11958289146423
0.10455393791199
0.10657000541687
0.10858201980591
0.10940194129944
0.1157398223877
0.10941004753113
0.11841797828674
0.10697388648987
0.10682988166809
0.11624884605408
0.1041259765625
0.10686683654785
0.10583305358887
0.10547590255737
0.10325193405151
0.11196804046631
0.11103892326355
0.10518312454224
0.10799217224121
0.1136200428009
0.10902309417725
0.10503005981445
0.10802102088928
0.10468888282776
0.106290102005
0.11432790756226
0.10548400878906
0.10492706298828
0.10308313369751
0.10462617874146
0.10749983787537
0.14170384407043
0.10557293891907
0.11310815811157
0.11131906509399
0.1037540435791
0.10293316841125
0.10460591316223
0.21807384490967
0.10502696037292
0.10763382911682
0.10680890083313
0.10891890525818
0.1078839302063
0.10942316055298
0.10524797439575
0.10828900337219
0.10743308067322
0.10402894020081
0.10614895820618
0.1038990020752
0.11955094337463
0.11769795417786
0.11246013641357
0.10963487625122
0.10697603225708
0.11027407646179
0.10908985137939
0.10678195953369
0.10491895675659
0.10837697982788
0.10500907897949
0.10486006736755
0.10717582702637
0.10564303398132
0.11138987541199
0.13741397857666
0.10922288894653
0.11037278175354
0.10706901550293
0.10609602928162
0.10949110984802
0.10836601257324
0.10420393943787
0.10973906517029
0.10583400726318
0.110102891922
0.11534309387207
0.12108683586121
0.10668301582336
0.10983920097351
0.10357403755188
0.1099100112915
0.10505104064941
0.10505604743958
0.1018750667572
0.10496783256531
0.10332298278809
0.11143112182617
0.10779190063477
0.10731196403503
0.10440897941589
0.10881805419922
0.10894107818604
0.10664701461792
0.10676693916321
0.10994005203247
0.10403394699097
0.10963988304138
0.11822104454041
0.10493397712708
0.1090362071991
0.10538196563721
0.10751700401306
0.10303378105164
0.10976600646973
0.10519599914551
0.112380027771
0.10647487640381
0.10847401618958
0.10872888565063
0.10467219352722
0.10926604270935
0.11017417907715
0.10495901107788
0.10546398162842
0.10447287559509
0.10910797119141
0.10607695579529
0.1072850227356
0.10570502281189
0.11407804489136
0.11040806770325
0.10616397857666
0.10767889022827
0.10790610313416
0.1045970916748
0.10565114021301
0.1019561290741
0.10633993148804
0.10460209846497
0.10955882072449
0.10496091842651
0.10561299324036
0.11501598358154
0.10772800445557
0.10154414176941
0.10877299308777
0.10484910011292
0.10442900657654
0.10579490661621
0.10611200332642
0.10337114334106
0.10545992851257
0.10404801368713
0.11986589431763
0.10353398323059
0.10946297645569
0.18994212150574
0.10566091537476
0.12064814567566
0.10593104362488
0.11053490638733
0.1090669631958
0.10481595993042
0.10823702812195
0.10954213142395
0.1046679019928
0.10667514801025
0.10384917259216
0.10783505439758
0.1051619052887
0.1133759021759
0.10742282867432
0.14847087860107
0.10500383377075
0.10692095756531
0.11186003684998
0.10786890983582
0.10556411743164
0.12354803085327
0.10557699203491
0.10935401916504
0.11373805999756
0.10885810852051
0.10528683662415
0.10233402252197
0.10526299476624
0.10862278938293
0.10521006584167
0.11023497581482
0.10473012924194
0.10915899276733
0.11348795890808
0.10936808586121
0.10981297492981
0.10404181480408
0.11034297943115
0.10743188858032
0.10520005226135
0.10914611816406
0.10392308235168
0.10853981971741
0.1075279712677
0.10681486129761
0.10841512680054
0.10633492469788
0.10741996765137
0.11097311973572
0.10557699203491
0.10544109344482
0.10624289512634
0.10545706748962
0.10910797119141
0.10479092597961
0.10827279090881
0.11084008216858
0.10300612449646
0.11236476898193
0.10753798484802
0.10687685012817
0.10356497764587
0.10478019714355
0.10706496238708
0.10607814788818
0.10619187355042
0.10738301277161
0.105544090271
0.110356092453
0.11254501342773
0.10604619979858
0.11120796203613
0.10493612289429
0.10647892951965
0.10337209701538
0.10652709007263
0.10754203796387
0.10497498512268
0.10577392578125
0.11126494407654
0.10530805587769
0.10539197921753
0.10496687889099
0.10072493553162
0.10935997962952
0.10555791854858
0.10493493080139
0.10757088661194
0.10509586334229
0.10823893547058
0.10517311096191
0.12490510940552
0.1088559627533
0.10685896873474
0.11129689216614
0.10696411132812
0.10567307472229
0.10661005973816
0.11240100860596
0.10243010520935
0.11159110069275
0.1083710193634
0.10600590705872
0.11252117156982
0.10824203491211
0.10839700698853
0.1099328994751
0.1096498966217
0.11457395553589
0.1122510433197
0.10540294647217
0.11275386810303
0.10928988456726
0.10746598243713
0.10788202285767
0.10878992080688
0.103924036026
0.11089015007019
0.10532093048096
0.11082100868225
0.10469603538513
0.10467314720154
0.10760188102722
0.10759782791138
0.10620594024658
0.10465216636658
0.11080288887024
0.105877161026
0.11657381057739
0.36357307434082
0.14052700996399
0.12055087089539
0.12497997283936
0.11685395240784
0.10943007469177
0.11171293258667
0.10889005661011
0.11530709266663
0.10994696617126
0.10864090919495
0.10577893257141
0.10762310028076
0.11471390724182
0.10412907600403
0.11342406272888
0.11156511306763
0.10693001747131
0.106614112854
0.12436294555664
0.10610508918762
0.12197518348694
0.11385607719421
0.11109399795532
0.10235810279846
0.10765218734741
0.10129499435425
0.10405802726746
0.1056079864502
0.10305309295654
0.10578298568726
0.10652685165405
0.10654592514038
0.10591411590576
0.10287690162659
0.11609101295471
0.1054790019989
0.11923503875732
0.10839796066284
0.10608506202698
0.10520100593567
0.11686587333679
0.11147403717041
0.11115908622742
0.10716509819031
0.10343718528748
0.110671043396
0.10433292388916
0.10868692398071
0.11030197143555
0.10425400733948
0.10751008987427
0.10592603683472
0.11224508285522
0.12704181671143
0.10590100288391
0.10268402099609
0.10486197471619
0.1091639995575
0.10725998878479
0.10651206970215
0.1096670627594
0.10434007644653
0.11086297035217
0.10814309120178
0.10422611236572
0.10558605194092
0.11092114448547
0.11105704307556
0.10556793212891
0.10815501213074
0.10826706886292
0.10895085334778
0.10760903358459
0.10543417930603
0.10464096069336
0.10290288925171
0.10964107513428
0.1093168258667
0.10612392425537
0.10479784011841
0.10812187194824
0.10568308830261
0.1126720905304
0.11267495155334
0.11316108703613
0.10763311386108
0.10788607597351
0.10502696037292
0.10622787475586
0.10456991195679
0.11004495620728
0.10927104949951
0.10528802871704
0.12476491928101
0.10734391212463
0.10650682449341
0.10414981842041
0.10542893409729
0.1085479259491
0.11182808876038
0.10374999046326
0.10793781280518
0.10747504234314
0.10541105270386
0.10318994522095
0.10686993598938
0.10756587982178
0.10581803321838
0.10732507705688
0.10325789451599
0.10257196426392
0.11064100265503
0.10586380958557
0.10640406608582
0.10998201370239
0.10368609428406
0.10467410087585
0.1028950214386
0.10699391365051
0.10398697853088
0.10791707038879
0.27698707580566
0.12264609336853
0.10494709014893
0.1047830581665
0.10359692573547
0.12762498855591
0.10871911048889
0.10503101348877
0.1079638004303
0.10704207420349
0.11326909065247
0.1053729057312
0.1201000213623
0.10642886161804
0.10575103759766
0.10791993141174
0.105299949646
0.10673213005066
0.10568809509277
0.10628604888916
0.10991621017456
0.11246204376221
0.10582804679871
0.11131596565247
0.10634684562683
0.10514092445374
0.11128997802734
0.11173892021179
0.1056809425354
0.10284209251404
0.10618615150452
0.10485410690308
0.11073207855225
0.10550808906555
0.12111711502075
0.10632514953613
0.10388016700745
0.11176490783691
0.10807585716248
0.10582709312439
0.10620784759521
0.10548210144043
0.10521197319031
0.10759592056274
0.10876798629761
0.12568092346191
0.10268783569336
0.11313915252686
0.11034393310547
0.11118388175964
0.10912799835205
0.10612487792969
0.11182808876038
0.1193630695343
0.10391783714294
0.10989904403687
0.10418200492859
0.10545897483826
0.10853910446167
0.10887098312378
0.10765409469604
0.10492706298828
0.10533308982849
0.11206293106079
0.10424017906189
0.10778999328613
0.10663914680481
0.10568594932556
0.10574102401733
0.10505986213684
0.10432004928589
0.11185097694397
0.10779690742493
0.1081428527832
0.11020398139954
0.10590887069702
0.10920286178589
0.10375308990479
0.1093909740448
0.10597395896912
0.10721492767334
0.1081109046936
0.10231399536133
0.1060938835144
0.10812306404114
0.11404609680176
0.1052839756012
0.10640382766724
0.10474610328674
0.10829710960388
0.10695195198059
0.13718795776367
0.10669898986816
0.10734415054321
0.10801196098328
0.10640287399292
0.10785889625549
0.10738706588745
0.11267280578613
0.10550904273987
0.10544490814209
0.10801792144775
0.10782504081726
0.10344409942627
0.11045384407043
0.10623002052307
0.10515213012695
0.10314297676086
0.10927295684814
0.10381102561951
0.10535407066345
0.10800385475159
0.10513687133789
0.10394406318665
0.23519897460938
0.11043500900269
0.10856080055237
0.10442805290222
0.14770698547363
0.10826015472412
0.10887694358826
0.10921096801758
0.1198148727417
0.11833810806274
0.10866403579712
0.10467791557312
0.11179518699646
0.12492799758911
0.10463809967041
0.10700297355652
0.10882520675659
0.10637307167053
0.10983300209045
0.11124897003174
0.10443091392517
0.10655903816223
0.12382578849792
0.1051230430603
0.10773611068726
0.11185812950134
0.1170449256897
0.10379910469055
0.11307621002197
0.10652589797974
0.1037290096283
0.10620594024658
0.10333800315857
0.12322783470154
0.10826086997986
0.10641002655029
0.11466693878174
0.10587406158447
0.11334085464478
0.10987591743469
0.10525393486023
0.10366415977478
0.11189293861389
0.10473108291626
0.10976004600525
0.10723805427551
0.11490893363953
0.10477900505066
0.10811686515808
0.10947418212891
0.10723304748535
0.10606503486633
0.10322713851929
0.10867500305176
0.1137478351593
0.10839104652405
0.11077308654785
0.10580897331238
0.10351181030273
0.11129999160767
0.10612392425537
0.10867309570312
0.1052360534668
0.10755705833435
0.1087441444397
0.10785007476807
0.10949301719666
0.10991096496582
0.10865998268127
0.1054470539093
0.10536408424377
0.10883212089539
0.10406303405762
0.10502409934998
0.10465097427368
0.10801696777344
0.1176438331604
0.10826396942139
0.10488414764404
0.10764789581299
0.10555291175842
0.11258387565613
0.10615301132202
0.10353302955627
0.10694289207458
0.10774517059326
0.10509204864502
0.10987520217896
0.10596418380737
0.10725402832031
0.11505484580994
0.11383509635925
0.10679006576538
0.10560584068298
0.14736890792847
0.10659289360046
0.10654187202454
0.10595107078552
0.10764908790588
0.13671016693115
0.1051619052887
0.10432004928589
0.11027503013611
0.10655903816223
0.10504198074341
0.10997486114502
0.10515594482422
0.10802912712097
0.1049690246582
0.10659885406494
0.10545706748962
0.10870695114136
0.10536193847656
0.10529804229736
0.24281311035156
0.11206388473511
0.10490012168884
0.10656499862671
0.10696816444397
0.10895395278931
0.11090993881226
0.10837388038635
0.10690498352051
0.11032485961914
0.12078404426575
0.10575890541077
0.1069540977478
0.11714100837708
0.11216711997986
0.11336898803711
0.11009001731873
0.11026787757874
0.10886001586914
0.10263204574585
0.10459303855896
0.1045708656311
0.11902809143066
0.12157702445984
0.10478210449219
0.10608506202698
0.10839605331421
0.10496115684509
0.10760903358459
0.10691118240356
0.11132907867432
0.107253074646
0.10418701171875
0.11026287078857
0.10664105415344
0.1118950843811
0.10542488098145
0.10524892807007
0.10493302345276
0.10640788078308
0.10564708709717
0.10799503326416
0.1062958240509
0.10933899879456
0.10922288894653
0.10805797576904
0.10417199134827
0.10525298118591
0.11459183692932
0.12306094169617
0.10514211654663
0.11012697219849
0.1097469329834
0.10458588600159
0.10763192176819
0.11466503143311
0.10411310195923
0.11655592918396
0.10449290275574
0.10640001296997
0.11884593963623
0.10485100746155
0.10528922080994
0.10507607460022
0.10420918464661
0.11315989494324
0.10890007019043
0.10830402374268
0.10360717773438
0.10832905769348
0.10915803909302
0.10466504096985
0.10459280014038
0.10970306396484
0.10535287857056
0.11096596717834
0.10995697975159
0.10398411750793
0.12250208854675
0.11151099205017
0.10532307624817
0.10390782356262
0.11598491668701
0.10577416419983
0.13539099693298
0.10371398925781
0.10651898384094
0.104572057724
0.10127806663513
0.10903692245483
0.10483384132385
0.10994982719421
0.10584712028503
0.10345005989075
0.11032009124756
0.10428309440613
0.10897612571716
0.10935091972351
0.10433602333069
0.10643601417542
0.10568714141846
0.10788512229919
0.11995601654053
0.10976195335388
0.10424304008484
0.10386610031128
0.10892295837402
0.10998606681824
0.1084418296814
0.1296489238739
0.10479998588562
0.1091628074646
0.10695099830627
0.10992789268494
0.10584712028503
0.10459589958191
0.10575413703918
0.10924792289734
0.10623788833618
0.10945796966553
0.10856080055237
0.10328793525696
0.106525182724
0.14172697067261
0.19626998901367
0.1063289642334
0.11024880409241
0.10868120193481
0.10830521583557
0.10573792457581
0.15351510047913
0.10671401023865
0.1181538105011
0.10567998886108
0.10482788085938
0.10650491714478
0.12372016906738
0.10469079017639
0.11052799224854
0.10620093345642
0.11107897758484
0.10307502746582
0.10934901237488
0.10961413383484
0.10403990745544
0.10955691337585
