0.00093293190002441
0.00063014030456543
0.00066494941711426
0.0009310245513916
0.0011527538299561
0.00066494941711426
0.001133918762207
0.00092434883117676
0.0022890567779541
0.0010638236999512
0.001356840133667
0.00063705444335938
0.0019090175628662
0.0010418891906738
0.00098919868469238
0.0010859966278076
0.0026891231536865
0.0006401538848877
0.00078773498535156
0.00070762634277344
0.00056719779968262
0.0010170936584473
0.00047111511230469
0.00062894821166992
0.0010082721710205
0.00075197219848633
0.00091910362243652
0.00083804130554199
0.00089287757873535
0.00060892105102539
0.00085139274597168
0.00086307525634766
0.00073409080505371
0.00066900253295898
0.00095033645629883
0.000640869140625
0.00085687637329102
0.00069093704223633
0.00077176094055176
0.00097227096557617
0.00068283081054688
0.00062870979309082
0.00071907043457031
0.00067687034606934
0.00067305564880371
0.00063991546630859
0.0009760856628418
0.0010690689086914
0.0011370182037354
0.00072622299194336
0.00091004371643066
0.00061511993408203
0.00093388557434082
0.00095486640930176
0.00063395500183105
0.00070285797119141
0.00065398216247559
0.0029191970825195
0.00066375732421875
0.0006260871887207
0.00095701217651367
0.00071096420288086
0.00087404251098633
0.00077509880065918
0.00070905685424805
0.00094079971313477
0.00063109397888184
0.00066304206848145
0.00066089630126953
0.00068116188049316
0.00063610076904297
0.00069689750671387
0.00061583518981934
0.00093889236450195
0.00066089630126953
0.00070500373840332
0.00099086761474609
0.00068473815917969
0.00075101852416992
0.00062417984008789
0.00063586235046387
0.0010039806365967
0.002100944519043
0.00068998336791992
0.00065374374389648
0.00077414512634277
0.00065326690673828
0.00053286552429199
0.00099778175354004
0.0006101131439209
0.0023951530456543
0.00069284439086914
0.010032176971436
0.0012667179107666
0.00087094306945801
0.00080370903015137
0.00069189071655273
0.00087571144104004
0.0065429210662842
0.00097894668579102
0.0009770393371582
0.00062203407287598
0.00093889236450195
0.00064301490783691
0.00063896179199219
0.0010287761688232
0.00073480606079102
0.00062203407287598
0.00066399574279785
0.00069212913513184
0.00074100494384766
0.0010781288146973
0.00056195259094238
0.0007469654083252
0.00067305564880371
0.00092101097106934
0.00064182281494141
0.00060915946960449
0.0010590553283691
0.0015079975128174
0.00068116188049316
0.0010201930999756
0.0028481483459473
0.0013060569763184
0.00071978569030762
0.00073385238647461
0.001039981842041
0.0032880306243896
0.00082874298095703
0.0010190010070801
0.0020778179168701
0.00094795227050781
0.0011072158813477
0.0030269622802734
0.0033972263336182
0.00065922737121582
0.00078916549682617
0.001021146774292
0.00082612037658691
0.0034999847412109
0.0010337829589844
0.0010530948638916
0.00080204010009766
0.0010128021240234
0.00060105323791504
0.00068211555480957
0.00068998336791992
0.00065016746520996
0.00097012519836426
0.00066089630126953
0.00098085403442383
0.00105881690979
0.0006251335144043
0.00055623054504395
0.00064396858215332
0.00087118148803711
0.00059795379638672
0.00069117546081543
0.00089001655578613
0.00091695785522461
0.00073695182800293
0.00071096420288086
0.0022528171539307
0.0012929439544678
0.00069403648376465
0.0011017322540283
0.0018706321716309
0.00066494941711426
0.0030810832977295
0.0006248950958252
0.00087714195251465
0.0010371208190918
0.00075101852416992
0.00080299377441406
0.0010776519775391
0.00099301338195801
0.0010488033294678
0.00099897384643555
0.0024209022521973
0.00078272819519043
0.00077700614929199
0.00077199935913086
0.00060200691223145
0.0010001659393311
0.0010900497436523
0.00066804885864258
0.00074195861816406
0.00065207481384277
0.0011789798736572
0.00067901611328125
0.001002311706543
0.00085210800170898
0.0017342567443848
0.00061392784118652
0.46259307861328
0.00067019462585449
0.0006711483001709
0.0009312629699707
0.00069808959960938
0.0006868839263916
0.00072503089904785
0.00071811676025391
0.00069403648376465
0.0013468265533447
0.00089097023010254
0.0053906440734863
0.00087499618530273
0.0019283294677734
0.002741813659668
0.00083494186401367
0.00063896179199219
0.000701904296875
0.00067806243896484
0.0028510093688965
0.0031018257141113
0.00097084045410156
0.0017991065979004
0.0006711483001709
0.001133918762207
0.0010361671447754
0.00059294700622559
0.00088596343994141
0.0011167526245117
0.00075197219848633
0.0017130374908447
0.00093436241149902
0.00073814392089844
0.00098681449890137
0.00071096420288086
0.00067305564880371
0.00066804885864258
0.0013449192047119
0.0011911392211914
0.0010111331939697
0.00071072578430176
0.00072193145751953
0.00096797943115234
0.00087499618530273
0.0010876655578613
0.00072479248046875
0.00075602531433105
0.0011260509490967
0.00095629692077637
0.00064897537231445
0.00080060958862305
0.00066995620727539
0.00093698501586914
0.00093817710876465
0.00064396858215332
0.00063610076904297
0.0008549690246582
0.00068283081054688
0.00099396705627441
0.0010318756103516
0.0011069774627686
0.00067305564880371
0.00062894821166992
0.0011122226715088
0.00083017349243164
0.0022420883178711
0.0010612010955811
0.00073003768920898
0.00063705444335938
0.00093221664428711
0.00068426132202148
0.00083184242248535
0.00054311752319336
0.00066089630126953
0.0023980140686035
0.0025830268859863
0.00077605247497559
0.00086879730224609
0.00077104568481445
0.00064682960510254
0.00099682807922363
0.00064802169799805
0.00075912475585938
0.00080609321594238
0.0025889873504639
0.00069785118103027
0.0009920597076416
0.00061202049255371
0.0006401538848877
0.00069785118103027
0.00097322463989258
0.0012121200561523
0.00097417831420898
0.00061583518981934
0.00075292587280273
0.00070786476135254
0.0018212795257568
0.0010700225830078
0.0010390281677246
0.00065088272094727
0.00064682960510254
0.00061726570129395
0.0008089542388916
0.00074386596679688
0.00066089630126953
0.0023579597473145
0.0010108947753906
0.0017290115356445
0.0010387897491455
0.00083684921264648
0.00076985359191895
0.00067400932312012
0.0010871887207031
0.00070500373840332
0.00073623657226562
0.00068092346191406
0.00092291831970215
0.00098586082458496
0.00065803527832031
0.00063204765319824
0.00068092346191406
0.0019252300262451
0.00077199935913086
0.00061702728271484
0.0010499954223633
0.0009620189666748
0.00099897384643555
0.0006248950958252
0.00063872337341309
0.00098824501037598
0.0011141300201416
0.00092005729675293
0.00071001052856445
0.00065922737121582
0.00067782402038574
0.00096774101257324
0.00073504447937012
0.0017590522766113
0.0012252330780029
0.010369777679443
0.0056350231170654
0.0010638236999512
0.00069093704223633
0.00095009803771973
0.00069904327392578
0.00059413909912109
0.00083303451538086
0.0010678768157959
0.00069499015808105
0.00097966194152832
0.00092411041259766
0.0071392059326172
0.00097298622131348
0.00077581405639648
0.0018310546875
0.00092053413391113
0.0010499954223633
0.00069904327392578
0.00083184242248535
0.00069093704223633
0.00063300132751465
0.00066375732421875
0.00086784362792969
0.0009760856628418
0.00098729133605957
0.00098586082458496
0.00076985359191895
0.00079822540283203
0.0033302307128906
0.0012648105621338
0.00081729888916016
0.0012001991271973
0.001784086227417
0.0011148452758789
0.00096917152404785
0.0007631778717041
0.00070595741271973
0.0036308765411377
0.00076580047607422
0.00094199180603027
0.0010912418365479
0.0019829273223877
0.00081300735473633
0.00086188316345215
0.0007932186126709
0.00070810317993164
0.0007932186126709
0.00063014030456543
0.00093412399291992
0.00072073936462402
0.0013608932495117
0.002871036529541
0.00072908401489258
0.0012471675872803
0.00066328048706055
0.0035419464111328
0.0010049343109131
0.0007171630859375
0.0033550262451172
0.0011312961578369
0.00068998336791992
0.00072693824768066
0.00084209442138672
0.00096678733825684
0.00070619583129883
0.00059700012207031
0.0010781288146973
0.0007169246673584
0.000885009765625
0.00065708160400391
0.00065898895263672
0.0015938282012939
0.0010690689086914
0.00061297416687012
0.0013501644134521
0.00070500373840332
0.00083303451538086
0.0010011196136475
0.0010299682617188
0.00089001655578613
0.001183032989502
0.00073599815368652
0.0023250579833984
0.0010931491851807
0.00066900253295898
0.00051426887512207
0.00074100494384766
0.0021119117736816
0.00071001052856445
0.00066900253295898
0.0010261535644531
0.00068902969360352
0.00069808959960938
0.00079202651977539
0.00083613395690918
0.0012471675872803
0.00082945823669434
0.00064516067504883
0.00062394142150879
0.00073790550231934
0.0010757446289062
0.00068306922912598
0.0010058879852295
0.00085711479187012
0.00073814392089844
0.00085306167602539
0.00068783760070801
0.00087594985961914
0.0050220489501953
0.00068402290344238
0.00082206726074219
0.00085997581481934
0.00072407722473145
0.00075507164001465
0.0013117790222168
0.00071001052856445
0.00083804130554199
0.0011842250823975
0.00070500373840332
0.00088810920715332
0.0026888847351074
0.00060701370239258
0.00071597099304199
0.0010159015655518
0.00067687034606934
0.00066995620727539
0.00091791152954102
0.00069904327392578
0.0040218830108643
0.00066208839416504
0.00078105926513672
0.00068998336791992
0.00070905685424805
0.00067496299743652
0.00074005126953125
0.0010671615600586
0.0016679763793945
0.0010879039764404
0.0011029243469238
0.00068831443786621
0.0034911632537842
0.0010180473327637
0.00099611282348633
0.00092291831970215
0.00069880485534668
0.0030078887939453
0.00062108039855957
0.00068998336791992
0.00076603889465332
0.00099611282348633
0.00072908401489258
0.00064611434936523
0.00058913230895996
0.00084900856018066
0.00095105171203613
0.00092816352844238
0.00066018104553223
0.0037240982055664
0.00058507919311523
0.001086950302124
0.0015799999237061
0.0013089179992676
0.0011670589447021
0.00089383125305176
0.001079797744751
0.0028188228607178
0.0019080638885498
0.0027840137481689
0.0082912445068359
0.00064206123352051
0.00072407722473145
0.0028107166290283
0.00069594383239746
0.00070500373840332
0.00066828727722168
0.00093698501586914
0.0015079975128174
0.00065493583679199
0.00072503089904785
0.0010251998901367
0.0014820098876953
0.00066900253295898
0.00052499771118164
0.00066113471984863
0.00069785118103027
0.0017421245574951
0.0016212463378906
0.00089812278747559
0.0010499954223633
0.0010139942169189
0.0063509941101074
0.00094699859619141
0.00069403648376465
0.00078010559082031
0.0028538703918457
0.00063800811767578
0.00070881843566895
0.00066518783569336
0.00069904327392578
0.00079679489135742
0.0011816024780273
0.00075697898864746
0.0007169246673584
0.00073599815368652
0.0012919902801514
0.0019791126251221
0.00060606002807617
0.00074911117553711
0.00069999694824219
0.0016648769378662
0.00068187713623047
0.0012650489807129
0.00059175491333008
0.0010039806365967
0.00068807601928711
0.0017218589782715
0.00088810920715332
0.0039267539978027
0.00082302093505859
0.0014450550079346
0.0006260871887207
0.0010218620300293
0.00066781044006348
0.00092625617980957
0.0005803108215332
0.00088214874267578
0.016837120056152
0.00066089630126953
0.00065708160400391
0.00069499015808105
0.0013182163238525
0.0011136531829834
0.0010411739349365
0.0010461807250977
0.00053596496582031
0.00059318542480469
0.00084900856018066
0.0013778209686279
0.00073003768920898
0.00074410438537598
0.0011672973632812
0.00081515312194824
0.00083732604980469
0.00065803527832031
0.00063991546630859
0.0010049343109131
0.00069093704223633
0.00096988677978516
0.00054597854614258
0.0069341659545898
0.00069904327392578
0.0012722015380859
0.00066232681274414
0.00059723854064941
0.00061297416687012
0.00071406364440918
0.0012140274047852
0.0006859302520752
0.0013270378112793
0.00069403648376465
0.00073981285095215
0.0056381225585938
0.0041840076446533
0.00071096420288086
0.003065824508667
0.0010271072387695
0.0010130405426025
0.0010550022125244
0.0010042190551758
0.00064706802368164
0.0015029907226562
0.00081324577331543
0.00096011161804199
0.00065875053405762
0.00063300132751465
0.00050806999206543
0.00066208839416504
0.0023849010467529
0.0010669231414795
0.00049591064453125
0.00077104568481445
0.00066709518432617
0.00089406967163086
0.00099682807922363
0.01410984992981
0.0010600090026855
0.00078105926513672
0.00124192237854
0.00064277648925781
0.00060915946960449
0.0012738704681396
0.0011448860168457
0.0006718635559082
0.00091814994812012
0.00089192390441895
0.00063800811767578
0.001107931137085
0.00098109245300293
0.00066995620727539
0.0010879039764404
0.0013546943664551
0.00072503089904785
0.00085687637329102
0.0010356903076172
0.0027482509613037
0.00070381164550781
0.0007021427154541
0.00053000450134277
0.00067019462585449
0.00069904327392578
0.0020179748535156
0.00082707405090332
0.00056290626525879
0.0057859420776367
0.00087189674377441
0.0010099411010742
0.00065994262695312
0.0073451995849609
0.00062870979309082
0.00094795227050781
0.00067496299743652
0.00068521499633789
0.00076913833618164
0.0035161972045898
0.00067400932312012
0.0009000301361084
0.0010809898376465
0.00063014030456543
0.00063800811767578
0.00096297264099121
0.00069427490234375
0.0031542778015137
0.00070714950561523
0.0010170936584473
0.00081396102905273
0.00070500373840332
0.00090289115905762
0.00066804885864258
0.00060129165649414
0.001068115234375
0.00094485282897949
0.0006110668182373
0.00063204765319824
0.0019068717956543
0.00068211555480957
0.00075626373291016
0.00059294700622559
0.00086474418640137
0.0013179779052734
0.0009617805480957
0.0010292530059814
0.00065374374389648
0.0005791187286377
0.0012388229370117
0.0080599784851074
0.00063395500183105
0.00084805488586426
0.020286083221436
0.0011889934539795
0.000701904296875
0.0004732608795166
0.00075411796569824
0.0019562244415283
0.00095200538635254
0.0006260871887207
0.0011842250823975
0.0027461051940918
0.010111093521118
0.033908843994141
0.002701997756958
0.00064682960510254
0.00068020820617676
0.00064897537231445
0.00067996978759766
0.00076794624328613
0.00081610679626465
0.00080609321594238
0.0024762153625488
0.00066065788269043
0.00084996223449707
0.002626895904541
0.0011708736419678
0.0011076927185059
0.00081801414489746
0.00070095062255859
0.00077700614929199
0.0009000301361084
0.0014302730560303
0.00064516067504883
0.00074505805969238
0.00076699256896973
0.00069928169250488
0.00088596343994141
0.00098013877868652
0.00071191787719727
0.00077605247497559
0.00098395347595215
0.0010299682617188
0.00063610076904297
0.00085902214050293
0.00066494941711426
0.00080490112304688
0.0034852027893066
0.00064897537231445
0.0006868839263916
0.0010747909545898
0.00097799301147461
0.00061511993408203
0.00068497657775879
0.00053715705871582
0.00071096420288086
0.00065779685974121
0.00070476531982422
0.00070619583129883
0.00086188316345215
0.0006868839263916
0.00072598457336426
0.00084614753723145
0.00063514709472656
0.00092029571533203
0.00075984001159668
0.0010638236999512
0.00066399574279785
0.0010151863098145
0.00067996978759766
0.00064206123352051
0.00062298774719238
0.00095605850219727
0.00073695182800293
0.00099611282348633
0.0017080307006836
0.00050997734069824
0.00071024894714355
0.0005640983581543
0.0011258125305176
0.00062775611877441
0.00062775611877441
0.00070714950561523
0.00043702125549316
0.00082612037658691
0.0010313987731934
0.00071310997009277
0.0066592693328857
0.0007927417755127
0.00061488151550293
0.0078248977661133
0.00060081481933594
0.00066614151000977
0.00096583366394043
0.00087809562683105
0.0016472339630127
0.00058984756469727
0.0010161399841309
0.00067591667175293
0.0007781982421875
0.00054192543029785
0.00068092346191406
0.00058102607727051
0.0010707378387451
0.0010979175567627
0.003638744354248
0.0019099712371826
0.00071310997009277
0.00098466873168945
0.00066018104553223
0.00062012672424316
0.0028228759765625
0.0008552074432373
0.00071096420288086
0.001068115234375
0.0031919479370117
0.00067996978759766
0.00051784515380859
0.0006098747253418
0.00065708160400391
0.0012757778167725
0.0022211074829102
0.00064301490783691
0.0010020732879639
0.00095319747924805
0.00069165229797363
0.0012791156768799
0.00052785873413086
0.00071883201599121
0.00099873542785645
0.0010912418365479
0.0091483592987061
0.00068473815917969
0.00078010559082031
0.00058817863464355
0.00067305564880371
0.00073790550231934
0.0011131763458252
0.00078415870666504
0.015826940536499
0.00062370300292969
0.00065517425537109
0.00084710121154785
0.0010480880737305
0.0011270046234131
0.0018718242645264
0.0016541481018066
0.00080132484436035
0.0010340213775635
0.00059819221496582
0.00091719627380371
0.006436824798584
0.00070500373840332
0.00070476531982422
0.00074887275695801
0.00082015991210938
0.00059103965759277
0.00065517425537109
0.00055623054504395
0.00065207481384277
0.00047016143798828
0.00091409683227539
0.00099515914916992
0.00096416473388672
0.00069594383239746
0.0033245086669922
0.0005497932434082
0.0030100345611572
0.00069785118103027
0.00073409080505371
0.0010778903961182
0.0010528564453125
0.0006859302520752
0.0012273788452148
0.00258469581604
0.0008690357208252
0.00069117546081543
0.001021146774292
0.00054287910461426
0.00065398216247559
0.00085711479187012
0.0019600391387939
0.00064206123352051
0.00077676773071289
0.00078105926513672
0.0010278224945068
0.005403995513916
0.0012919902801514
0.00097918510437012
0.0005190372467041
0.00067305564880371
0.00050687789916992
0.0006868839263916
0.00065803527832031
0.0007178783416748
0.00067520141601562
0.00064826011657715
0.00062203407287598
0.000885009765625
0.0010950565338135
0.0032591819763184
0.0013251304626465
0.0007169246673584
0.00070476531982422
0.00060081481933594
0.00099587440490723
0.00057601928710938
0.00097513198852539
0.00076103210449219
0.0010418891906738
0.00076603889465332
0.0011508464813232
0.00087904930114746
0.00066924095153809
0.00062203407287598
0.0067098140716553
0.00064682960510254
0.00066113471984863
0.00094413757324219
0.0010452270507812
0.00095415115356445
0.00068283081054688
0.003715991973877
0.0018658638000488
0.0031981468200684
0.00073099136352539
0.002802848815918
0.00057268142700195
0.00071525573730469
0.00070619583129883
0.00074195861816406
0.00064778327941895
0.0011889934539795
0.00078511238098145
0.00073480606079102
0.00067901611328125
0.0015609264373779
0.00077486038208008
0.00084900856018066
0.00062203407287598
0.00095009803771973
0.0015881061553955
0.001291036605835
0.0006718635559082
0.0040898323059082
0.00066804885864258
0.00069308280944824
0.00061225891113281
0.0019652843475342
0.00073909759521484
0.0011677742004395
0.0016129016876221
0.00070095062255859
0.0010960102081299
0.00095701217651367
0.0012197494506836
0.00067377090454102
0.00076580047607422
0.0010061264038086
0.00075483322143555
0.0024158954620361
0.00081324577331543
0.00046014785766602
0.00070786476135254
0.00091075897216797
0.0011670589447021
0.0029559135437012
0.0028378963470459
0.0007319450378418
0.00072288513183594
0.0010409355163574
0.001147985458374
0.00064730644226074
0.00049090385437012
0.0009920597076416
0.0011041164398193
0.0010769367218018
0.0010621547698975
0.0035889148712158
0.0012328624725342
0.00060224533081055
0.0010111331939697
0.00065493583679199
0.0010426044464111
0.00063991546630859
0.0007631778717041
0.00063085556030273
0.00066924095153809
0.00087213516235352
0.0010490417480469
0.00072693824768066
0.0010061264038086
0.0005948543548584
0.00066709518432617
0.00092267990112305
0.0014441013336182
0.0010471343994141
0.011409759521484
0.00073909759521484
0.00061488151550293
0.00068783760070801
0.0006260871887207
0.00086784362792969
0.00063014030456543
0.00078725814819336
0.00072193145751953
0.0042300224304199
0.00068020820617676
0.0011379718780518
0.0010180473327637
0.00099396705627441
