0.0030229091644287
0.0038809776306152
0.0042209625244141
0.0029020309448242
0.0030109882354736
0.0027930736541748
0.0040090084075928
0.0046231746673584
0.0060269832611084
0.0042681694030762
0.0060179233551025
0.0038299560546875
0.0064749717712402
0.0048890113830566
0.0068821907043457
0.011141061782837
0.0043840408325195
0.0040040016174316
0.0044960975646973
0.004188060760498
0.0039961338043213
0.0039830207824707
0.003972053527832
0.0043220520019531
0.0041608810424805
0.0034949779510498
0.004004955291748
0.0038750171661377
0.0062918663024902
0.0040359497070312
0.0038959980010986
0.0035469532012939
0.0060629844665527
0.0039389133453369
0.0032110214233398
0.0040819644927979
0.0044591426849365
0.0034070014953613
0.0041098594665527
0.0043420791625977
0.0039680004119873
0.0035009384155273
0.0038659572601318
0.0083861351013184
0.0049331188201904
0.0049929618835449
0.0055699348449707
0.0041899681091309
0.017184019088745
0.0063700675964355
0.0061831474304199
0.0037789344787598
0.0052390098571777
0.008519172668457
0.008817195892334
0.0038619041442871
0.0050091743469238
0.0051720142364502
0.004331111907959
0.0039660930633545
0.0081548690795898
0.0038621425628662
0.0043110847473145
0.0041730403900146
0.0041060447692871
0.0032758712768555
0.0030069351196289
0.0033750534057617
0.0039801597595215
0.003230094909668
0.0027830600738525
0.0033049583435059
0.0030200481414795
0.0031349658966064
0.00311279296875
0.002946138381958
0.002979040145874
0.0033979415893555
0.0030219554901123
0.0029969215393066
0.0031290054321289
0.0036089420318604
0.0032598972320557
0.0039381980895996
0.0040180683135986
0.0033500194549561
0.0035221576690674
0.0034768581390381
0.0034081935882568
0.004223108291626
0.0039999485015869
0.0041580200195312
0.0037860870361328
0.0051720142364502
0.0033049583435059
0.0031490325927734
0.0034568309783936
0.0036008358001709
0.0036559104919434
0.00376296043396
0.00400710105896
0.0048599243164062
0.00801682472229
0.0045671463012695
0.0041401386260986
0.0039589405059814
0.0060720443725586
0.0085208415985107
0.0044140815734863
0.0084691047668457
0.0079939365386963
0.0039699077606201
0.0032808780670166
0.0037610530853271
0.0041060447692871
0.0040440559387207
0.0040249824523926
0.0035159587860107
0.0033910274505615
0.0031487941741943
0.0029339790344238
0.0034511089324951
0.003748893737793
0.0032341480255127
0.0037541389465332
0.0029010772705078
0.0030109882354736
0.0043377876281738
0.0050599575042725
0.0052149295806885
0.0039350986480713
0.0040469169616699
0.005511999130249
0.0043849945068359
0.0042130947113037
0.004000186920166
0.0039620399475098
0.0038390159606934
0.010128974914551
0.0044059753417969
0.0037460327148438
0.0046560764312744
0.0070769786834717
0.0041661262512207
0.014584064483643
0.0040299892425537
0.0040678977966309
0.0032730102539062
0.0033338069915771
0.0028078556060791
0.0032961368560791
0.0029890537261963
0.0036060810089111
0.002892017364502
0.0031008720397949
0.0051348209381104
0.0030272006988525
0.0033588409423828
0.0030899047851562
0.0034599304199219
0.0031309127807617
0.0039420127868652
0.0029540061950684
0.0028140544891357
0.0034668445587158
0.0036449432373047
0.0035979747772217
0.0044059753417969
0.0030379295349121
0.0036399364471436
0.0036759376525879
0.0037322044372559
0.0042309761047363
0.0043239593505859
0.0056219100952148
0.0040669441223145
0.0036840438842773
0.0031528472900391
0.0038821697235107
0.0031869411468506
0.0028700828552246
0.0038740634918213
0.0035140514373779
0.0031399726867676
0.0032548904418945
0.0038590431213379
0.0040969848632812
0.0040109157562256
0.003680944442749
0.0042979717254639
0.0041060447692871
0.0037591457366943
0.0037758350372314
0.0067858695983887
0.0067949295043945
0.0054450035095215
0.0033130645751953
0.0028090476989746
0.0035860538482666
0.0029830932617188
0.0037620067596436
0.0030150413513184
0.004410982131958
0.0030758380889893
0.0030388832092285
0.0031170845031738
0.0037879943847656
0.004533052444458
0.0040218830108643
0.0034148693084717
0.0030961036682129
0.0030801296234131
0.0036420822143555
0.0030269622802734
0.0029580593109131
0.0029590129852295
0.0055170059204102
0.0042808055877686
0.0040881633758545
0.0039589405059814
0.0039429664611816
0.0036780834197998
0.0038740634918213
0.0045201778411865
0.0037751197814941
0.0040829181671143
0.0035810470581055
0.0038559436798096
0.0071499347686768
0.010016918182373
0.0049121379852295
0.0037760734558105
0.0036389827728271
0.0040690898895264
0.004004955291748
0.0034701824188232
0.0042960643768311
0.0035991668701172
0.0045709609985352
0.0087049007415771
0.0085630416870117
0.0052330493927002
0.0043809413909912
0.0042388439178467
0.0055301189422607
0.0033590793609619
0.0033910274505615
0.00347900390625
0.0041289329528809
0.0031709671020508
0.0032470226287842
0.0028088092803955
0.0038330554962158
0.0040268898010254
0.0042600631713867
0.0032050609588623
0.0038731098175049
0.0038621425628662
0.0057368278503418
0.00376296043396
0.0037319660186768
0.0031929016113281
0.0038759708404541
0.0038528442382812
0.0033969879150391
0.0027639865875244
0.0034711360931396
0.0035469532012939
0.0038928985595703
0.0030629634857178
0.0043280124664307
0.0038528442382812
0.0070168972015381
0.0072071552276611
0.0042600631713867
0.010885000228882
0.0040018558502197
0.010729074478149
0.0037240982055664
0.0037519931793213
0.0035309791564941
0.0039310455322266
0.0058820247650146
0.0072410106658936
0.0038712024688721
0.0029339790344238
0.0053169727325439
0.003943920135498
0.0027289390563965
0.0036249160766602
0.0030629634857178
0.0030100345611572
0.0044040679931641
0.002979040145874
0.0038139820098877
0.0038812160491943
0.010435104370117
0.0042269229888916
0.003943920135498
0.0038959980010986
0.0074288845062256
0.0040900707244873
0.0036780834197998
0.0036718845367432
0.0034961700439453
0.0042209625244141
0.0031290054321289
0.0036818981170654
0.0034549236297607
0.0029821395874023
0.0049629211425781
0.0040919780731201
0.0044050216674805
0.0037300586700439
0.016067028045654
0.0047340393066406
0.004176139831543
0.0033948421478271
0.0032889842987061
0.0039820671081543
0.0037598609924316
0.0039310455322266
0.0037529468536377
0.0045959949493408
0.0045850276947021
0.0040030479431152
0.0035982131958008
0.0031750202178955
0.0063540935516357
0.0054171085357666
0.008188009262085
0.0057978630065918
0.0095458030700684
0.0037870407104492
0.0039219856262207
0.0070819854736328
0.0037910938262939
0.00311279296875
0.0033359527587891
0.0038251876831055
0.0042529106140137
0.0029480457305908
0.0031540393829346
0.003154993057251
0.0039610862731934
0.0028951168060303
0.0032999515533447
0.0026700496673584
0.0033600330352783
0.00323486328125
0.0041298866271973
0.0035200119018555
0.0039699077606201
0.0036368370056152
0.0071489810943604
0.0044500827789307
0.011878967285156
0.0049030780792236
0.0033609867095947
0.0029289722442627
0.0030839443206787
0.0033950805664062
0.0033450126647949
0.0034139156341553
0.0040249824523926
0.004342794418335
0.003615140914917
0.0084547996520996
0.0039069652557373
0.0055439472198486
0.0036351680755615
0.0086231231689453
0.0052289962768555
0.046091794967651
0.0041260719299316
0.0039777755737305
0.006335973739624
0.0064740180969238
0.0054171085357666
0.016610860824585
0.0041689872741699
0.0039360523223877
0.0095210075378418
0.0040571689605713
0.0082941055297852
0.0048649311065674
0.0097968578338623
0.0040910243988037
0.0038411617279053
0.0055880546569824
0.016844987869263
0.0041630268096924
0.0040240287780762
0.0043768882751465
0.0033090114593506
0.0042710304260254
0.0092430114746094
0.0047199726104736
0.0034148693084717
0.0044848918914795
0.0037820339202881
0.0086400508880615
0.0040559768676758
0.0082578659057617
0.007026195526123
0.0037939548492432
0.0039889812469482
0.004011869430542
0.0044469833374023
0.0038590431213379
0.0036330223083496
0.0036690235137939
0.0038909912109375
0.0027608871459961
0.0039689540863037
0.0038650035858154
0.0043590068817139
0.0060009956359863
0.0052769184112549
0.0037767887115479
0.010326862335205
0.0042951107025146
0.0037708282470703
0.0039288997650146
0.0041289329528809
0.0084969997406006
0.0036778450012207
0.0030429363250732
0.0030419826507568
0.003270149230957
0.0043039321899414
0.0030851364135742
0.0038402080535889
0.0032708644866943
0.0034980773925781
0.0031540393829346
0.0028989315032959
0.0062699317932129
0.0042099952697754
0.0042319297790527
0.012526035308838
0.0072321891784668
0.0071330070495605
0.003324031829834
0.0031528472900391
0.0030150413513184
0.0028400421142578
0.0041589736938477
0.0037879943847656
0.003572940826416
0.0038199424743652
0.0035960674285889
0.003838062286377
0.0087130069732666
0.0036280155181885
0.0038609504699707
0.0081570148468018
0.0031721591949463
0.0031909942626953
0.0054099559783936
0.0042381286621094
0.0033740997314453
0.0038108825683594
0.003821849822998
0.0031058788299561
0.0036129951477051
0.0047781467437744
0.003993034362793
0.0028669834136963
0.0028228759765625
0.0031468868255615
0.0027749538421631
0.0041079521179199
0.0040040016174316
0.0027749538421631
0.0026891231536865
0.0038440227508545
0.0069220066070557
0.0041401386260986
0.0064170360565186
0.0049779415130615
0.0063850879669189
0.0049450397491455
0.0043690204620361
0.0039458274841309
0.0039131641387939
0.003777027130127
0.0053651332855225
0.0029711723327637
0.0039088726043701
0.004256010055542
0.0031599998474121
0.0037779808044434
0.0028319358825684
0.0030670166015625
0.0037300586700439
0.0032088756561279
0.003087043762207
0.0040650367736816
0.0037949085235596
0.0041389465332031
0.0044159889221191
0.0031721591949463
0.0041329860687256
0.006011962890625
0.003972053527832
0.0038270950317383
0.0033149719238281
0.0030498504638672
0.0032458305358887
0.0035262107849121
0.0038208961486816
0.0037930011749268
0.0037620067596436
0.0033969879150391
0.0037610530853271
0.0028541088104248
0.0036609172821045
0.0040740966796875
0.0047550201416016
0.009354829788208
0.003795862197876
0.0038139820098877
0.004472017288208
0.0056860446929932
0.0031120777130127
0.0040888786315918
0.0039818286895752
0.0044858455657959
0.0041069984436035
0.0082690715789795
0.0038058757781982
0.0037350654602051
0.0037720203399658
0.0036740303039551
0.003795862197876
0.0049500465393066
0.015803098678589
0.0048718452453613
0.0044939517974854
0.0040590763092041
0.0088849067687988
0.0088701248168945
0.011991024017334
0.0033180713653564
0.0030639171600342
0.0027899742126465
0.0033900737762451
0.0079338550567627
0.0038528442382812
0.0081150531768799
0.0042970180511475
0.0040831565856934
0.0039479732513428
0.0034799575805664
0.0072309970855713
0.0040750503540039
0.0040209293365479
0.005202054977417
0.00537109375
0.0032329559326172
0.0037648677825928
0.015988826751709
0.0051488876342773
0.0063850879669189
0.0064229965209961
0.0031337738037109
0.0036399364471436
0.0032651424407959
0.0032880306243896
0.002938985824585
0.0034940242767334
0.003148078918457
0.0029189586639404
0.0040769577026367
0.0030159950256348
0.0033669471740723
0.0042839050292969
0.0039970874786377
0.0036690235137939
0.0033879280090332
0.0056920051574707
0.0039048194885254
0.0034189224243164
0.0031180381774902
0.0036659240722656
0.0031430721282959
0.003180980682373
0.0030181407928467
0.0028021335601807
0.0040280818939209
0.0037291049957275
0.0034430027008057
0.0038299560546875
0.0039699077606201
0.004141092300415
0.0038549900054932
0.015406847000122
0.0041921138763428
0.0082499980926514
0.0090899467468262
0.0063540935516357
0.0061569213867188
0.0084409713745117
0.0034041404724121
0.003878116607666
0.0033879280090332
0.0034289360046387
0.0039880275726318
0.0032570362091064
0.0036299228668213
0.0028140544891357
0.0038299560546875
0.0031170845031738
0.10364699363708
0.0040109157562256
0.0086269378662109
0.0041298866271973
0.0030450820922852
0.0036239624023438
0.0030829906463623
0.0039999485015869
0.0030179023742676
0.0031230449676514
0.003183126449585
0.0039119720458984
0.0040221214294434
0.0040609836578369
0.0034070014953613
0.0045690536499023
0.0029289722442627
0.0033571720123291
0.0035760402679443
0.0032579898834229
0.0039491653442383
0.004356861114502
0.0096509456634521
0.004054069519043
0.0038869380950928
0.0042798519134521
0.0037839412689209
0.0038769245147705
0.0058658123016357
0.0042271614074707
0.0039970874786377
0.0035340785980225
0.002964973449707
0.0035300254821777
0.0041060447692871
0.0034170150756836
0.0054531097412109
0.0037660598754883
0.0037729740142822
0.0040950775146484
0.0033550262451172
0.0053861141204834
0.0043120384216309
0.0042819976806641
0.0064609050750732
0.0040481090545654
0.0058159828186035
0.0053749084472656
0.0036370754241943
0.0041401386260986
0.0034630298614502
0.011533975601196
0.0051949024200439
0.0079901218414307
0.0043790340423584
0.01480507850647
0.01039981842041
0.0045781135559082
0.009390115737915
0.003695011138916
0.0073418617248535
0.0039989948272705
0.0036439895629883
0.0039839744567871
0.0036380290985107
0.0041251182556152
0.0029239654541016
0.0037980079650879
0.0035758018493652
0.0038700103759766
0.002730131149292
0.0029928684234619
0.0028848648071289
0.0030159950256348
0.0037848949432373
0.0030319690704346
0.00307297706604
0.0034761428833008
0.0038728713989258
0.0033690929412842
0.0041689872741699
0.0030949115753174
0.0040380954742432
0.0038738250732422
0.0042879581451416
0.0037899017333984
0.0036709308624268
0.00826096534729
0.0036969184875488
0.0041120052337646
0.0055248737335205
0.0039310455322266
0.004065990447998
0.0061469078063965
0.0036978721618652
0.0033490657806396
0.0031130313873291
0.0052361488342285
0.0039768218994141
0.0039200782775879
0.0038778781890869
0.0039200782775879
0.0030791759490967
0.0032060146331787
0.0039560794830322
0.003972053527832
0.0073840618133545
0.0038058757781982
0.0038349628448486
0.003899097442627
0.0032150745391846
0.0030097961425781
0.0033230781555176
0.0036108493804932
0.0035569667816162
0.0028631687164307
0.0029270648956299
0.0029950141906738
0.0030460357666016
0.0038290023803711
0.0034458637237549
0.0041828155517578
0.0045230388641357
0.0041220188140869
0.0058488845825195
0.0040011405944824
0.0045969486236572
0.0042409896850586
0.0041019916534424
0.0030920505523682
0.0049660205841064
0.0028750896453857
0.0040290355682373
0.003108024597168
0.003993034362793
0.0045499801635742
0.0031929016113281
0.0035099983215332
0.0029411315917969
0.0029261112213135
0.0027790069580078
0.0029008388519287
0.0029730796813965
0.0030398368835449
0.0032279491424561
0.003821849822998
0.0031669139862061
0.0037050247192383
0.0038578510284424
0.0027999877929688
0.0040969848632812
0.0028450489044189
0.0034830570220947
0.0040199756622314
0.0030307769775391
0.0028748512268066
0.0030958652496338
0.0036699771881104
0.0031039714813232
0.0031919479370117
0.0033340454101562
0.0038230419158936
0.0055110454559326
0.0040550231933594
0.0039899349212646
0.0063860416412354
0.0044300556182861
0.0050089359283447
0.0036060810089111
0.0078840255737305
0.0040509700775146
0.004072904586792
0.0056068897247314
0.0040571689605713
0.0049939155578613
0.0038959980010986
0.004040002822876
0.0043790340423584
0.0042159557342529
0.0078408718109131
0.0043699741363525
0.0035800933837891
0.0039098262786865
0.0040340423583984
0.0042998790740967
0.0036740303039551
0.0039200782775879
0.0030419826507568
0.0034420490264893
0.0042469501495361
0.0028281211853027
0.0030019283294678
0.0032370090484619
0.0029768943786621
0.0037992000579834
0.0032699108123779
0.0040221214294434
0.0030519962310791
0.0039730072021484
0.0030841827392578
0.0042731761932373
0.004040002822876
0.003709077835083
0.0028588771820068
0.0032119750976562
0.0042669773101807
0.0031850337982178
0.0036470890045166
0.0041520595550537
0.0031111240386963
0.0029261112213135
0.0034289360046387
0.0041258335113525
0.0041041374206543
0.003878116607666
0.0043978691101074
0.0059380531311035
0.0031678676605225
0.0031728744506836
0.0038580894470215
0.0030889511108398
0.0046379566192627
0.0035769939422607
0.0031869411468506
0.0038669109344482
0.0036230087280273
0.0038609504699707
0.0038831233978271
0.0034241676330566
0.0037767887115479
0.0092360973358154
0.0059349536895752
0.0040318965911865
0.0033180713653564
0.0032351016998291
0.0037720203399658
0.0030679702758789
0.0033578872680664
0.0035390853881836
0.0032131671905518
0.003140926361084
0.0029280185699463
0.0039258003234863
0.0032551288604736
0.0032567977905273
0.003511905670166
0.0026538372039795
0.003154993057251
0.0043518543243408
0.0043909549713135
0.003917932510376
0.0034379959106445
0.0031139850616455
0.0040509700775146
0.0042970180511475
0.0036098957061768
0.003087043762207
0.0031099319458008
0.0031299591064453
0.0034389495849609
0.0033168792724609
0.003544807434082
0.0033540725708008
0.0041060447692871
0.0074009895324707
0.0054681301116943
0.0069129467010498
0.0040638446807861
0.0039389133453369
0.0034849643707275
0.0027899742126465
0.0033559799194336
0.0029351711273193
0.0030109882354736
0.0031771659851074
0.0028491020202637
0.0041229724884033
0.0033359527587891
0.0039169788360596
0.0032310485839844
0.0028369426727295
0.0029921531677246
0.0031309127807617
0.0041539669036865
0.0031559467315674
0.0029270648956299
0.0029280185699463
0.0035181045532227
0.0030159950256348
0.0041019916534424
0.0034909248352051
0.0032269954681396
0.0029089450836182
0.0036988258361816
0.0032830238342285
0.0041959285736084
0.0036909580230713
0.0033309459686279
0.0045981407165527
0.0032939910888672
0.0038020610809326
0.0043189525604248
0.0041089057922363
0.0044929981231689
0.0042009353637695
0.0039279460906982
0.0058331489562988
0.0055592060089111
0.0069570541381836
0.006882905960083
0.0039839744567871
0.0038268566131592
0.0040731430053711
0.0036470890045166
0.0052359104156494
0.0032131671905518
0.0027749538421631
0.0040121078491211
0.0031049251556396
0.0035598278045654
0.0052080154418945
0.0041351318359375
0.0050041675567627
0.0093848705291748
0.01003098487854
0.0039241313934326
0.0039629936218262
0.0038619041442871
0.0032150745391846
0.0028939247131348
0.0039448738098145
0.0043380260467529
0.0037879943847656
0.0040171146392822
0.0031349658966064
0.003432035446167
0.0038790702819824
0.0034189224243164
0.0039150714874268
0.0056431293487549
0.0077221393585205
0.0030488967895508
0.0040578842163086
0.0036919116973877
0.0030388832092285
0.0033590793609619
0.0034530162811279
0.0035679340362549
0.0032200813293457
0.0032711029052734
0.0036468505859375
0.0040740966796875
0.0066962242126465
0.0036659240722656
0.0034000873565674
0.0042159557342529
0.0029540061950684
0.0041649341583252
0.0029640197753906
0.0084331035614014
0.0042669773101807
0.0041689872741699
0.0087721347808838
0.0032649040222168
0.0041029453277588
0.0039999485015869
0.0036091804504395
0.0027828216552734
0.0030620098114014
0.0034918785095215
0.0034389495849609
0.0029561519622803
0.0044090747833252
0.0041358470916748
0.0031800270080566
0.0049290657043457
0.0027248859405518
0.0034580230712891
0.0035209655761719
0.004072904586792
0.0030810832977295
0.0043151378631592
0.0039310455322266
0.0030410289764404
0.0029480457305908
0.0030508041381836
