0.00097990036010742
0.0011117458343506
0.0032742023468018
0.00073504447937012
0.00053811073303223
0.00061297416687012
0.00072693824768066
0.00066900253295898
0.0029520988464355
0.00060915946960449
0.00065207481384277
0.00064492225646973
0.0046460628509521
0.0010199546813965
0.00073003768920898
0.00066995620727539
0.001187801361084
0.00071191787719727
0.0044300556182861
0.0010049343109131
0.0009620189666748
0.0009148120880127
0.0019741058349609
0.00070500373840332
0.00084114074707031
0.0010421276092529
0.00072526931762695
0.0010719299316406
0.0010592937469482
0.0033068656921387
0.0022139549255371
0.0022408962249756
0.0007927417755127
0.00072884559631348
0.00065875053405762
0.00082612037658691
0.0010018348693848
0.001032829284668
0.0018970966339111
0.00093793869018555
0.00065016746520996
0.0038490295410156
0.00056076049804688
0.0012941360473633
0.00072216987609863
0.00061511993408203
0.00067305564880371
0.00053024291992188
0.00058984756469727
0.00069975852966309
0.0011270046234131
0.0007939338684082
0.00084590911865234
0.00098490715026855
0.0012040138244629
0.0008091926574707
0.00075697898864746
0.00084185600280762
0.00064206123352051
0.001107931137085
0.0013167858123779
0.01195502281189
0.00067019462585449
0.00095772743225098
0.00067305564880371
0.00068402290344238
0.0007171630859375
0.00065994262695312
0.0011229515075684
0.0010771751403809
0.00066828727722168
0.00090312957763672
0.0022900104522705
0.00063681602478027
0.00089287757873535
0.0026469230651855
0.0008080005645752
0.00074410438537598
0.00064802169799805
0.00094079971313477
0.00071597099304199
0.0012838840484619
0.0011088848114014
0.00063467025756836
0.00092911720275879
0.00068783760070801
0.00068402290344238
0.00065183639526367
0.0074272155761719
0.0010828971862793
0.0032002925872803
0.0007176399230957
0.0010411739349365
0.00076794624328613
0.0010650157928467
0.00062084197998047
0.0011000633239746
0.00073480606079102
0.0017340183258057
0.00085973739624023
0.00070381164550781
0.00060701370239258
0.0010178089141846
0.0013790130615234
0.0014803409576416
0.00073719024658203
0.0007927417755127
0.00061988830566406
0.00097227096557617
0.001002311706543
0.0006871223449707
0.00085282325744629
0.00058412551879883
0.00063490867614746
0.00066304206848145
0.0021088123321533
0.0017459392547607
0.00063705444335938
0.0008540153503418
0.00075006484985352
0.0013010501861572
0.00070571899414062
0.00088214874267578
0.00067687034606934
0.0062549114227295
0.00067305564880371
0.00089383125305176
0.0007011890411377
0.00066113471984863
0.0032351016998291
0.00069189071655273
0.00068473815917969
0.00062823295593262
0.00067281723022461
0.00072288513183594
0.00068187713623047
0.00064706802368164
0.00066900253295898
0.00065207481384277
0.00066304206848145
0.00096893310546875
0.0039899349212646
0.0013561248779297
0.00066804885864258
0.0019571781158447
0.001230001449585
0.00063300132751465
0.00066685676574707
0.0031197071075439
0.0010061264038086
0.0010340213775635
0.0032849311828613
0.002640962600708
0.00063991546630859
0.00073409080505371
0.0010490417480469
0.0013701915740967
0.00064992904663086
0.0032932758331299
0.0010898113250732
0.0011329650878906
0.002924919128418
0.0013818740844727
0.00086092948913574
0.00079703330993652
0.0011711120605469
0.0010168552398682
0.00083708763122559
0.0017380714416504
0.0013191699981689
0.021870136260986
0.00060200691223145
0.00064802169799805
0.00064206123352051
0.002979040145874
0.0014259815216064
0.0010807514190674
0.0037140846252441
0.0013918876647949
0.0006110668182373
0.00067400932312012
0.00082182884216309
0.0010159015655518
0.0010776519775391
0.00079917907714844
0.00067019462585449
0.002565860748291
0.0013000965118408
0.0007021427154541
0.00072097778320312
0.00070905685424805
0.00080990791320801
0.0010251998901367
0.0011160373687744
0.0008692741394043
0.00062274932861328
0.00075316429138184
0.0010120868682861
0.0012009143829346
0.010495185852051
0.0011811256408691
0.00085926055908203
0.0011677742004395
0.00066184997558594
0.0011222362518311
0.00064682960510254
0.00076413154602051
0.00065398216247559
0.00076913833618164
0.00096797943115234
0.00082898139953613
0.00068378448486328
0.00078988075256348
0.0013411045074463
0.00096416473388672
0.0006711483001709
0.00077605247497559
0.0010421276092529
0.00075817108154297
0.0011990070343018
0.0012843608856201
0.00067400932312012
0.00082898139953613
0.0006568431854248
0.00063109397888184
0.00063204765319824
0.00073719024658203
0.00059914588928223
0.00064992904663086
0.0024590492248535
0.0006711483001709
0.00081515312194824
0.0010979175567627
0.00055980682373047
0.00065088272094727
0.00064706802368164
0.0007472038269043
0.00092387199401855
0.00089621543884277
0.0012149810791016
0.00064802169799805
0.00074601173400879
0.00073075294494629
0.00062680244445801
0.0011990070343018
0.0011022090911865
0.00083231925964355
0.001507043838501
0.0011000633239746
0.00068211555480957
0.00068092346191406
0.00077390670776367
0.00069999694824219
0.0010671615600586
0.001068115234375
0.00074172019958496
0.0010278224945068
0.00099802017211914
0.00067710876464844
0.00069785118103027
0.0018088817596436
0.00067305564880371
0.0012469291687012
0.00069761276245117
0.0015599727630615
0.00099301338195801
0.0011470317840576
0.00070405006408691
0.00080966949462891
0.001075267791748
0.00094103813171387
0.00078606605529785
0.0019340515136719
0.0010430812835693
0.00062084197998047
0.0019891262054443
0.00096964836120605
0.0014996528625488
0.00067496299743652
0.00081896781921387
0.0016522407531738
0.001802921295166
0.00075793266296387
0.00063109397888184
0.0010297298431396
0.0009150505065918
0.00062990188598633
0.00078201293945312
0.00097894668579102
0.0031778812408447
0.00068426132202148
0.00066804885864258
0.00082302093505859
0.001267671585083
0.0039210319519043
0.0010130405426025
0.00092697143554688
0.00088882446289062
0.00072121620178223
0.00070905685424805
0.00076127052307129
0.0011217594146729
0.00063323974609375
0.00073027610778809
0.00065183639526367
0.00071024894714355
0.0010077953338623
0.00085759162902832
0.00066304206848145
0.00067019462585449
0.00075697898864746
0.0011310577392578
0.00085711479187012
0.00092005729675293
0.0031571388244629
0.00069880485534668
0.00068116188049316
0.0011770725250244
0.0032081604003906
0.00093603134155273
0.0033674240112305
0.0007021427154541
0.00063109397888184
0.00067400932312012
0.002683162689209
0.00081777572631836
0.00066184997558594
0.00064492225646973
0.00063204765319824
0.00076580047607422
0.00076389312744141
0.001068115234375
0.0011279582977295
0.0048122406005859
0.0007319450378418
0.00061202049255371
0.00066399574279785
0.0008690357208252
0.0010421276092529
0.00066518783569336
0.00096893310546875
0.00073814392089844
0.0016469955444336
0.00071883201599121
0.00064897537231445
0.00082015991210938
0.00084304809570312
0.00076603889465332
0.00070500373840332
0.0014059543609619
0.0010929107666016
0.00093889236450195
0.0010929107666016
0.0030090808868408
0.0006859302520752
0.00063300132751465
0.00078511238098145
0.00064492225646973
0.001011848449707
0.00068020820617676
0.00063323974609375
0.0010020732879639
0.00064992904663086
0.0010364055633545
0.00066399574279785
0.0006709098815918
0.00052809715270996
0.0050270557403564
0.0053019523620605
0.0007169246673584
0.00075173377990723
0.0011603832244873
0.00082564353942871
0.00074100494384766
0.00066924095153809
0.00072813034057617
0.0010242462158203
0.0014932155609131
0.00095319747924805
0.00096297264099121
0.0008237361907959
0.0006871223449707
0.0026447772979736
0.0010290145874023
0.00070786476135254
0.0025999546051025
0.00084328651428223
0.00083494186401367
0.001133918762207
0.00075316429138184
0.00074124336242676
0.00066399574279785
0.00073003768920898
0.00058603286743164
0.00097775459289551
0.00097513198852539
0.00075602531433105
0.0012071132659912
0.00073409080505371
0.0024230480194092
0.00073909759521484
0.00068283081054688
0.00065779685974121
0.0012187957763672
0.00072097778320312
0.00099802017211914
0.0011100769042969
0.0010488033294678
0.00072479248046875
0.00060415267944336
0.0010030269622803
0.00098085403442383
0.00078511238098145
0.00062990188598633
0.0017099380493164
0.0010242462158203
0.00066995620727539
0.0007631778717041
0.00063896179199219
0.0021538734436035
0.00093293190002441
0.00066661834716797
0.001554012298584
0.00059294700622559
0.0028209686279297
0.0006251335144043
0.00052809715270996
0.0006251335144043
0.00078892707824707
0.0010039806365967
0.0053398609161377
0.00099921226501465
0.00066208839416504
0.00067305564880371
0.00062394142150879
0.0010616779327393
0.0010700225830078
0.0039899349212646
0.00072193145751953
0.0015847682952881
0.0006709098815918
0.00065517425537109
0.00064277648925781
0.00086092948913574
0.00065398216247559
0.00064373016357422
0.0011210441589355
0.0010759830474854
0.0010530948638916
0.0013782978057861
0.00061416625976562
0.00073981285095215
0.00094103813171387
0.0010068416595459
0.00075101852416992
0.0010750293731689
0.0011749267578125
0.0010159015655518
0.0014688968658447
0.0010437965393066
0.00072908401489258
0.0010302066802979
0.0009760856628418
0.00066018104553223
0.00064277648925781
0.0018351078033447
0.0010318756103516
0.00068521499633789
0.0010640621185303
0.00061798095703125
0.00075006484985352
0.00077104568481445
0.00090503692626953
0.00064492225646973
0.00065922737121582
0.00066709518432617
0.00065898895263672
0.00076985359191895
0.00067496299743652
0.00066018104553223
0.00069904327392578
0.0013358592987061
0.00064611434936523
0.00071811676025391
0.00066590309143066
0.0009920597076416
0.00062799453735352
0.0010221004486084
0.0011050701141357
0.0016403198242188
0.00070285797119141
0.00089311599731445
0.00072407722473145
0.0010919570922852
0.00076603889465332
0.00072002410888672
0.0020091533660889
0.00078701972961426
0.001129150390625
0.00067901611328125
0.00090384483337402
0.00068402290344238
0.0013840198516846
0.0009915828704834
0.0029926300048828
0.00064778327941895
0.0005640983581543
0.00066113471984863
0.00053787231445312
0.0010218620300293
0.00098609924316406
0.00096917152404785
0.00064492225646973
0.00063180923461914
0.0013282299041748
0.00062298774719238
0.00063395500183105
0.00061488151550293
0.0007331371307373
0.00064802169799805
0.00076413154602051
0.0010080337524414
0.0006871223449707
0.0010290145874023
0.00082588195800781
0.0012068748474121
0.0026717185974121
0.0010361671447754
0.0029540061950684
0.00086617469787598
0.0010380744934082
0.00064492225646973
0.00054788589477539
0.00063896179199219
0.0019321441650391
0.00065207481384277
0.0007472038269043
0.00075507164001465
0.0010881423950195
0.0013818740844727
0.0010480880737305
0.0011076927185059
0.0013878345489502
0.00074219703674316
0.0019638538360596
0.00091791152954102
0.00067496299743652
0.00060200691223145
0.00091695785522461
0.00062108039855957
0.00073575973510742
0.001237154006958
0.00064325332641602
0.0011560916900635
0.0016908645629883
0.00068020820617676
0.0019001960754395
0.00073885917663574
0.0010347366333008
0.0007321834564209
0.0016679763793945
0.00067520141601562
0.0010168552398682
0.00097274780273438
0.00076985359191895
0.0013480186462402
0.0008547306060791
0.0015408992767334
0.001882791519165
0.0010221004486084
0.0011119842529297
0.00060200691223145
0.0078589916229248
0.00063586235046387
0.00064873695373535
0.00063204765319824
0.00095582008361816
0.00064706802368164
0.00069618225097656
0.0045921802520752
0.0015091896057129
0.00095605850219727
0.00099992752075195
0.00064730644226074
0.00077462196350098
0.00079703330993652
0.00065207481384277
0.00072002410888672
0.0011489391326904
0.00064516067504883
0.0012695789337158
0.00087404251098633
0.00079822540283203
0.00070500373840332
0.00072002410888672
0.0034921169281006
0.00076985359191895
0.0011692047119141
0.00066590309143066
0.00067806243896484
0.0018630027770996
0.00096917152404785
0.00063800811767578
0.00065875053405762
0.0008552074432373
0.00069403648376465
0.0007328987121582
0.0006868839263916
0.0006110668182373
0.00097799301147461
0.001140832901001
0.0010201930999756
0.00075888633728027
0.00070714950561523
0.0004727840423584
0.0010838508605957
0.00075268745422363
0.00062298774719238
0.00080394744873047
0.0011272430419922
0.00072288513183594
0.00071191787719727
0.0015549659729004
0.0006108283996582
0.0007929801940918
0.00098586082458496
0.0009758472442627
0.00064802169799805
0.00070714950561523
0.0013670921325684
0.0007319450378418
0.0012099742889404
0.000579833984375
0.00062179565429688
0.0020320415496826
0.00063467025756836
0.00066685676574707
0.000701904296875
0.0048208236694336
0.00065302848815918
0.0047600269317627
0.00063014030456543
0.00099492073059082
0.00058388710021973
0.00074219703674316
0.00080299377441406
0.00082087516784668
0.00094175338745117
0.0005958080291748
0.00062799453735352
0.00064706802368164
0.00070023536682129
0.00073814392089844
0.0010781288146973
0.0010132789611816
0.0009458065032959
0.00066399574279785
0.00091290473937988
0.0005340576171875
0.00062084197998047
0.00094485282897949
0.00068902969360352
0.00080704689025879
0.0010030269622803
0.00099611282348633
0.0011281967163086
0.00082516670227051
0.00099492073059082
0.00065207481384277
0.0022330284118652
0.00063490867614746
0.00065493583679199
0.0006568431854248
0.00097489356994629
0.00065708160400391
0.00059008598327637
0.00076818466186523
0.00065183639526367
0.0014510154724121
0.0006721019744873
0.0027689933776855
0.0009770393371582
0.000640869140625
0.00069689750671387
0.0006721019744873
0.00084614753723145
0.00065016746520996
0.0010161399841309
0.0010471343994141
0.00072503089904785
0.0039129257202148
0.00071096420288086
0.0042099952697754
0.0011727809906006
0.00078272819519043
0.00068283081054688
0.00075817108154297
0.0013821125030518
0.0021650791168213
0.00097298622131348
0.00070309638977051
0.00080490112304688
0.0011708736419678
0.00076413154602051
0.0024030208587646
0.00074481964111328
0.001082181930542
0.0010149478912354
0.00095486640930176
0.00065016746520996
0.0006859302520752
0.00066399574279785
0.00070691108703613
0.0010471343994141
0.00065970420837402
0.0006718635559082
0.00062108039855957
0.00066375732421875
0.00062203407287598
0.00082015991210938
0.0028879642486572
0.0017330646514893
0.00072121620178223
0.0007331371307373
0.00074410438537598
0.0006561279296875
0.0006401538848877
0.0007328987121582
0.00062322616577148
0.0013501644134521
0.00088810920715332
0.00067329406738281
0.0047330856323242
0.00073909759521484
0.00095772743225098
0.00066113471984863
0.00086569786071777
0.0006248950958252
0.00066518783569336
0.00072813034057617
0.00068497657775879
0.0013401508331299
0.00098657608032227
0.00066971778869629
0.0025351047515869
0.00059390068054199
0.00063014030456543
0.0006721019744873
0.00065493583679199
0.00061702728271484
0.00065875053405762
0.00071001052856445
0.00079607963562012
0.00092506408691406
0.00069022178649902
0.00065469741821289
0.00070023536682129
0.0006558895111084
0.00068020820617676
0.0007171630859375
0.00097393989562988
0.0013389587402344
0.00065517425537109
0.00074505805969238
0.00066208839416504
0.00098085403442383
0.0010840892791748
0.00068378448486328
0.00064706802368164
0.00066208839416504
0.00062799453735352
0.0007939338684082
0.00087523460388184
0.00058913230895996
0.0010042190551758
0.00089597702026367
0.0022149085998535
0.0011599063873291
0.00070691108703613
0.00074625015258789
0.00061702728271484
0.00069236755371094
0.00062394142150879
0.00069594383239746
0.00061988830566406
0.0010011196136475
0.0010652542114258
0.0006868839263916
0.00066614151000977
0.00077509880065918
0.00067305564880371
0.00094199180603027
0.00082826614379883
0.0011000633239746
0.0016798973083496
0.00069308280944824
0.00060200691223145
0.00099611282348633
0.0010232925415039
0.0017340183258057
0.009735107421875
0.00063300132751465
0.0029940605163574
0.0009610652923584
0.0011310577392578
0.00070071220397949
0.00088691711425781
0.00066208839416504
0.00098514556884766
0.0011141300201416
0.0036289691925049
0.00064492225646973
0.00064277648925781
0.00095081329345703
0.0041441917419434
0.0009911060333252
0.00081706047058105
0.00072121620178223
0.00054287910461426
0.00065016746520996
0.00058412551879883
0.00095486640930176
0.00069689750671387
0.00097489356994629
0.0010311603546143
0.0042967796325684
0.0012743473052979
0.00069308280944824
0.0010066032409668
0.0010800361633301
0.00086307525634766
0.0010080337524414
0.0010471343994141
0.00066709518432617
0.0009920597076416
0.00062894821166992
0.00089311599731445
0.0035409927368164
0.0010440349578857
0.0067200660705566
0.0012965202331543
0.0066039562225342
0.0051910877227783
0.00085997581481934
0.00066685676574707
0.00059914588928223
0.00094294548034668
0.00066089630126953
0.00066900253295898
0.0032927989959717
0.00060915946960449
0.00073790550231934
0.00096893310546875
0.00095319747924805
0.00060915946960449
0.0014970302581787
0.0010471343994141
0.00063180923461914
0.0007328987121582
0.00077319145202637
0.0010900497436523
0.00064802169799805
0.00083613395690918
0.00095605850219727
0.0015809535980225
0.00064682960510254
0.00065112113952637
0.0011460781097412
0.00098037719726562
0.0037269592285156
0.0044929981231689
0.0010828971862793
0.0014770030975342
0.00095987319946289
0.00072717666625977
0.0014710426330566
0.00072908401489258
0.00062918663024902
0.00074577331542969
0.00063490867614746
0.00074982643127441
0.0010011196136475
0.00069022178649902
0.00093913078308105
0.0010488033294678
0.0011341571807861
0.00066685676574707
0.00070309638977051
0.00073885917663574
0.0011088848114014
0.00075912475585938
0.0027980804443359
0.00068473815917969
0.00090885162353516
0.0026111602783203
0.00070810317993164
0.00071907043457031
0.0012390613555908
0.0005488395690918
0.00079512596130371
0.0007779598236084
0.0007631778717041
0.0013267993927002
0.00078487396240234
0.00078082084655762
0.00064420700073242
0.00065112113952637
0.0039877891540527
0.0010249614715576
0.00067710876464844
0.00067281723022461
0.0006709098815918
0.00086402893066406
0.001392126083374
0.0006711483001709
0.00092291831970215
0.002979040145874
0.0007011890411377
0.0010738372802734
0.00074911117553711
0.0006561279296875
0.0010480880737305
0.0025520324707031
0.00092506408691406
0.0028059482574463
0.0010390281677246
0.0071423053741455
0.00095701217651367
0.00068902969360352
0.00066280364990234
0.00069999694824219
0.0027017593383789
0.00097203254699707
0.00066089630126953
0.00075793266296387
0.0011231899261475
0.00066399574279785
0.00082683563232422
0.0006859302520752
0.0014269351959229
0.010651111602783
0.00064682960510254
0.00066614151000977
0.00073671340942383
0.00066709518432617
0.00072097778320312
0.0010712146759033
0.00082087516784668
0.001643180847168
0.0015640258789062
0.0079619884490967
0.0033056735992432
0.00063610076904297
0.00064277648925781
0.0018279552459717
0.00068020820617676
0.00099873542785645
0.00067687034606934
0.00064206123352051
0.0006260871887207
0.00083494186401367
0.00071120262145996
0.00082492828369141
0.0006711483001709
0.0010530948638916
0.0010037422180176
0.0042209625244141
0.0011658668518066
0.0010149478912354
0.0025699138641357
0.0006098747253418
0.00082921981811523
0.0070421695709229
0.00068807601928711
0.00062704086303711
0.002338171005249
0.00075197219848633
0.00066089630126953
0.00069212913513184
0.0010659694671631
0.0006411075592041
0.00063228607177734
0.0006871223449707
0.00070071220397949
0.0018389225006104
0.00068020820617676
0.00087904930114746
0.00055623054504395
0.0007021427154541
0.00064373016357422
0.00067687034606934
0.00066208839416504
0.00070786476135254
0.00071406364440918
0.00065994262695312
0.0010409355163574
0.0066039562225342
0.00064730644226074
0.0030577182769775
0.00088691711425781
