0.10899114608765
0.11075019836426
0.12468385696411
0.11666989326477
0.10459208488464
0.11035990715027
0.10869193077087
0.10447192192078
0.11219382286072
0.11209082603455
0.12374687194824
0.11933183670044
0.11211800575256
0.10766911506653
0.11228108406067
0.1166570186615
0.10834908485413
0.10969710350037
0.11446309089661
0.11365985870361
0.10956287384033
0.11016201972961
0.10962915420532
0.11193490028381
0.10924601554871
0.13123607635498
0.11493110656738
0.10528898239136
0.10952687263489
0.10575795173645
0.10606908798218
0.11087512969971
0.10582423210144
0.10856413841248
0.10584211349487
0.10477614402771
0.10569787025452
0.10593318939209
0.10639309883118
0.12758493423462
0.11129403114319
0.106201171875
0.10887122154236
0.10845804214478
0.11236500740051
0.10924386978149
0.10293197631836
0.12121295928955
0.10918307304382
0.1083071231842
0.10988712310791
0.10447001457214
0.12126684188843
0.25044512748718
0.14796710014343
0.10829496383667
0.10482311248779
0.10835790634155
0.16385102272034
0.1061589717865
0.14661693572998
0.10849094390869
0.10604000091553
0.10472106933594
0.10730886459351
0.10762405395508
0.1116189956665
0.10642910003662
0.11070108413696
0.1042788028717
0.10694217681885
0.12276697158813
0.10790514945984
0.10917210578918
0.11154794692993
0.11155390739441
0.10461282730103
0.10551905632019
0.10577797889709
0.10388112068176
0.10809206962585
0.10673904418945
0.10766315460205
0.10874581336975
0.10622000694275
0.10442090034485
0.111407995224
0.10563278198242
0.10405015945435
0.11308312416077
0.11701512336731
0.1096670627594
0.1169638633728
0.10954785346985
0.1059718132019
0.10720992088318
0.10455703735352
0.10774803161621
0.10511684417725
0.10584187507629
0.10928606987
0.11580991744995
0.10745215415955
0.10602116584778
0.10976099967957
0.10625910758972
0.10596799850464
0.11335182189941
0.11070895195007
0.11059284210205
0.10515904426575
0.10652494430542
0.11036491394043
0.10523200035095
0.12605714797974
0.10656595230103
0.10565185546875
0.11027789115906
0.10589003562927
0.10441708564758
0.1092050075531
0.10738897323608
0.10645294189453
0.12423992156982
0.10603404045105
0.10607290267944
0.10337400436401
0.10616517066956
0.10436296463013
0.11109519004822
0.10779714584351
0.1051549911499
0.10399389266968
0.10724401473999
0.10818195343018
0.10682106018066
0.10965085029602
0.10593008995056
0.10536003112793
0.11853790283203
0.10785317420959
0.10262513160706
0.10337495803833
0.11221718788147
0.10749101638794
0.10638284683228
0.1054630279541
0.1185200214386
0.10935497283936
0.10514903068542
0.1045229434967
0.10732913017273
0.10956406593323
0.10983300209045
0.10689902305603
0.11168384552002
0.1063449382782
0.10784411430359
0.10647797584534
0.12870192527771
0.10607886314392
0.10512804985046
0.10469603538513
0.10680603981018
0.10888695716858
0.10393404960632
0.11013102531433
0.10904598236084
0.10708093643188
0.10673689842224
0.11140298843384
0.1088240146637
0.11663293838501
0.10341811180115
0.10459613800049
0.1046998500824
0.10495495796204
0.10815382003784
0.110515832901
0.1102499961853
0.10571718215942
0.10774302482605
0.10779595375061
0.11246109008789
0.10677599906921
0.11140990257263
0.1052520275116
0.10611295700073
0.10482788085938
0.11016917228699
0.10620093345642
0.10495495796204
0.10671615600586
0.10981893539429
0.10576200485229
0.10400390625
0.10894703865051
0.10677599906921
0.1065411567688
0.1050341129303
0.11480188369751
0.10763382911682
0.10586094856262
0.10615491867065
0.11270403862
0.10760593414307
0.10950899124146
0.10957288742065
0.10862588882446
0.10990691184998
0.10891604423523
0.11230301856995
0.11170792579651
0.10925102233887
0.10643887519836
0.10957980155945
0.1089289188385
0.10918807983398
0.11124300956726
0.10910892486572
0.10623002052307
0.10589194297791
0.10861897468567
0.10579705238342
0.1073579788208
0.11176896095276
0.105064868927
0.12102508544922
0.12017011642456
0.11098098754883
0.11019206047058
0.10681796073914
0.10803604125977
0.10463285446167
0.10497188568115
0.10877704620361
0.10792398452759
0.10385012626648
0.10699510574341
0.1120080947876
0.10395288467407
0.11683297157288
0.1051139831543
0.1054630279541
0.1120970249176
0.10443496704102
0.1096727848053
0.10823106765747
0.11502313613892
0.10725593566895
0.10954213142395
0.11142706871033
0.10840082168579
0.11134386062622
0.14089703559875
0.10895800590515
0.11278486251831
0.10717296600342
0.10936498641968
0.10604906082153
0.10738611221313
0.108647108078
0.10489082336426
0.11015391349792
0.10477495193481
0.10819602012634
0.11070394515991
0.11010813713074
0.10610485076904
0.10760903358459
0.11199808120728
0.10778594017029
0.10491514205933
0.1131420135498
0.10396599769592
0.11698603630066
0.11581897735596
0.10412096977234
0.10802793502808
0.12911605834961
0.10629296302795
0.10828280448914
0.10536885261536
0.10409808158875
0.10688281059265
0.10577201843262
0.10585594177246
0.11224389076233
0.1062970161438
0.11515378952026
0.10543918609619
0.10825181007385
0.10355401039124
0.10748910903931
0.11082100868225
0.10721516609192
0.11415696144104
0.10473704338074
0.108882188797
0.11687397956848
0.20299005508423
0.1064829826355
0.10928082466125
0.10863900184631
0.10427284240723
0.10641098022461
0.10600614547729
0.10564994812012
0.11133098602295
0.10729885101318
0.12045097351074
0.10667514801025
0.10565710067749
0.10816812515259
0.1056981086731
0.10547018051147
0.11321806907654
0.10448002815247
0.11409020423889
0.10750198364258
0.10838007926941
0.10665416717529
0.11428618431091
0.10468316078186
0.10625386238098
0.10733199119568
0.10653400421143
0.10811877250671
0.10545206069946
0.11664509773254
0.10487818717957
0.10800385475159
0.11279511451721
0.11085200309753
0.10511207580566
0.10481786727905
0.11022090911865
0.10528898239136
0.10786008834839
0.10737895965576
0.10953402519226
0.10994791984558
0.10814595222473
0.1197509765625
0.1061589717865
0.10467004776001
0.10721802711487
0.10294413566589
0.1067841053009
0.10564589500427
0.10487508773804
0.1051459312439
0.11014604568481
0.11546206474304
0.10493493080139
0.10789084434509
0.10733819007874
0.10839796066284
0.11367106437683
0.1177670955658
0.10581111907959
0.10815501213074
0.10461091995239
0.11164116859436
0.11116409301758
0.11197304725647
0.1060209274292
0.11053991317749
0.10220098495483
0.10599493980408
0.13200211524963
0.10653591156006
0.11068296432495
0.10571599006653
0.114333152771
0.1227879524231
0.10619211196899
0.10281014442444
0.12109708786011
0.10610485076904
0.10693502426147
0.12014102935791
0.10459303855896
0.10365104675293
0.10723495483398
0.10569596290588
0.10484910011292
0.105877161026
0.11245489120483
0.10988593101501
0.12550497055054
0.10532999038696
0.10453295707703
0.10887598991394
0.10422205924988
0.10766696929932
0.11527895927429
0.1035578250885
0.10970211029053
0.10752892494202
0.10628485679626
0.1107931137085
0.10626912117004
0.10847187042236
0.10616111755371
0.104336977005
0.10671806335449
0.10590410232544
0.10435199737549
0.10577201843262
0.1081748008728
0.10586190223694
0.11288189888
0.10651683807373
0.10968494415283
0.11116695404053
0.10500693321228
0.11111688613892
0.11022806167603
0.10520696640015
0.10404491424561
0.10550999641418
0.10511302947998
0.1057140827179
0.11281490325928
0.10607600212097
0.10451292991638
0.11132597923279
0.10734009742737
0.10489511489868
0.11389517784119
0.12174797058105
0.10553812980652
0.10507583618164
0.10994100570679
0.10511994361877
0.10559320449829
0.11052799224854
0.1178297996521
0.10666608810425
0.10561203956604
0.10273504257202
0.11395883560181
0.11201596260071
0.10600614547729
0.10742807388306
0.10878205299377
0.10801100730896
0.10822105407715
0.10408520698547
0.10721516609192
0.10543084144592
0.10463190078735
0.10809278488159
0.10634994506836
0.10545897483826
0.1072108745575
0.10652804374695
0.10883092880249
0.10693192481995
0.10652089118958
0.10523295402527
0.11496901512146
0.11360788345337
0.11088490486145
0.10557794570923
0.10580992698669
0.10812783241272
0.10472989082336
0.11002397537231
0.10664916038513
0.10636782646179
0.10517311096191
0.11092591285706
0.11117219924927
0.10648608207703
0.10382199287415
0.10864806175232
0.10472202301025
0.10743188858032
0.10849189758301
0.1063380241394
0.19754099845886
0.10442900657654
0.10731315612793
0.10658288002014
0.1122829914093
0.1151340007782
0.10406994819641
0.10456299781799
0.11118316650391
0.10939311981201
0.10512113571167
0.10332107543945
0.10513591766357
0.11439895629883
0.10855293273926
0.10693097114563
0.10513305664062
0.1134250164032
0.10790300369263
0.10907006263733
0.10655879974365
0.11448121070862
0.10447883605957
0.10679411888123
0.10839104652405
0.10503888130188
0.10489702224731
0.10900807380676
0.11506795883179
0.10862994194031
0.10865592956543
0.10483884811401
0.10657715797424
0.10685777664185
0.10861492156982
0.11048603057861
0.11134386062622
0.10534405708313
0.11015391349792
0.10447096824646
0.10239696502686
0.10828995704651
0.10409188270569
0.10535883903503
0.12423586845398
0.10554194450378
0.10669088363647
0.10798597335815
0.10330200195312
0.11135697364807
0.10623788833618
0.10715103149414
0.10935306549072
0.10677003860474
0.10847496986389
0.10872411727905
0.10363817214966
0.10872507095337
0.11706280708313
0.13955688476562
0.10885310173035
0.10579419136047
0.10410308837891
0.11291098594666
0.10772490501404
0.10898399353027
0.10911011695862
0.11610698699951
0.10250306129456
0.10831809043884
0.10542702674866
0.16058087348938
0.10482001304626
0.10939002037048
0.10605382919312
0.10779309272766
0.10964417457581
0.1065948009491
0.10545206069946
0.10654497146606
0.10752391815186
0.10768890380859
0.10421705245972
0.10419511795044
0.10677695274353
0.10462808609009
0.10518002510071
0.1042959690094
0.10715389251709
0.10685300827026
0.10481309890747
0.10312700271606
0.11325120925903
0.10596203804016
0.10760092735291
0.10916209220886
0.10311484336853
0.1099591255188
0.11406087875366
0.10637307167053
0.10802316665649
0.10859608650208
0.10487699508667
0.10656690597534
0.1070990562439
0.10342502593994
0.10410284996033
0.10415887832642
0.10268902778625
0.10811901092529
0.10894298553467
0.11087393760681
0.10948801040649
0.11141800880432
0.11303400993347
0.10760402679443
0.11329507827759
0.13624000549316
0.1051709651947
0.11640286445618
0.11071014404297
0.10675311088562
0.10306406021118
0.10944795608521
0.11050200462341
0.1076340675354
0.10631895065308
0.10469913482666
0.12858510017395
0.10491609573364
0.1050329208374
0.10587811470032
0.11331105232239
0.11583685874939
0.10618090629578
0.10225677490234
0.11156415939331
0.11284589767456
0.1048641204834
0.1042799949646
0.10610699653625
0.10843396186829
0.10651803016663
0.10291385650635
0.10631203651428
0.10788583755493
0.1225380897522
0.11801409721375
0.10902285575867
0.11022901535034
0.1048150062561
0.10786604881287
0.11889815330505
0.10686302185059
0.10584211349487
0.10391187667847
0.11142516136169
0.10378098487854
0.11223697662354
0.10398697853088
0.11511206626892
0.10648918151855
0.10684204101562
0.10593008995056
0.11071991920471
0.10663986206055
0.10702013969421
0.11059212684631
0.10721492767334
0.10537385940552
0.10669088363647
0.10887289047241
0.10938382148743
0.20212388038635
0.10917997360229
0.10623908042908
0.13122510910034
0.11292910575867
0.10857200622559
0.10743618011475
0.10456800460815
0.11306190490723
0.11184096336365
0.11530709266663
0.10412502288818
0.1068639755249
0.10958313941956
0.1055281162262
0.11745810508728
0.10876202583313
0.1052041053772
0.10556697845459
0.10800504684448
0.10929584503174
0.10863494873047
0.11076593399048
0.10777902603149
0.11041307449341
0.108402967453
0.1079409122467
0.13680100440979
0.10835599899292
0.11001396179199
0.10992693901062
0.11566495895386
0.1093761920929
0.11364006996155
0.10914301872253
0.10534405708313
0.10228395462036
0.11392903327942
0.10701107978821
0.10544991493225
0.11064386367798
0.10581398010254
0.11055302619934
0.10874795913696
0.11009812355042
0.10628795623779
0.10430002212524
0.11833691596985
0.11083912849426
0.10620307922363
0.10752010345459
0.10594296455383
0.10818910598755
0.1045069694519
0.10675501823425
0.10535001754761
0.10625290870667
0.1068069934845
0.10940504074097
0.10339879989624
0.11249685287476
0.10695505142212
0.10874605178833
0.10621881484985
0.10650992393494
0.10410809516907
0.10668396949768
0.10612416267395
0.11624908447266
0.1111319065094
0.10594415664673
0.10880899429321
0.10555911064148
0.11145496368408
0.10609483718872
0.10819411277771
0.10980701446533
0.10960698127747
0.10636901855469
0.10688400268555
0.10712480545044
0.10657906532288
0.10781407356262
0.10450887680054
0.1065878868103
0.10504198074341
0.10883688926697
0.10613393783569
0.10453414916992
0.11368083953857
0.11504316329956
0.10503792762756
0.10542798042297
0.11259317398071
0.10692501068115
0.10782194137573
0.10399103164673
0.10660290718079
0.12463903427124
0.10615611076355
0.10681009292603
0.10728597640991
0.11002707481384
0.10514998435974
0.10557198524475
0.10526299476624
0.11101102828979
0.1069700717926
0.10424399375916
0.10371994972229
0.11501789093018
0.10841608047485
0.10453510284424
0.10371804237366
0.10948491096497
0.10978889465332
0.1063289642334
0.10856008529663
0.10971999168396
0.1057391166687
0.106125831604
0.10927510261536
0.10645484924316
0.10793590545654
0.10535597801208
0.10846996307373
0.1072211265564
0.1072371006012
0.10780000686646
0.10242080688477
0.117436170578
0.11015200614929
0.10486197471619
0.10735416412354
0.10591006278992
0.1062479019165
0.10488605499268
0.10647201538086
0.10419797897339
0.11344599723816
0.12143898010254
0.10438513755798
0.11093807220459
0.10052704811096
0.106693983078
0.1080470085144
0.10417509078979
0.10556817054749
0.10923719406128
0.13243699073792
0.10432815551758
0.10279297828674
0.10987997055054
0.10373711585999
0.10894012451172
0.10500001907349
0.11054086685181
0.1030969619751
0.11557412147522
0.1088240146637
0.10777115821838
0.11509585380554
0.10843276977539
0.10582804679871
0.10640501976013
0.10868692398071
0.11640596389771
0.11737012863159
0.12097501754761
0.10257005691528
0.10963487625122
0.11100387573242
0.12095904350281
0.1066210269928
0.10564112663269
0.10659599304199
0.10776376724243
0.10477304458618
0.10429692268372
0.21121096611023
0.11600303649902
0.10329508781433
0.10601902008057
0.10663795471191
0.10836601257324
0.10599207878113
0.10703992843628
0.10853099822998
0.10605812072754
0.10656809806824
0.10662388801575
0.10835313796997
0.10443186759949
0.10592699050903
0.10718178749084
0.10982298851013
0.1070830821991
0.10675191879272
0.10376906394958
0.1073899269104
0.11147594451904
0.1050820350647
0.10718607902527
0.10673594474792
0.10515999794006
0.12058591842651
0.10565090179443
0.10733890533447
0.10456800460815
0.10967111587524
0.1092848777771
0.11100101470947
0.11037397384644
0.10642910003662
0.11987996101379
0.11136889457703
0.102863073349
0.10681700706482
0.10643982887268
0.10230708122253
0.11032700538635
0.11284208297729
0.10326409339905
0.10452914237976
0.10668396949768
0.10835909843445
0.1057071685791
0.10901284217834
0.10785102844238
0.10436010360718
0.10965514183044
0.11782908439636
0.10422897338867
0.11607789993286
0.10837483406067
0.10838198661804
0.11555194854736
0.11514902114868
0.10716819763184
0.10615205764771
0.10496306419373
0.11024498939514
0.12904691696167
0.10710597038269
0.10338497161865
0.11748695373535
0.11241888999939
0.10688495635986
0.10489702224731
0.10932803153992
0.10584807395935
0.10587906837463
0.12555003166199
0.11062693595886
0.10635900497437
0.10933208465576
0.10443902015686
0.10613203048706
0.10594892501831
0.10483384132385
0.11004304885864
0.10360789299011
0.10845518112183
0.10622692108154
0.15274810791016
0.11912608146667
0.10600996017456
0.10826992988586
0.10799098014832
0.10802698135376
0.10738587379456
0.10556292533875
0.10887885093689
0.10713505744934
0.11770486831665
0.10514807701111
0.10398483276367
0.1062638759613
0.10761904716492
0.10484099388123
0.10920405387878
0.10402202606201
0.10502099990845
0.10557222366333
0.10523700714111
0.10791611671448
0.10620093345642
0.11364102363586
0.14693903923035
0.11192417144775
0.10926294326782
0.11215305328369
0.13193392753601
0.12845897674561
0.1119179725647
0.11476612091064
0.10689401626587
0.10577487945557
0.10271406173706
0.11594200134277
0.10626006126404
0.10594606399536
0.10318684577942
0.10492992401123
0.10513091087341
0.107253074646
0.10815191268921
0.1055920124054
0.10565495491028
0.10750889778137
0.12972402572632
0.10548114776611
0.10314989089966
0.10729193687439
0.10728907585144
0.10362792015076
0.10455799102783
0.10489296913147
0.10605216026306
0.10582685470581
0.10654497146606
0.11027312278748
0.10543394088745
0.11056995391846
0.1038658618927
0.10690307617188
0.10603094100952
0.10600185394287
0.10712504386902
0.11101603507996
0.1066210269928
0.10961484909058
0.10487699508667
0.10254716873169
0.10557508468628
0.11107087135315
0.10493111610413
0.10768795013428
0.10786294937134
0.10425305366516
0.11038184165955
0.10764288902283
0.10667896270752
0.118901014328
0.11012005805969
