0.003032922744751
0.0032839775085449
0.0028800964355469
0.0041542053222656
0.0036270618438721
0.0043420791625977
0.0034999847412109
0.0038309097290039
0.0043659210205078
0.0039870738983154
0.0031099319458008
0.0039389133453369
0.0063848495483398
0.0044019222259521
0.0053999423980713
0.0063700675964355
0.0042111873626709
0.0041468143463135
0.0031721591949463
0.0037708282470703
0.0039198398590088
0.0046858787536621
0.0041000843048096
0.0034339427947998
0.004188060760498
0.004335880279541
0.0037040710449219
0.0037829875946045
0.0032060146331787
0.003046989440918
0.0032179355621338
0.0040349960327148
0.0039470195770264
0.0031399726867676
0.0041408538818359
0.0042181015014648
0.0041329860687256
0.0044100284576416
0.0089390277862549
0.0035769939422607
0.003493070602417
0.0031039714813232
0.0030279159545898
0.0035178661346436
0.0031359195709229
0.0050559043884277
0.0031599998474121
0.0029571056365967
0.0041408538818359
0.0038559436798096
0.0037300586700439
0.0030069351196289
0.0036690235137939
0.0040950775146484
0.0032520294189453
0.0028471946716309
0.0031459331512451
0.0031471252441406
0.0036630630493164
0.0036780834197998
0.0038599967956543
0.0037209987640381
0.0037870407104492
0.0039751529693604
0.0030429363250732
0.0040090084075928
0.0032980442047119
0.0040619373321533
0.0031969547271729
0.0034770965576172
0.0038731098175049
0.0042519569396973
0.0039210319519043
0.0042479038238525
0.0054991245269775
0.0039050579071045
0.0044069290161133
0.0035839080810547
0.0030379295349121
0.004080057144165
0.0035049915313721
0.0036740303039551
0.004155158996582
0.0048961639404297
0.0055508613586426
0.0038459300994873
0.0061850547790527
0.0043740272521973
0.0042109489440918
0.0051009654998779
0.0044231414794922
0.0039358139038086
0.0039420127868652
0.005681037902832
0.0040459632873535
0.0037941932678223
0.0039927959442139
0.0035219192504883
0.0033478736877441
0.0032908916473389
0.0036969184875488
0.0031130313873291
0.0035459995269775
0.0028707981109619
0.0031700134277344
0.0041708946228027
0.003425121307373
0.0029730796813965
0.0034010410308838
0.0038669109344482
0.0038180351257324
0.0029730796813965
0.0028460025787354
0.0038011074066162
0.0051019191741943
0.0048789978027344
0.0031270980834961
0.0035059452056885
0.0034348964691162
0.0035479068756104
0.005540132522583
0.010735988616943
0.0039889812469482
0.0038151741027832
0.0067529678344727
0.0040020942687988
0.0038461685180664
0.010465145111084
0.0044660568237305
0.0042548179626465
0.0035779476165771
0.0036420822143555
0.003068208694458
0.0031061172485352
0.0032649040222168
0.0040299892425537
0.0029749870300293
0.0032069683074951
0.0029201507568359
0.0042781829833984
0.003328800201416
0.0030889511108398
0.0043330192565918
0.0032339096069336
0.0041041374206543
0.0037951469421387
0.0043148994445801
0.0036859512329102
0.0043060779571533
0.0055320262908936
0.0092310905456543
0.0091547966003418
0.0042929649353027
0.0088820457458496
0.0040390491485596
0.0041248798370361
0.0057859420776367
0.0060989856719971
0.0092020034790039
0.009451150894165
0.0047051906585693
0.0053300857543945
0.0031509399414062
0.0029311180114746
0.0028378963470459
0.0030708312988281
0.0027289390563965
0.0033800601959229
0.0038480758666992
0.0044159889221191
0.0034248828887939
0.0037751197814941
0.0040819644927979
0.0051870346069336
0.004443883895874
0.0032298564910889
0.0032429695129395
0.0030770301818848
0.0038800239562988
0.0033028125762939
0.0043098926544189
0.0033309459686279
0.0037209987640381
0.0036368370056152
0.0040380954742432
0.0070979595184326
0.0083038806915283
0.0039620399475098
0.00382399559021
0.0035099983215332
0.0039651393890381
0.006335973739624
0.0036001205444336
0.004040002822876
0.0037760734558105
0.0047099590301514
0.0043110847473145
0.003896951675415
0.006080150604248
0.0039749145507812
0.0038580894470215
0.0060100555419922
0.0051579475402832
0.0039269924163818
0.0082261562347412
0.014734029769897
0.0029568672180176
0.0030760765075684
0.0038268566131592
0.0030889511108398
0.004000186920166
0.0042362213134766
0.0033650398254395
0.0047659873962402
0.0033378601074219
0.0038938522338867
0.0040938854217529
0.003835916519165
0.0072090625762939
0.0028648376464844
0.0033841133117676
0.0030081272125244
0.0040371417999268
0.0036091804504395
0.003986120223999
0.0039300918579102
0.0030591487884521
0.0039999485015869
0.0034148693084717
0.0037968158721924
0.0031039714813232
0.002877950668335
0.003169059753418
0.0039489269256592
0.0042719841003418
0.0037379264831543
0.0066940784454346
0.003993034362793
0.0030970573425293
0.0030801296234131
0.0040099620819092
0.003079891204834
0.003864049911499
0.0039379596710205
0.0032601356506348
0.0091431140899658
0.0042810440063477
0.0030441284179688
0.003026008605957
0.0041999816894531
0.0041401386260986
0.012044906616211
0.0040299892425537
0.0034308433532715
0.0065929889678955
0.0038619041442871
0.0088200569152832
0.0042910575866699
0.0035710334777832
0.0033960342407227
0.0038838386535645
0.0029609203338623
0.0041098594665527
0.0031619071960449
0.0032219886779785
0.0032908916473389
0.0034041404724121
0.0030748844146729
0.0042221546173096
0.0037620067596436
0.0032880306243896
0.0050640106201172
0.003737211227417
0.0041739940643311
0.0040378570556641
0.0045530796051025
0.0040829181671143
0.0031750202178955
0.0039408206939697
0.0032920837402344
0.0030341148376465
0.0043940544128418
0.0036981105804443
0.0036368370056152
0.0033690929412842
0.0034480094909668
0.003838062286377
0.0044488906860352
0.0029349327087402
0.0028369426727295
0.0027952194213867
0.0040819644927979
0.0043151378631592
0.004040002822876
0.0042569637298584
0.0039100646972656
0.003093957901001
0.003004789352417
0.0040860176086426
0.003201961517334
0.0029611587524414
0.003338098526001
0.0028049945831299
0.0035469532012939
0.0031890869140625
0.0032730102539062
0.0038328170776367
0.0030920505523682
0.0029640197753906
0.0037491321563721
0.0035898685455322
0.0034611225128174
0.0040910243988037
0.0041141510009766
0.0040979385375977
0.0058109760284424
0.0062389373779297
0.0037300586700439
0.0055079460144043
0.0040810108184814
0.0038280487060547
0.004626989364624
0.0070109367370605
0.0082190036773682
0.011072874069214
0.0037081241607666
0.0057389736175537
0.0040202140808105
0.0071711540222168
0.0037598609924316
0.003162145614624
0.0037708282470703
0.0039858818054199
0.0034518241882324
0.002979040145874
0.004241943359375
0.0032310485839844
0.0070281028747559
0.0040459632873535
0.0043179988861084
0.0087718963623047
0.012316942214966
0.0038290023803711
0.0039641857147217
0.0050489902496338
0.0071730613708496
0.0030510425567627
0.0030059814453125
0.0036709308624268
0.0029680728912354
0.0038468837738037
0.0040431022644043
0.0042300224304199
0.0031061172485352
0.00394606590271
0.0037400722503662
0.0035099983215332
0.0036070346832275
0.0034282207489014
0.0050439834594727
0.0038928985595703
0.0031650066375732
0.0030820369720459
0.0039858818054199
0.0087530612945557
0.0038089752197266
0.0044980049133301
0.0036230087280273
0.0036900043487549
0.004302978515625
0.0041739940643311
0.0060060024261475
0.0031020641326904
0.0035419464111328
0.0055768489837646
0.0034139156341553
0.013338088989258
0.0027830600738525
0.0044641494750977
0.0040490627288818
0.0039942264556885
0.004237174987793
0.0035650730133057
0.0086421966552734
0.017747163772583
0.0037410259246826
0.0038979053497314
0.003464937210083
0.003849983215332
0.0035631656646729
0.0039420127868652
0.0028150081634521
0.0032141208648682
0.0040268898010254
0.0040609836578369
0.0039570331573486
0.0041730403900146
0.012250185012817
0.01022481918335
0.0045030117034912
0.0042238235473633
0.0040860176086426
0.0043008327484131
0.0038270950317383
0.0031781196594238
0.0036799907684326
0.0042498111724854
0.0038928985595703
0.0038979053497314
0.0034379959106445
0.0029489994049072
0.0030958652496338
0.0040640830993652
0.0031030178070068
0.0036439895629883
0.0036239624023438
0.0032680034637451
0.0036020278930664
0.011873960494995
0.0034549236297607
0.0040090084075928
0.0040490627288818
0.005875825881958
0.0039181709289551
0.0042119026184082
0.0087368488311768
0.0038549900054932
0.0057220458984375
0.0046310424804688
0.0041680335998535
0.0034081935882568
0.0039989948272705
0.0027620792388916
0.00331711769104
0.0039680004119873
0.0033209323883057
0.0029728412628174
0.0039589405059814
0.0039739608764648
0.0035719871520996
0.0046720504760742
0.0048971176147461
0.0050380229949951
0.0074310302734375
0.0085580348968506
0.0040359497070312
0.0084919929504395
0.0067808628082275
0.0042018890380859
0.0033349990844727
0.0039889812469482
0.0038759708404541
0.0036489963531494
0.0074419975280762
0.0055480003356934
0.0085270404815674
0.0067689418792725
0.0044870376586914
0.0036218166351318
0.0039839744567871
0.0031518936157227
0.0037310123443604
0.002971887588501
0.0036699771881104
0.0028431415557861
0.0032951831817627
0.0028321743011475
0.003230094909668
0.0030689239501953
0.0039589405059814
0.0043909549713135
0.0040528774261475
0.0040009021759033
0.0038919448852539
0.006598949432373
0.0038728713989258
0.010163068771362
0.0084559917449951
0.0039000511169434
0.0065319538116455
0.0046918392181396
0.0041940212249756
0.0038590431213379
0.0080749988555908
0.004227876663208
0.0034668445587158
0.0042200088500977
0.003140926361084
0.0038340091705322
0.0030841827392578
0.0029540061950684
0.003040075302124
0.0040509700775146
0.0029380321502686
0.0040440559387207
0.0031719207763672
0.0032520294189453
0.0035121440887451
0.0031449794769287
0.0038950443267822
0.0039949417114258
0.0038681030273438
0.0042099952697754
0.0043318271636963
0.0067980289459229
0.0067379474639893
0.0043559074401855
0.0041718482971191
0.0038390159606934
0.0039858818054199
0.0035200119018555
0.0065751075744629
0.0041139125823975
0.0047380924224854
0.0068910121917725
0.0038859844207764
0.0032050609588623
0.0038101673126221
0.0066080093383789
0.0063159465789795
0.010877847671509
0.0039730072021484
0.0029480457305908
0.003140926361084
0.003593921661377
0.0042819976806641
0.0068259239196777
0.011825084686279
0.0033609867095947
0.0064699649810791
0.0042681694030762
0.0070140361785889
0.0045888423919678
0.0036749839782715
0.0031130313873291
0.0039248466491699
0.0032219886779785
0.0030961036682129
0.00319504737854
0.0038862228393555
0.0031800270080566
0.0040719509124756
0.0037569999694824
0.0031599998474121
0.0027151107788086
0.0029850006103516
0.0030720233917236
0.0029528141021729
0.0029728412628174
0.0033419132232666
0.003615140914917
0.0032880306243896
0.0061109066009521
0.0040898323059082
0.0034580230712891
0.0041608810424805
0.0042908191680908
0.0043652057647705
0.0039401054382324
0.0034720897674561
0.0030159950256348
0.0041229724884033
0.0033929347991943
0.0066080093383789
0.0046148300170898
0.0037238597869873
0.0040769577026367
0.006195068359375
0.0061969757080078
0.0062398910522461
0.0070071220397949
0.0042860507965088
0.0045318603515625
0.0051348209381104
0.0031287670135498
0.0033080577850342
0.0037901401519775
0.0028541088104248
0.0031919479370117
0.0032858848571777
0.0045220851898193
0.0039019584655762
0.0067808628082275
0.0039899349212646
0.0044770240783691
0.0041790008544922
0.0032439231872559
0.0035579204559326
0.0031940937042236
0.0040359497070312
0.0033199787139893
0.0033340454101562
0.0029749870300293
0.012754917144775
0.0039441585540771
0.0036768913269043
0.0059230327606201
0.0043530464172363
0.0038928985595703
0.0039398670196533
0.01120400428772
0.0049591064453125
0.0038361549377441
0.004188060760498
0.010109186172485
0.0033040046691895
0.0030519962310791
0.0035049915313721
0.0036311149597168
0.0034248828887939
0.0040140151977539
0.0038888454437256
0.0050041675567627
0.0038981437683105
0.0038142204284668
0.0043079853057861
0.0069029331207275
0.0064480304718018
0.0090410709381104
0.00347900390625
0.0039219856262207
0.0037360191345215
0.0039060115814209
0.0038399696350098
0.0038549900054932
0.0053339004516602
0.0032241344451904
0.0036160945892334
0.0039629936218262
0.0032119750976562
0.0040769577026367
0.0030210018157959
0.003187894821167
0.0030519962310791
0.0032181739807129
0.0027589797973633
0.0043230056762695
0.0050840377807617
0.0039119720458984
0.0034291744232178
0.0051600933074951
0.0065579414367676
0.0084409713745117
0.004601001739502
0.0041961669921875
0.005958080291748
0.0039229393005371
0.0040280818939209
0.0038998126983643
0.0036048889160156
0.0028820037841797
0.0032908916473389
0.003864049911499
0.0031108856201172
0.003126859664917
0.0041389465332031
0.0041699409484863
0.0034451484680176
0.0039730072021484
0.004256010055542
0.0039329528808594
0.0031840801239014
0.0039389133453369
0.0029919147491455
0.0029580593109131
0.0041661262512207
0.0047011375427246
0.0043179988861084
0.0038549900054932
0.0040631294250488
0.0037400722503662
0.0085029602050781
0.004025936126709
0.0041329860687256
0.0057189464569092
0.0072910785675049
0.0037829875946045
0.0045380592346191
0.0036289691925049
0.0035278797149658
0.0034940242767334
0.0037240982055664
0.003371000289917
0.0036470890045166
0.0036208629608154
0.0039868354797363
0.0052590370178223
0.0039641857147217
0.0031218528747559
0.0030331611633301
0.0034379959106445
0.0033140182495117
0.0029749870300293
0.002877950668335
0.0033059120178223
0.0045051574707031
0.0096168518066406
0.0040521621704102
0.0042850971221924
0.0037190914154053
0.0056309700012207
0.0060050487518311
0.005824089050293
0.0039207935333252
0.0046160221099854
0.012830972671509
0.0040020942687988
0.0040187835693359
0.0043330192565918
0.0040318965911865
0.0037729740142822
0.007631778717041
0.0041089057922363
0.0029239654541016
0.0042128562927246
0.0030357837677002
0.0036590099334717
0.0028378963470459
0.0030441284179688
0.0039629936218262
0.0039298534393311
0.0039768218994141
0.004065990447998
0.0031528472900391
0.0030181407928467
0.003727912902832
0.0039970874786377
0.0046188831329346
0.00357985496521
0.0072870254516602
0.011449098587036
0.0034160614013672
0.003101110458374
0.0039980411529541
0.0091829299926758
0.0035879611968994
0.00388503074646
0.0038158893585205
0.0036189556121826
0.0054190158843994
0.0030360221862793
0.0035941600799561
0.0038421154022217
0.0029711723327637
0.0029861927032471
0.004127025604248
0.0038859844207764
0.0044081211090088
0.0028278827667236
0.0033140182495117
0.0029358863830566
0.0039567947387695
0.0041429996490479
0.0068190097808838
0.0042018890380859
0.0035321712493896
0.011434078216553
0.0032601356506348
0.0029799938201904
0.0031449794769287
0.0041780471801758
0.002701997756958
0.003371000289917
0.0045509338378906
0.0054240226745605
0.0038750171661377
0.0081479549407959
0.0049619674682617
0.006335973739624
0.0046200752258301
0.003122091293335
0.0033249855041504
0.004504919052124
0.0030269622802734
0.0054728984832764
0.0072169303894043
0.0074450969696045
0.017220973968506
0.0036017894744873
0.0038409233093262
0.0040020942687988
0.0038869380950928
0.0051910877227783
0.0039989948272705
0.0033941268920898
0.003065824508667
0.003169059753418
0.0034720897674561
0.0028541088104248
0.0029881000518799
0.0028541088104248
0.0030429363250732
0.0036289691925049
0.0041267871856689
0.004802942276001
0.0031311511993408
0.0030078887939453
0.0036790370941162
0.0034918785095215
0.0041100978851318
0.0029690265655518
0.0032989978790283
0.0031349658966064
0.003371000289917
0.0045509338378906
0.0036189556121826
0.0039491653442383
0.0029330253601074
0.0039851665496826
0.0036940574645996
0.0082499980926514
0.0036900043487549
0.0041511058807373
0.0040469169616699
0.0036778450012207
0.0036029815673828
0.0045609474182129
0.0040299892425537
0.005479097366333
0.0037028789520264
0.0037899017333984
0.0072338581085205
0.00484299659729
0.0031230449676514
0.0039851665496826
0.0035631656646729
0.0042948722839355
0.0040769577026367
0.0041379928588867
0.0027968883514404
0.003960132598877
0.0033659934997559
0.0028688907623291
0.0031228065490723
0.004284143447876
0.0042300224304199
0.0086939334869385
0.0039479732513428
0.0040678977966309
0.0039989948272705
0.0034451484680176
0.0034699440002441
0.0040590763092041
0.0041699409484863
0.0038421154022217
0.0036618709564209
0.0035898685455322
0.0038959980010986
0.0044469833374023
0.0038690567016602
0.0036551952362061
0.0033450126647949
0.004249095916748
0.0049488544464111
0.0038840770721436
0.00484299659729
0.0058040618896484
0.0039188861846924
0.0039510726928711
0.0044341087341309
0.0038168430328369
0.0045521259307861
0.0067379474639893
0.0037870407104492
0.0039620399475098
0.0078439712524414
0.015001058578491
0.0042619705200195
0.0037300586700439
0.0045750141143799
0.0063760280609131
0.0057380199432373
0.0084149837493896
0.0042159557342529
0.0039298534393311
0.0038919448852539
0.0039010047912598
0.0048670768737793
0.0039589405059814
0.0039751529693604
0.0038349628448486
0.0030560493469238
0.0030250549316406
0.0029609203338623
0.0029621124267578
0.002903938293457
0.0034809112548828
0.0033419132232666
0.00307297706604
0.0031108856201172
0.0099520683288574
0.0040960311889648
0.0035040378570557
0.0037040710449219
0.002938985824585
0.0031120777130127
0.0043418407440186
0.0050921440124512
0.0088801383972168
0.003364086151123
0.0028159618377686
0.0038039684295654
0.0034329891204834
0.0038559436798096
0.0030090808868408
0.0032458305358887
0.0049600601196289
0.0043790340423584
0.0041670799255371
0.0040960311889648
0.0039539337158203
0.0031681060791016
0.0037620067596436
0.0037689208984375
0.0042850971221924
0.0030698776245117
0.0039560794830322
0.0041511058807373
0.0035879611968994
0.0029110908508301
0.0030310153961182
0.0029749870300293
0.014701128005981
0.0028738975524902
0.0032448768615723
0.0034379959106445
0.0035920143127441
0.003201961517334
0.0030291080474854
0.003587007522583
0.0039350986480713
0.0046670436859131
0.0045161247253418
0.015228986740112
0.0039799213409424
0.0030581951141357
0.0030238628387451
0.0037078857421875
0.0041401386260986
0.002979040145874
0.0036029815673828
0.0029799938201904
0.0031170845031738
0.0038199424743652
0.0035600662231445
0.0045349597930908
0.0033650398254395
0.0038130283355713
0.0026640892028809
0.0034041404724121
0.004741907119751
0.0033900737762451
0.0030479431152344
0.0029830932617188
0.0036580562591553
0.0032320022583008
0.0036051273345947
0.0039248466491699
0.0038659572601318
0.0040791034698486
0.0038108825683594
0.007133960723877
0.0049479007720947
0.0036361217498779
0.0038909912109375
0.0043849945068359
0.0042572021484375
0.0034341812133789
0.0032589435577393
0.0028741359710693
0.0029940605163574
0.0035920143127441
0.0035531520843506
0.0067329406738281
0.0041718482971191
0.004580020904541
0.0046088695526123
0.0038421154022217
0.0089890956878662
0.0041589736938477
0.0036840438842773
0.004364013671875
0.0040571689605713
0.0042910575866699
0.0031931400299072
0.0033907890319824
0.0041191577911377
0.0028970241546631
0.0030808448791504
0.0041160583496094
0.0039350986480713
0.0038330554962158
0.0037829875946045
0.0032968521118164
0.0029098987579346
0.005012035369873
0.0030839443206787
0.0044541358947754
0.0039141178131104
0.0055079460144043
