0.00059700012207031
0.00092911720275879
0.0010828971862793
0.0016689300537109
0.00060677528381348
0.0026431083679199
0.0010430812835693
0.00063419342041016
0.00067687034606934
0.0011017322540283
0.00065517425537109
0.00068187713623047
0.00067377090454102
0.000640869140625
0.0017688274383545
0.00096297264099121
0.00081992149353027
0.0005500316619873
0.0033242702484131
0.00065803527832031
0.00064897537231445
0.00055718421936035
0.00064396858215332
0.00076389312744141
0.0016889572143555
0.00073909759521484
0.00071096420288086
0.00086617469787598
0.00098991394042969
0.00060105323791504
0.0006718635559082
0.00061798095703125
0.0023858547210693
0.00066113471984863
0.00063490867614746
0.0012388229370117
0.0009620189666748
0.0009000301361084
0.0010209083557129
0.00097513198852539
0.00069284439086914
0.00059294700622559
0.00066280364990234
0.00097131729125977
0.00095391273498535
0.00099992752075195
0.00089192390441895
0.0006871223449707
0.0010049343109131
0.00064587593078613
0.00063800811767578
0.00069284439086914
0.0005040168762207
0.00065112113952637
0.00096011161804199
0.0013120174407959
0.00076985359191895
0.00095200538635254
0.00094199180603027
0.0013852119445801
0.00095200538635254
0.00065279006958008
0.00070285797119141
0.00060176849365234
0.0010056495666504
0.00060009956359863
0.0010209083557129
0.00070095062255859
0.00061988830566406
0.0010340213775635
0.00065803527832031
0.00098896026611328
0.00062775611877441
0.00096321105957031
0.00091004371643066
0.00067973136901855
0.00065732002258301
0.0010230541229248
0.00062799453735352
0.00075078010559082
0.0014052391052246
0.00093293190002441
0.0005800724029541
0.00065898895263672
0.00081396102905273
0.00057506561279297
0.00066089630126953
0.0006561279296875
0.0010340213775635
0.00063014030456543
0.0011529922485352
0.00070285797119141
0.00087809562683105
0.00067305564880371
0.00069808959960938
0.00066018104553223
0.0010349750518799
0.0014908313751221
0.0010101795196533
0.00069499015808105
0.0006709098815918
0.000946044921875
0.00061821937561035
0.00090193748474121
0.00069022178649902
0.00065112113952637
0.00094795227050781
0.00065302848815918
0.0011570453643799
0.00075411796569824
0.0016472339630127
0.00099015235900879
0.000640869140625
0.00059390068054199
0.00067281723022461
0.00062298774719238
0.00063991546630859
0.00078201293945312
0.00098991394042969
0.0010089874267578
0.00066590309143066
0.00069594383239746
0.00064325332641602
0.00065803527832031
0.00089287757873535
0.00062203407287598
0.00061511993408203
0.00072383880615234
0.0008699893951416
0.0012478828430176
0.00092458724975586
0.00098991394042969
0.0004420280456543
0.00086021423339844
0.00046300888061523
0.00099992752075195
0.00083351135253906
0.0014970302581787
0.0021998882293701
0.00066685676574707
0.00064897537231445
0.00066399574279785
0.00066328048706055
0.0011281967163086
0.00053691864013672
0.00073504447937012
0.00062894821166992
0.00069928169250488
0.00086498260498047
0.0020608901977539
0.00061202049255371
0.00064587593078613
0.00069117546081543
0.0007178783416748
0.00069117546081543
0.00096893310546875
0.0010178089141846
0.00061178207397461
0.0015678405761719
0.001035213470459
0.00055313110351562
0.00089192390441895
0.0010709762573242
0.0007321834564209
0.00070095062255859
0.0023050308227539
0.0006561279296875
0.001176118850708
0.00066208839416504
0.00085711479187012
0.00093603134155273
0.0013673305511475
0.00062799453735352
0.00069212913513184
0.00078201293945312
0.00063395500183105
0.0009758472442627
0.0010221004486084
0.00057506561279297
0.0010709762573242
0.00072097778320312
0.00059914588928223
0.00072097778320312
0.0026140213012695
0.0093591213226318
0.00089406967163086
0.00070786476135254
0.00068879127502441
0.00063800811767578
0.00098919868469238
0.00098729133605957
0.0032796859741211
0.00083398818969727
0.001014232635498
0.0010199546813965
0.00064992904663086
0.00062918663024902
0.0015530586242676
0.00065875053405762
0.00064420700073242
0.00061416625976562
0.00074887275695801
0.00086474418640137
0.0022118091583252
0.00069808959960938
0.00062322616577148
0.00099015235900879
0.0009620189666748
0.00082635879516602
0.0010159015655518
0.00098085403442383
0.00063109397888184
0.00066113471984863
0.010963916778564
0.0082800388336182
0.0009608268737793
0.00098609924316406
0.00098967552185059
0.0006110668182373
0.00062108039855957
0.00096607208251953
0.0027987957000732
0.0010471343994141
0.00066590309143066
0.00068807601928711
0.00057506561279297
0.00054287910461426
0.00093507766723633
0.00061798095703125
0.00064706802368164
0.00065422058105469
0.00052714347839355
0.00064587593078613
0.00092411041259766
0.0006561279296875
0.00076699256896973
0.0006868839263916
0.0006871223449707
0.0027039051055908
0.00067496299743652
0.0014331340789795
0.0010831356048584
0.00099515914916992
0.0007479190826416
0.00068998336791992
0.00065708160400391
0.0010707378387451
0.00071001052856445
0.00098299980163574
0.0006110668182373
0.00095224380493164
0.0024650096893311
0.0024819374084473
0.00067496299743652
0.00099515914916992
0.00075197219848633
0.00064325332641602
0.00071406364440918
0.00068402290344238
0.00065112113952637
0.00085902214050293
0.0082359313964844
0.00065112113952637
0.00098013877868652
0.00063014030456543
0.00076603889465332
0.00079727172851562
0.00077605247497559
0.0010519027709961
0.00062108039855957
0.00058817863464355
0.00067591667175293
0.00066304206848145
0.0006721019744873
0.00099611282348633
0.00082778930664062
0.00065922737121582
0.0010449886322021
0.00092625617980957
0.00098037719726562
0.00068306922912598
0.0032591819763184
0.00057411193847656
0.0010457038879395
0.0009160041809082
0.00067496299743652
0.0026421546936035
0.00063490867614746
0.0005648136138916
0.0011820793151855
0.0006709098815918
0.00062894821166992
0.00067687034606934
0.00095629692077637
0.00070285797119141
0.001140832901001
0.0009300708770752
0.0007469654083252
0.00071191787719727
0.0010557174682617
0.00066113471984863
0.00065207481384277
0.0006558895111084
0.0014712810516357
0.00082778930664062
0.00099492073059082
0.00095009803771973
0.00064206123352051
0.00085902214050293
0.0008699893951416
0.0012772083282471
0.00097179412841797
0.0018048286437988
0.00086617469787598
0.00064611434936523
0.00063490867614746
0.0006258487701416
0.0008690357208252
0.0021791458129883
0.0010550022125244
0.00064420700073242
0.00067996978759766
0.0015590190887451
0.0015957355499268
0.0010831356048584
0.00068020820617676
0.00062108039855957
0.00065493583679199
0.00064277648925781
0.00092291831970215
0.00065183639526367
0.0033960342407227
0.00079011917114258
0.00088810920715332
0.001129150390625
0.00096607208251953
0.00065207481384277
0.0010149478912354
0.00097107887268066
0.00051116943359375
0.0010130405426025
0.00067496299743652
0.001335620880127
0.0012221336364746
0.0024540424346924
0.0024840831756592
0.00077104568481445
0.00066494941711426
0.0051751136779785
0.0012600421905518
0.00095009803771973
0.0029048919677734
0.0014321804046631
0.0006248950958252
0.00095009803771973
0.00089001655578613
0.0010769367218018
0.0014410018920898
0.00061488151550293
0.0011670589447021
0.00072503089904785
0.0010037422180176
0.00065088272094727
0.00095081329345703
0.00063204765319824
0.00059413909912109
0.0018551349639893
0.00078177452087402
0.00085186958312988
0.00061607360839844
0.0006248950958252
0.00060486793518066
0.00065374374389648
0.00064206123352051
0.0010430812835693
0.00069403648376465
0.0029041767120361
0.00065302848815918
0.00066208839416504
0.00063991546630859
0.00065398216247559
0.00075006484985352
0.00060296058654785
0.00064420700073242
0.0025091171264648
0.0033853054046631
0.00094413757324219
0.0010449886322021
0.0010671615600586
0.00071287155151367
0.00064921379089355
0.000946044921875
0.00052404403686523
0.00067901611328125
0.00063800811767578
0.0011982917785645
0.00064921379089355
0.00095319747924805
0.0021419525146484
0.00063109397888184
0.0011632442474365
0.00065779685974121
0.012766122817993
0.001035213470459
0.00071883201599121
0.00092601776123047
0.00068807601928711
0.00073599815368652
0.000823974609375
0.0011088848114014
0.0022339820861816
0.00066089630126953
0.00099325180053711
0.0010380744934082
0.00072002410888672
0.00063705444335938
0.00081372261047363
0.0009613037109375
0.00098061561584473
0.00069975852966309
0.00078916549682617
0.0027267932891846
0.00067472457885742
0.00067877769470215
0.00066995620727539
0.00053620338439941
0.00062394142150879
0.0008089542388916
0.00074291229248047
0.0037176609039307
0.002197265625
0.00067806243896484
0.00063395500183105
0.00064992904663086
0.0011446475982666
0.00077915191650391
0.0033631324768066
0.0011749267578125
0.0010418891906738
0.00066685676574707
0.002291202545166
0.00064301490783691
0.00064277648925781
0.00065326690673828
0.0006401538848877
0.0010161399841309
0.00071215629577637
0.0012881755828857
0.0011012554168701
0.00071001052856445
0.00072216987609863
0.00074601173400879
0.00091195106506348
0.00070595741271973
0.0034301280975342
0.00066423416137695
0.00064373016357422
0.0010018348693848
0.0019509792327881
0.0013728141784668
0.00062394142150879
0.0006709098815918
0.0010840892791748
0.002392053604126
0.0027928352355957
0.00068116188049316
0.00067520141601562
0.00084781646728516
0.00065994262695312
0.00069308280944824
0.00090193748474121
0.00088095664978027
0.00070524215698242
0.00072693824768066
0.00088024139404297
0.00076675415039062
0.00096702575683594
0.0011413097381592
0.00094890594482422
0.00068211555480957
0.00088119506835938
0.00063705444335938
0.00096225738525391
0.0020768642425537
0.00067496299743652
0.00062704086303711
0.00057291984558105
0.0016570091247559
0.00092387199401855
0.0010359287261963
0.00069594383239746
0.00065398216247559
0.0016241073608398
0.0007319450378418
0.00066590309143066
0.00090384483337402
0.00098896026611328
0.0010299682617188
0.00086784362792969
0.0006709098815918
0.00066208839416504
0.00097298622131348
0.00084066390991211
0.0010390281677246
0.00064373016357422
0.00067138671875
0.00064802169799805
0.0010020732879639
0.00062918663024902
0.00076699256896973
0.0010297298431396
0.0010347366333008
0.0012607574462891
0.00064420700073242
0.00066089630126953
0.0006251335144043
0.00063872337341309
0.00099992752075195
0.00062918663024902
0.00097107887268066
0.00078320503234863
0.00084400177001953
0.00064206123352051
0.00097870826721191
0.00061988830566406
0.0039799213409424
0.00050926208496094
0.00059103965759277
0.00086688995361328
0.005526065826416
0.00065302848815918
0.0013368129730225
0.0010037422180176
0.00064802169799805
0.00063109397888184
0.00062203407287598
0.00074386596679688
0.0016109943389893
0.00064396858215332
0.00065994262695312
0.00078487396240234
0.00085091590881348
0.00063204765319824
0.00096297264099121
0.00068092346191406
0.00066590309143066
0.0014278888702393
0.0017769336700439
0.00097298622131348
0.00078105926513672
0.0034840106964111
0.00071310997009277
0.00067305564880371
0.00070405006408691
0.00094008445739746
0.0031380653381348
0.0013091564178467
0.0010781288146973
0.00087571144104004
0.00063514709472656
0.00074410438537598
0.00095677375793457
0.00094985961914062
0.0010530948638916
0.00063419342041016
0.00075292587280273
0.00067400932312012
0.00058913230895996
0.00064563751220703
0.0010828971862793
0.00067710876464844
0.00065922737121582
0.00064468383789062
0.00065779685974121
0.0010206699371338
0.00070810317993164
0.00096392631530762
0.0010378360748291
0.00074124336242676
0.00066304206848145
0.00065493583679199
0.0024878978729248
0.00064301490783691
0.00094103813171387
0.0009009838104248
0.00064587593078613
0.00067710876464844
0.0010280609130859
0.0011940002441406
0.00067877769470215
0.00065183639526367
0.00064492225646973
0.00097393989562988
0.00067806243896484
0.00093317031860352
0.0010280609130859
0.00093722343444824
0.00080513954162598
0.0010180473327637
0.00071287155151367
0.0010039806365967
0.0019528865814209
0.00063371658325195
0.0028400421142578
0.00063991546630859
0.00063204765319824
0.0039379596710205
0.0010008811950684
0.00063014030456543
0.0026609897613525
0.0007021427154541
0.00091028213500977
0.00093507766723633
0.00059103965759277
0.00063014030456543
0.00065112113952637
0.00070285797119141
0.0011191368103027
0.00049877166748047
0.00069689750671387
0.00063514709472656
0.00068998336791992
0.001126766204834
0.00063109397888184
0.00060200691223145
0.0006248950958252
0.0011019706726074
0.00073385238647461
0.00097298622131348
0.0005800724029541
0.0033822059631348
0.0011429786682129
0.00064611434936523
0.00064921379089355
0.0013470649719238
0.0093798637390137
0.0012850761413574
0.0007021427154541
0.00099420547485352
0.0010852813720703
0.0009911060333252
0.00062108039855957
0.00063395500183105
0.00098299980163574
0.0006859302520752
0.00066900253295898
0.00057101249694824
0.00087499618530273
0.00094819068908691
0.00065493583679199
0.00067806243896484
0.00097513198852539
0.00083589553833008
0.00067806243896484
0.00062370300292969
0.00065827369689941
0.00055193901062012
0.00063991546630859
0.00064992904663086
0.00064229965209961
0.0022239685058594
0.00093579292297363
0.0009467601776123
0.00077390670776367
0.00072216987609863
0.00066733360290527
0.0028119087219238
0.0027658939361572
0.00078988075256348
0.0009160041809082
0.00098586082458496
0.0010738372802734
0.00072193145751953
0.00096702575683594
0.0010051727294922
0.00075197219848633
0.00063204765319824
0.00078487396240234
0.00099587440490723
0.00067329406738281
0.00084495544433594
0.0009920597076416
0.0011389255523682
0.00081896781921387
0.00065016746520996
0.00098323822021484
0.00098991394042969
0.0010361671447754
0.00095701217651367
0.0016279220581055
0.00065994262695312
0.0007331371307373
0.00067281723022461
0.00069713592529297
0.00081515312194824
0.00098633766174316
0.001021146774292
0.0010297298431396
0.00089406967163086
0.0009911060333252
0.0033490657806396
0.00066709518432617
0.00066900253295898
0.00058293342590332
0.00065517425537109
0.00062704086303711
0.0019702911376953
0.00057792663574219
0.0011789798736572
0.00066113471984863
0.00064921379089355
0.003262996673584
0.0006859302520752
0.0006248950958252
0.0020771026611328
0.00086212158203125
0.00066804885864258
0.00071215629577637
0.0010702610015869
0.0095250606536865
0.00060701370239258
0.00069284439086914
0.00067806243896484
0.00066518783569336
0.0010828971862793
0.00097393989562988
0.0031359195709229
0.00069308280944824
0.00053691864013672
0.00069212913513184
0.00070500373840332
0.0010318756103516
0.0010139942169189
0.00062322616577148
0.0023910999298096
0.00063705444335938
0.00065088272094727
0.00064301490783691
0.00098896026611328
0.00073575973510742
0.00063681602478027
0.00063109397888184
0.00098395347595215
0.00067996978759766
0.0010862350463867
0.00097393989562988
0.00087976455688477
0.00072121620178223
0.00070595741271973
0.00044798851013184
0.00069808959960938
0.00084304809570312
0.0010099411010742
0.0006260871887207
0.00061821937561035
0.00067782402038574
0.0024511814117432
0.00064778327941895
0.00093984603881836
0.0006868839263916
0.00070977210998535
0.00080323219299316
0.0010697841644287
0.00095820426940918
0.0014009475708008
0.00084710121154785
0.0010511875152588
0.00076818466186523
0.00069403648376465
0.0097389221191406
0.00069475173950195
0.00064492225646973
0.00095891952514648
0.0020339488983154
0.00099277496337891
0.00078082084655762
0.001615047454834
0.00064301490783691
0.00064301490783691
0.00071024894714355
0.0005037784576416
0.00094890594482422
0.00080990791320801
0.0007469654083252
0.00091314315795898
0.0016577243804932
0.00087881088256836
0.00066423416137695
0.00070595741271973
0.00070905685424805
0.00065302848815918
0.0010108947753906
0.00061392784118652
0.0026869773864746
0.0015711784362793
0.00063204765319824
0.00086116790771484
0.00062918663024902
0.00064396858215332
0.00087332725524902
0.0012931823730469
0.00061368942260742
0.00053715705871582
0.00072813034057617
0.00095415115356445
0.00060296058654785
0.00068020820617676
0.00095915794372559
0.0006258487701416
0.0025131702423096
0.00073409080505371
0.00061392784118652
0.00061821937561035
0.00074911117553711
0.0010890960693359
0.00083684921264648
0.00074005126953125
0.0011341571807861
0.00091433525085449
0.0031840801239014
0.00090622901916504
0.0011539459228516
0.0020589828491211
0.00052881240844727
0.00067901611328125
0.00061392784118652
0.00064921379089355
0.00096321105957031
0.00066804885864258
0.00068211555480957
0.0011157989501953
0.00071096420288086
0.0037522315979004
0.00059294700622559
0.00076007843017578
0.0010008811950684
0.00092625617980957
0.00062704086303711
0.00079798698425293
0.0011627674102783
0.00066184997558594
0.00069093704223633
0.00070905685424805
0.00093412399291992
0.00070095062255859
0.00066685676574707
0.00095295906066895
0.0010221004486084
0.0036811828613281
0.00068902969360352
0.00094318389892578
0.00063991546630859
0.00072097778320312
0.012855291366577
0.00064301490783691
0.00059175491333008
0.00085926055908203
0.00071501731872559
0.0010902881622314
0.00069308280944824
0.0015840530395508
0.00055217742919922
0.00061702728271484
0.00069975852966309
0.00062990188598633
0.0010778903961182
0.00067496299743652
0.00048708915710449
0.00073695182800293
0.00052213668823242
0.0008699893951416
0.0006110668182373
0.00061202049255371
0.00066018104553223
0.0022060871124268
0.00066685676574707
0.00065112113952637
0.00066184997558594
0.00067925453186035
0.0016958713531494
0.00063610076904297
0.00065493583679199
0.00091910362243652
0.00091171264648438
0.00091290473937988
0.00063705444335938
0.00080585479736328
0.00092005729675293
0.00095224380493164
0.00085711479187012
0.00062990188598633
0.00069880485534668
0.00067281723022461
0.00098204612731934
0.0006859302520752
0.00098872184753418
0.00094294548034668
0.00068092346191406
0.00063180923461914
0.00092101097106934
0.0024001598358154
0.00080513954162598
0.0033080577850342
0.00062394142150879
0.00071620941162109
0.00084400177001953
0.0010108947753906
0.012053251266479
0.00096321105957031
0.0038759708404541
0.00081110000610352
0.00069069862365723
0.00074195861816406
0.00060915946960449
0.00066208839416504
0.00070405006408691
0.0010559558868408
0.0011367797851562
0.0013360977172852
0.00082778930664062
0.00066089630126953
0.00047111511230469
0.0013010501861572
0.00089097023010254
0.0010068416595459
0.0053780078887939
0.00049519538879395
0.00081110000610352
0.00072717666625977
0.00080728530883789
0.0006568431854248
0.00063014030456543
0.00072002410888672
0.00066804885864258
0.00068306922912598
0.00094079971313477
0.00080585479736328
0.0012829303741455
0.0017070770263672
0.00065875053405762
0.00097107887268066
0.0007011890411377
0.00066518783569336
0.0006861686706543
0.00084209442138672
0.0012111663818359
0.00059819221496582
0.00092673301696777
0.0022501945495605
0.00088381767272949
0.0021979808807373
0.0025310516357422
0.00072312355041504
0.00067400932312012
0.00069379806518555
0.00065803527832031
0.00065898895263672
0.00072598457336426
0.0006868839263916
0.0031800270080566
0.0006871223449707
0.00060582160949707
0.0010032653808594
0.0010619163513184
0.00069093704223633
0.00077605247497559
0.00092005729675293
0.00074100494384766
0.00098013877868652
0.00061607360839844
0.00081896781921387
0.0019040107727051
0.00062990188598633
0.00064969062805176
0.00066304206848145
0.0006711483001709
0.00073504447937012
0.000946044921875
0.00064802169799805
0.00092077255249023
0.00080013275146484
0.00064396858215332
0.00213623046875
0.001971960067749
0.00062799453735352
0.00062108039855957
0.00063204765319824
0.0022130012512207
0.00082015991210938
0.024037837982178
0.0011029243469238
0.0016288757324219
0.00064992904663086
0.0017054080963135
0.00079655647277832
0.00060820579528809
0.00074100494384766
0.00058984756469727
0.00068092346191406
0.00068402290344238
