0.14060997962952
0.14651799201965
0.11168909072876
0.12677502632141
0.14010405540466
0.13740587234497
0.11101984977722
0.13096714019775
0.14588403701782
0.1340639591217
0.13268995285034
0.14266300201416
0.114825963974
0.13454699516296
0.16816592216492
0.13452911376953
0.14109110832214
0.11265993118286
0.15168309211731
0.15607905387878
0.16492009162903
0.14250493049622
0.1974310874939
0.10838317871094
0.11966586112976
0.15076494216919
0.14765214920044
0.13862705230713
0.12136006355286
0.11175107955933
0.10803818702698
0.1209352016449
0.12201905250549
0.11938500404358
0.16474580764771
0.12559199333191
0.12521600723267
0.1083390712738
0.10751700401306
0.13066697120667
0.12876605987549
0.11836194992065
0.10605382919312
0.1139760017395
0.14236903190613
0.11239910125732
0.11601185798645
0.13321709632874
0.11122512817383
0.13313007354736
0.1462869644165
0.13089299201965
0.12493109703064
0.11153697967529
0.11304807662964
0.13155293464661
0.2772479057312
0.11421203613281
0.11052703857422
0.12189102172852
0.13957786560059
0.1167528629303
0.12200593948364
0.12410306930542
0.1448609828949
0.13554906845093
0.10737490653992
0.13435006141663
0.10960912704468
0.12507081031799
0.15977811813354
0.16521096229553
0.17027902603149
0.13625597953796
0.1117730140686
0.13948011398315
0.14919519424438
0.11048102378845
0.11779689788818
0.12320995330811
0.13258004188538
0.11636590957642
0.15527701377869
0.15674901008606
0.14867782592773
0.13991808891296
0.13048505783081
0.11040091514587
0.11770081520081
0.14318203926086
0.10810494422913
0.1181812286377
0.11350893974304
0.12827301025391
0.13462209701538
0.15072202682495
0.16576504707336
0.11830592155457
0.11087012290955
0.13879299163818
0.12086796760559
0.12721800804138
0.12704014778137
0.14077591896057
0.15500998497009
0.16764211654663
0.18136692047119
0.12172102928162
0.125333070755
0.11309003829956
0.16112518310547
0.12920904159546
0.14182496070862
0.1237530708313
0.12917709350586
0.13095808029175
0.11604785919189
0.13783597946167
0.21007013320923
0.11626482009888
0.11496210098267
0.14021492004395
0.15263295173645
0.16001009941101
0.1210150718689
0.10721611976624
0.11025285720825
0.11330008506775
0.1347439289093
0.13036298751831
0.12115406990051
0.12947010993958
0.13098001480103
0.12520289421082
0.11058306694031
0.11431503295898
0.13897395133972
0.12088489532471
0.12365412712097
0.13532495498657
0.131991147995
0.11813402175903
0.11360597610474
0.10931706428528
0.11033582687378
0.10749101638794
0.10947299003601
0.13254499435425
0.13270711898804
0.12411904335022
0.12886500358582
0.12847304344177
0.1104040145874
0.13106799125671
0.11546802520752
0.12196493148804
0.10915803909302
0.11506199836731
0.12604594230652
0.17012596130371
0.14037203788757
0.10728716850281
0.11210989952087
0.11246800422668
0.13794589042664
0.1080219745636
0.11132097244263
0.11884689331055
0.12394404411316
0.14155006408691
0.11372995376587
0.12833309173584
0.12729501724243
0.14823317527771
0.10945677757263
0.11267781257629
0.12140893936157
0.11071109771729
0.12373995780945
0.1461009979248
0.11057686805725
0.10754609107971
0.15038108825684
0.11061000823975
0.10762000083923
0.11179208755493
0.13521194458008
0.10814094543457
0.10921502113342
0.1118221282959
0.10955810546875
0.10855507850647
0.13069796562195
0.12682914733887
0.12277603149414
0.12760996818542
0.12663984298706
0.115473985672
0.12515115737915
0.130704164505
0.11575603485107
0.14214706420898
0.1455409526825
0.1558690071106
0.14190101623535
0.1237530708313
0.12778306007385
0.14075398445129
0.12328505516052
0.11352014541626
0.13214993476868
0.12412595748901
0.11303114891052
0.15390992164612
0.13205003738403
0.125
0.12052488327026
0.1250901222229
0.11436200141907
0.1221170425415
0.16086006164551
0.10795903205872
0.12553095817566
0.1068000793457
0.11040902137756
0.14563894271851
0.13719415664673
0.15981101989746
0.1113109588623
0.10716605186462
0.11020493507385
0.10799598693848
0.10762000083923
0.12651014328003
0.11836695671082
0.11572289466858
0.12378096580505
0.13240909576416
0.1140022277832
0.10972690582275
0.13992404937744
0.12539911270142
0.10695505142212
0.12102603912354
0.11091494560242
0.11473608016968
0.12962698936462
0.12948203086853
0.12799692153931
0.12326097488403
0.1624059677124
0.13885307312012
0.1074550151825
0.1076819896698
0.16138792037964
0.11334609985352
0.10547494888306
0.11944079399109
0.12867212295532
0.13592505455017
0.12606596946716
0.14175605773926
0.12105917930603
0.1308069229126
0.11463713645935
0.10813903808594
0.1312050819397
0.12309002876282
0.10939311981201
0.12394309043884
0.11165189743042
0.1299250125885
0.13846492767334
0.11744022369385
0.11011695861816
0.11304402351379
0.12809991836548
0.14964413642883
0.11209988594055
0.11315202713013
0.12341284751892
0.12018203735352
0.14255309104919
0.16361403465271
0.14422392845154
0.1085638999939
0.12216305732727
0.11033201217651
0.12436509132385
0.10884094238281
0.11159896850586
0.10739898681641
0.11939883232117
0.14886498451233
0.1968080997467
0.15282106399536
0.11139011383057
0.13338708877563
0.12418603897095
0.1043598651886
0.11252593994141
0.11073994636536
0.1359269618988
0.10468101501465
0.13774704933167
0.12652492523193
0.12460780143738
0.14372611045837
0.10481095314026
0.11195182800293
0.11090803146362
0.10697793960571
0.1098940372467
0.1313419342041
0.15001606941223
0.13510394096375
0.11322784423828
0.10718107223511
0.12162089347839
0.12890100479126
0.13171195983887
0.10854506492615
0.12774014472961
0.13815689086914
0.13346099853516
0.10778021812439
0.10314202308655
0.12649297714233
0.12161993980408
0.23443388938904
0.1343309879303
0.13480710983276
0.10839796066284
0.10664415359497
0.15204811096191
0.12292194366455
0.11210298538208
0.10805296897888
0.12722206115723
0.12550497055054
0.10791206359863
0.11356711387634
0.1357409954071
0.12288498878479
0.12487006187439
0.11041498184204
0.11983609199524
0.10657405853271
0.10954308509827
0.13181185722351
0.12665987014771
0.10489416122437
0.13718914985657
0.15389585494995
0.1370689868927
0.10672903060913
0.12421107292175
0.14558887481689
0.11121916770935
0.1098039150238
0.10730600357056
0.12209892272949
0.14446091651917
0.11977100372314
0.12187385559082
0.11572408676147
0.13847279548645
0.11478590965271
0.1467490196228
0.15184617042542
0.18652200698853
0.12867593765259
0.11773991584778
0.11239790916443
0.12311196327209
0.11941909790039
0.1210298538208
0.11504793167114
0.14280891418457
0.18800091743469
0.10958981513977
0.11123895645142
0.11475801467896
0.11248207092285
0.11197900772095
0.11636209487915
0.1325249671936
0.13064289093018
0.10907483100891
0.10994482040405
0.14560413360596
0.14342594146729
0.16663813591003
0.16150212287903
0.11386919021606
0.13518619537354
0.15485405921936
0.12387609481812
0.18150687217712
0.17184114456177
0.13096308708191
0.11198616027832
0.12930607795715
0.10981392860413
0.12444806098938
0.12330603599548
0.15711188316345
0.12503695487976
0.11124610900879
0.11593103408813
0.12725400924683
0.14408993721008
0.16312003135681
0.15022706985474
0.11902689933777
0.10664486885071
0.12699508666992
0.15932393074036
0.13744401931763
0.10336780548096
0.13260817527771
0.12375688552856
0.123291015625
0.10697889328003
0.10738778114319
0.10780811309814
0.12865805625916
0.13755297660828
0.10802316665649
0.14699602127075
0.14394283294678
0.16127610206604
0.10764288902283
0.1163809299469
0.11765789985657
0.13443398475647
0.15415716171265
0.1536660194397
0.11684393882751
0.13116097450256
0.10759592056274
0.14109396934509
0.14389109611511
0.13550114631653
0.12209892272949
0.13140678405762
0.13246393203735
0.1250331401825
0.15401101112366
0.13778901100159
0.10831713676453
0.11382913589478
0.14824104309082
0.12549686431885
0.11503100395203
0.11881399154663
0.12266111373901
0.11824011802673
0.1393837928772
0.14036297798157
0.1478898525238
0.1485550403595
0.12519907951355
0.10680794715881
0.11781215667725
0.11236095428467
0.10702705383301
0.10462212562561
0.10826683044434
0.14402890205383
0.13260412216187
0.11080121994019
0.10736489295959
0.13149404525757
0.13318610191345
0.14606189727783
0.11911296844482
0.10991311073303
0.1499650478363
0.1096830368042
0.11395406723022
0.12634611129761
0.12242579460144
0.12748908996582
0.11774682998657
0.13172197341919
0.14400005340576
0.11841893196106
0.10728096961975
0.10417985916138
0.11915707588196
0.12538909912109
0.10794997215271
0.12509393692017
0.1348819732666
0.1078839302063
0.10958003997803
0.12469077110291
0.12224292755127
0.11144495010376
0.12274789810181
0.1216299533844
0.11003422737122
0.1132960319519
0.12670421600342
0.1109631061554
0.11107802391052
0.11600804328918
0.11112785339355
0.11692690849304
0.14198207855225
0.13316679000854
0.12836694717407
0.1374659538269
0.14739394187927
0.11545395851135
0.10832285881042
0.11992692947388
0.11189794540405
0.13640022277832
0.13943290710449
0.11574602127075
0.19313621520996
0.13377904891968
0.13649678230286
0.11129093170166
0.12123799324036
0.11036396026611
0.11523389816284
0.14094090461731
0.11131286621094
0.10632300376892
0.12277412414551
0.11602210998535
0.11028718948364
0.11111116409302
0.10691499710083
0.11767482757568
0.12391185760498
0.1258819103241
0.12178111076355
0.12303304672241
0.13614296913147
0.1052610874176
0.1191828250885
0.12446713447571
0.11227107048035
0.11078119277954
0.11220002174377
0.13926005363464
0.12604904174805
0.12569117546082
0.10768294334412
0.11595511436462
0.11343312263489
0.11017107963562
0.11167287826538
0.13959121704102
0.11495018005371
0.1612560749054
0.13455510139465
0.10997486114502
0.10873913764954
0.11399507522583
0.12007880210876
0.12027382850647
0.11168479919434
0.10997819900513
0.12558221817017
0.1540629863739
0.13910388946533
0.14816284179688
0.11318898200989
0.10981822013855
0.26308298110962
0.1135618686676
0.12728691101074
0.11003088951111
0.11757183074951
0.10789608955383
0.13356995582581
0.13972878456116
0.15296006202698
0.12489104270935
0.10809803009033
0.11734199523926
0.12809610366821
0.13424396514893
0.15785813331604
0.13158011436462
0.10870909690857
0.1104850769043
0.12762498855591
0.12157297134399
0.13243889808655
0.13282585144043
0.12572288513184
0.12342095375061
0.11630606651306
0.13383316993713
0.1266930103302
0.12492990493774
0.11082005500793
0.1103150844574
0.12017798423767
0.12311196327209
0.10836696624756
0.12326598167419
0.11375498771667
0.13764786720276
0.15559101104736
0.16498398780823
0.12436103820801
0.13700199127197
0.10964393615723
0.11930513381958
0.12297415733337
0.12133097648621
0.10765099525452
0.10898089408875
0.11117100715637
0.12388706207275
0.13257789611816
0.10801696777344
0.11339211463928
0.11209511756897
0.13452005386353
0.12880301475525
0.1642370223999
0.11724710464478
0.1466920375824
0.11787486076355
0.14281415939331
0.10827302932739
0.10743188858032
0.13355398178101
0.11580085754395
0.12958598136902
0.15252208709717
0.11702704429626
0.11812090873718
0.12783002853394
0.12912797927856
0.10697102546692
0.10670113563538
0.12568807601929
0.12333607673645
0.11715316772461
0.11394810676575
0.12334394454956
0.12836694717407
0.11177086830139
0.10613393783569
0.12181496620178
0.13971614837646
0.12457609176636
0.1470890045166
0.13141798973083
0.12938690185547
0.10733604431152
0.12996482849121
0.13112092018127
0.13082981109619
0.1349778175354
0.12911987304688
0.13032007217407
0.11630201339722
0.12778210639954
0.1340708732605
0.12930083274841
0.14055395126343
0.13123893737793
0.12894916534424
0.11219191551208
0.12340092658997
0.13738989830017
0.13305187225342
0.11226296424866
0.10845303535461
0.12578010559082
0.14467787742615
0.15676999092102
0.11568689346313
0.12224698066711
0.11168193817139
0.10849809646606
0.10586619377136
0.12816596031189
0.14247298240662
0.16530299186707
0.17993116378784
0.2003960609436
0.15977501869202
0.1094708442688
0.11544489860535
0.11471891403198
0.12200999259949
0.1477952003479
0.13714909553528
0.12155413627625
0.11679601669312
0.11924576759338
0.1396369934082
0.15526485443115
0.10668587684631
0.1098530292511
0.12102508544922
0.1316249370575
0.13916182518005
0.10946393013
0.12416887283325
0.13358592987061
0.12172198295593
0.15930390357971
0.10899209976196
0.10959482192993
0.12499213218689
0.10502099990845
0.12018394470215
0.14504408836365
0.12394595146179
0.10726690292358
0.11034297943115
0.11430621147156
0.11318492889404
0.1130108833313
0.10752201080322
0.10754609107971
0.11297297477722
0.12124800682068
0.12162399291992
0.13186597824097
0.1061098575592
0.13044309616089
0.14382410049438
0.12519001960754
0.12818813323975
0.12368702888489
0.14341616630554
0.10745692253113
0.11745405197144
0.12725496292114
0.12741708755493
0.10934591293335
0.10637593269348
0.10494589805603
0.14428782463074
0.14225697517395
0.13836407661438
0.10681319236755
0.10655498504639
0.11504292488098
0.10643601417542
0.10420393943787
0.12204384803772
0.1429271697998
0.10754895210266
0.12275695800781
0.10726094245911
0.1206648349762
0.12403202056885
0.11680006980896
0.12814712524414
0.11344814300537
0.10931801795959
0.11111211776733
0.16094088554382
0.10902690887451
0.1225438117981
0.1241979598999
0.11327981948853
0.13484907150269
0.11040282249451
0.11292910575867
0.12248706817627
0.11005306243896
0.11693596839905
0.12121415138245
0.11041712760925
0.10855603218079
0.11467409133911
0.1072039604187
0.10737490653992
0.13591909408569
0.14879488945007
0.13500094413757
0.13346099853516
0.14556193351746
0.13924503326416
0.1106162071228
0.12246799468994
0.12426996231079
0.11746311187744
0.17294812202454
0.11125302314758
0.11888003349304
0.12714099884033
0.11287879943848
0.10795092582703
0.11102199554443
0.11265182495117
0.12922286987305
0.14770102500916
0.15016508102417
0.11760497093201
0.11466813087463
0.11724281311035
0.14954113960266
0.12984704971313
0.12349390983582
0.11200499534607
0.12566494941711
0.10801005363464
0.13611483573914
0.12893891334534
0.13837194442749
0.26613688468933
0.11118006706238
0.10834908485413
0.10957384109497
0.12772297859192
0.15187287330627
0.11984014511108
0.14838099479675
0.12052989006042
0.13165998458862
0.10793089866638
0.11053705215454
0.11128997802734
0.12218594551086
0.12609696388245
0.13752007484436
0.13063788414001
0.11184597015381
0.13431215286255
0.11061310768127
0.109867811203
0.13134598731995
0.12071013450623
0.11612701416016
0.11905908584595
0.11195206642151
0.10967707633972
0.11785984039307
0.12280297279358
0.16117215156555
0.16057991981506
0.12694811820984
0.14536905288696
0.14142298698425
0.13723611831665
0.11496591567993
0.14273810386658
0.11853694915771
0.12996006011963
0.14644312858582
0.11333894729614
0.1277539730072
0.13504791259766
0.14740300178528
0.1257758140564
0.12017798423767
0.1190390586853
0.12723708152771
0.10996007919312
0.11561298370361
0.10981798171997
0.11955189704895
0.11006498336792
0.10901093482971
0.14235305786133
0.11053514480591
0.1150860786438
0.1226179599762
0.12362599372864
0.12269401550293
0.16459703445435
0.10735487937927
0.14139199256897
0.13131904602051
0.10954880714417
0.10737991333008
0.11862397193909
0.1147449016571
0.16325402259827
0.16042399406433
0.1082329750061
0.10665917396545
0.12383794784546
0.11771202087402
0.11952209472656
0.12749314308167
0.11783909797668
0.16018891334534
0.16243600845337
0.11961817741394
0.13577198982239
0.12726998329163
0.12601590156555
0.1233389377594
0.11509299278259
0.12083220481873
0.1118700504303
0.14041185379028
0.14012908935547
0.11888003349304
0.12144708633423
0.12950992584229
0.15807199478149
0.16579508781433
0.12578892707825
0.14588689804077
0.12144899368286
0.16988706588745
0.11077308654785
0.10706090927124
0.12451791763306
0.14768195152283
0.12926816940308
0.11062002182007
0.11658906936646
0.11160206794739
0.1099488735199
0.10879993438721
0.13265895843506
0.1275360584259
0.12795805931091
0.15531706809998
0.11060285568237
0.11094498634338
0.12847590446472
0.14378595352173
0.12415504455566
0.12691402435303
0.1066370010376
0.10839700698853
0.1323778629303
0.13999891281128
0.12047505378723
0.10787796974182
0.13264584541321
0.1467080116272
0.10867714881897
0.10908603668213
0.10729503631592
0.10760116577148
0.11868906021118
0.13197684288025
0.13176798820496
0.1075279712677
0.12515997886658
0.1176130771637
0.11937999725342
0.11133599281311
0.12086296081543
0.13218283653259
0.12725710868835
0.11987996101379
0.15934705734253
0.1069929599762
0.12714505195618
0.13111114501953
0.14064288139343
0.12576699256897
0.13088989257812
0.10762906074524
0.12291979789734
0.14410996437073
0.16100120544434
0.15420603752136
0.10818910598755
0.11923098564148
0.12625503540039
0.13646292686462
0.13601112365723
0.10894799232483
0.11365008354187
0.13431596755981
0.14924311637878
0.11570310592651
0.11662697792053
0.11770105361938
0.15574908256531
0.14450001716614
0.11111903190613
0.11368703842163
0.11358284950256
0.1260929107666
0.13013696670532
0.10815978050232
0.11577701568604
0.12699294090271
0.10621500015259
0.1088809967041
0.12191295623779
0.17608690261841
0.16106104850769
0.11378312110901
0.14393997192383
0.14586901664734
