0.10774993896484
0.11039900779724
0.14289307594299
0.13680791854858
0.12663602828979
0.19878101348877
0.13599300384521
0.23387694358826
0.18540287017822
0.13950181007385
0.13782405853271
0.12477493286133
0.1254289150238
0.1126880645752
0.12839794158936
0.1456561088562
0.1633288860321
0.18843102455139
0.12349605560303
0.10902094841003
0.13256812095642
0.17702007293701
0.21960210800171
0.14553904533386
0.15965390205383
0.14163708686829
0.18950605392456
0.12415099143982
0.13246893882751
0.11679291725159
0.10987210273743
0.13496685028076
0.13092112541199
0.14600706100464
0.12101602554321
0.12128186225891
0.11261606216431
0.13359594345093
0.14037299156189
0.12257194519043
0.11425495147705
0.11362409591675
0.1042160987854
0.12986779212952
0.15071988105774
0.13787508010864
0.1459538936615
0.12996101379395
0.1321439743042
0.15318393707275
0.14565777778625
0.13698291778564
0.13882303237915
0.1451621055603
0.1102409362793
0.1106379032135
0.1296398639679
0.22385215759277
0.12936186790466
0.15373611450195
0.11305618286133
0.10730385780334
0.11962914466858
0.11052680015564
0.10912203788757
0.12676000595093
0.13047790527344
0.14969301223755
0.11530804634094
0.12354707717896
0.13214802742004
0.10909199714661
0.12054204940796
0.12561678886414
0.16282677650452
0.10787010192871
0.11040592193604
0.13230800628662
0.17621302604675
0.11950278282166
0.1137490272522
0.14861798286438
0.2165539264679
0.18101096153259
0.10489702224731
0.12286305427551
0.13292407989502
0.25142192840576
0.29176902770996
0.21333694458008
0.12706804275513
0.14979004859924
0.11061501502991
0.12988901138306
0.20986294746399
0.11861109733582
0.13452911376953
0.1474142074585
0.11360311508179
0.12698912620544
0.11114811897278
0.11317181587219
0.12811779975891
0.13378381729126
0.10757303237915
0.13420414924622
0.18137812614441
0.12639403343201
0.11836504936218
0.10874700546265
0.1267671585083
0.11226511001587
0.10776805877686
0.12198901176453
0.10808801651001
0.11162495613098
0.10909914970398
0.11363887786865
0.11313796043396
0.12166404724121
0.14805507659912
0.10377311706543
0.11068606376648
0.12809896469116
0.18329405784607
0.11976003646851
0.11059498786926
0.13197803497314
0.10445308685303
0.11485981941223
0.10962510108948
0.12855005264282
0.19673085212708
0.18142199516296
0.11285996437073
0.1139190196991
0.11043405532837
0.11980390548706
0.13013601303101
0.17365384101868
0.11068511009216
0.13061904907227
0.17154288291931
0.12847089767456
0.16553282737732
0.14405798912048
0.13011121749878
0.13089203834534
0.12748694419861
0.1137809753418
0.10881090164185
0.12919998168945
0.10265302658081
0.12205600738525
0.11862897872925
0.11556601524353
0.12720108032227
0.1543231010437
0.22775197029114
0.28034901618958
0.21062397956848
0.12946796417236
0.15098690986633
0.15435910224915
0.21655201911926
0.12842297554016
0.19105887413025
0.11803388595581
0.12779188156128
0.11454105377197
0.11116790771484
0.10834789276123
0.13383984565735
0.12227487564087
0.18173503875732
0.13625812530518
0.14704394340515
0.13123512268066
0.13425993919373
0.19700717926025
0.28517293930054
0.32939791679382
0.30323219299316
0.23716497421265
0.11780285835266
0.11319804191589
0.11350297927856
0.13435006141663
0.13121199607849
0.10852694511414
0.12525010108948
0.15202498435974
0.11578106880188
0.1229510307312
0.20999598503113
0.19602799415588
0.12180399894714
0.13618516921997
0.14174699783325
0.16000819206238
0.13290405273438
0.11569499969482
0.13805818557739
0.14092993736267
0.24429392814636
0.13586521148682
0.3456699848175
0.27420997619629
0.22436618804932
0.14167308807373
0.11192679405212
0.14060211181641
0.24121189117432
0.18236684799194
0.13371205329895
0.20915198326111
0.11684918403625
0.11240291595459
0.13860011100769
0.12174415588379
0.1238579750061
0.13242506980896
0.14150714874268
0.25235199928284
0.2370491027832
0.11804509162903
0.12329888343811
0.11755204200745
0.15095400810242
0.26318621635437
0.25484991073608
0.12223696708679
0.1162269115448
0.14885401725769
0.140625
0.12065887451172
0.13153696060181
0.2492790222168
0.34184980392456
0.36221194267273
0.39422488212585
0.3482449054718
0.26753997802734
0.13645315170288
0.24255990982056
0.1727020740509
0.11494898796082
0.19199895858765
0.12935996055603
0.1346971988678
0.11112499237061
0.10894703865051
0.11069393157959
0.12583208084106
0.14690208435059
0.12942600250244
0.20225095748901
0.21450996398926
0.1096019744873
0.11756801605225
0.13241600990295
0.16701102256775
0.1253719329834
0.14503884315491
0.1354808807373
0.1476788520813
0.12319207191467
0.19713187217712
0.11119413375854
0.11341214179993
0.11089897155762
0.11199808120728
0.13348913192749
0.12815999984741
0.17810106277466
0.12671399116516
0.16453003883362
0.19527101516724
0.13232183456421
0.18591284751892
0.17853498458862
0.10855007171631
0.12084889411926
0.1422860622406
0.12669086456299
0.10672783851624
0.1269907951355
0.14528107643127
0.11082005500793
0.10968089103699
0.1065239906311
0.10699081420898
0.11200284957886
0.10771989822388
0.11336302757263
0.12484192848206
0.19954586029053
0.13855886459351
0.12507104873657
0.14234399795532
0.14007091522217
0.12402415275574
0.18659996986389
0.30873703956604
0.27901411056519
0.2596218585968
0.12970995903015
0.10922384262085
0.11267590522766
0.12976789474487
0.11775016784668
0.12492799758911
0.10503697395325
0.13321304321289
0.18708205223083
0.1942880153656
0.12966299057007
0.14743185043335
0.11291313171387
0.11346006393433
0.11433601379395
0.10787487030029
0.12767696380615
0.12168502807617
0.13535499572754
0.1732292175293
0.19197201728821
0.13417506217957
0.13881802558899
0.21936392784119
0.17813205718994
0.10829496383667
0.11387181282043
0.11947393417358
0.11132383346558
0.12901401519775
0.13490104675293
0.13066792488098
0.15201997756958
0.13141489028931
0.14416694641113
0.11382699012756
0.11224818229675
0.13188600540161
0.10809707641602
0.13202404975891
0.10493087768555
0.12919878959656
0.126620054245
0.10955882072449
0.10856103897095
0.12499594688416
0.1084771156311
0.11074209213257
0.1475567817688
0.11616706848145
0.11043787002563
0.11309695243835
0.11259388923645
0.13286399841309
0.20104789733887
0.1381459236145
0.18815207481384
0.21283388137817
0.14480185508728
0.24257707595825
0.23469114303589
0.14219284057617
0.12566518783569
0.2391300201416
0.24887299537659
0.14833307266235
0.1337149143219
0.31337714195251
0.12614011764526
0.10800290107727
0.10838103294373
0.12746119499207
0.17906093597412
0.29323983192444
0.34845304489136
0.30311179161072
0.36227297782898
0.29923009872437
0.10880613327026
0.10583209991455
0.11155009269714
0.11139512062073
0.1073579788208
0.12690496444702
0.11857795715332
0.10920095443726
0.12518882751465
0.12951397895813
0.13929986953735
0.12362790107727
0.21198701858521
0.23979091644287
0.12858986854553
0.12708282470703
0.22584509849548
0.27562308311462
0.23985695838928
0.17168498039246
0.12147116661072
0.12797403335571
0.1071560382843
0.11104583740234
0.11221313476562
0.12952709197998
0.18470811843872
0.12577390670776
0.20202803611755
0.267413854599
0.22754788398743
0.14634299278259
0.10897588729858
0.14098000526428
0.12258911132812
0.12028503417969
0.1063539981842
0.14362001419067
0.19132494926453
0.10499310493469
0.1092689037323
0.13347506523132
0.18389582633972
0.14226412773132
0.12479114532471
0.11110901832581
0.1437361240387
0.10593414306641
0.10829305648804
0.14040517807007
0.11184501647949
0.10753202438354
0.10894799232483
0.10978412628174
0.10905003547668
0.11149001121521
0.12459301948547
0.13416004180908
0.12777209281921
0.14349102973938
0.12334394454956
0.11345982551575
0.10684585571289
0.11998200416565
0.1125431060791
0.1080060005188
0.12697815895081
0.1322979927063
0.10962700843811
0.1355299949646
0.20039701461792
0.13253092765808
0.1881890296936
0.12633204460144
0.17571401596069
0.26025819778442
0.2410728931427
0.18194103240967
0.11134910583496
0.12957501411438
0.16554999351501
0.2505669593811
0.3341178894043
0.25239205360413
0.12497115135193
0.17497587203979
0.12839102745056
0.21185803413391
0.10779809951782
0.10769486427307
0.12714600563049
0.20738315582275
0.11039805412292
0.1284031867981
0.17041778564453
0.11722111701965
0.10607886314392
0.13614010810852
0.1617419719696
0.15159296989441
0.1252110004425
0.1310338973999
0.16607213020325
0.13041090965271
0.1641149520874
0.15755295753479
0.25805401802063
0.15483784675598
0.10895800590515
0.11116099357605
0.13699913024902
0.20894193649292
0.14626002311707
0.11375689506531
0.13487696647644
0.21499800682068
0.1620979309082
0.19457411766052
0.13873386383057
0.11757707595825
0.1609001159668
0.1414999961853
0.11494612693787
0.14031720161438
0.21836400032043
0.11589288711548
0.1105968952179
0.1161630153656
0.12339019775391
0.13617992401123
0.17144417762756
0.13024282455444
0.11138916015625
0.13868999481201
0.15685415267944
0.29232406616211
0.34257698059082
0.25129008293152
0.16448187828064
0.11021900177002
0.1303448677063
0.20760607719421
0.26700401306152
0.22082209587097
0.14716291427612
0.12963104248047
0.10950589179993
0.13026785850525
0.13083600997925
0.14563512802124
0.12825512886047
0.1433629989624
0.12636303901672
0.20184588432312
0.12590098381042
0.11595702171326
0.10584878921509
0.13289713859558
0.1118061542511
0.11103916168213
0.1411509513855
0.2112729549408
0.17153382301331
0.11255407333374
0.11453700065613
0.14294910430908
0.14867496490479
0.11994504928589
0.1480541229248
0.10614204406738
0.13762211799622
0.16115999221802
0.10398697853088
0.1228940486908
0.15973997116089
0.11890506744385
0.14010882377625
0.12691497802734
0.10894894599915
0.10802984237671
0.12754797935486
0.10864305496216
0.10442185401917
0.11409592628479
0.12414717674255
0.13995313644409
0.15268397331238
0.10833096504211
0.12667894363403
0.13877487182617
0.21035194396973
0.10849499702454
0.11327886581421
0.11301016807556
0.1309540271759
0.14559102058411
0.10804104804993
0.14908504486084
0.12899613380432
0.12548995018005
0.18103384971619
0.13215899467468
0.14331793785095
0.16916704177856
0.11193108558655
0.12195301055908
0.15263891220093
0.20789098739624
0.10873317718506
0.1346230506897
0.17498302459717
0.22395801544189
0.14389109611511
0.12420797348022
0.10851001739502
0.12572908401489
0.10992193222046
0.1295108795166
0.19300103187561
0.13874220848083
0.14386677742004
0.14068913459778
0.26168704032898
0.1804211139679
0.10544300079346
0.14492201805115
0.10748410224915
0.13515400886536
0.23861908912659
0.18150496482849
0.12323498725891
0.14536213874817
0.22534704208374
0.20795702934265
0.15953087806702
0.1068811416626
0.10554695129395
0.14291214942932
0.14771604537964
0.12201118469238
0.11264705657959
0.11176109313965
0.11184597015381
0.11445713043213
0.10887002944946
0.10955595970154
0.13517999649048
0.12273693084717
0.17864513397217
0.12746596336365
0.12829399108887
0.13901996612549
0.12158203125
0.11089301109314
0.14569592475891
0.11331605911255
0.13440585136414
0.19663906097412
0.13299798965454
0.13068604469299
0.10942602157593
0.20273113250732
0.1523220539093
0.11027503013611
0.10779500007629
0.12319993972778
0.15960192680359
0.12108397483826
0.12599205970764
0.19626498222351
0.10681104660034
0.1351261138916
0.12288308143616
0.10936212539673
0.13414907455444
0.10842108726501
0.12091088294983
0.11115789413452
0.13324093818665
0.14572405815125
0.11030387878418
0.15550184249878
0.15214014053345
0.38554716110229
0.32743215560913
0.46387887001038
0.47935104370117
0.43165993690491
0.32355213165283
0.22848796844482
0.11150908470154
0.11153388023376
0.10984301567078
0.11326193809509
0.12286305427551
0.11262202262878
0.11334204673767
0.11272692680359
0.13184595108032
0.1352550983429
0.13540887832642
0.10963082313538
0.10904002189636
0.1347930431366
0.11766910552979
0.12500810623169
0.1654040813446
0.12742519378662
0.10870695114136
0.13202500343323
0.10417795181274
0.1117479801178
0.13233494758606
0.18540096282959
0.15271902084351
0.11163997650146
0.10624694824219
0.10643815994263
0.13182902336121
0.16010808944702
0.1076979637146
0.10963702201843
0.12903809547424
0.10782599449158
0.10940599441528
0.10545110702515
0.12872886657715
0.17485690116882
0.10814189910889
0.13191890716553
0.15161108970642
0.12997913360596
0.13086700439453
0.1270010471344
0.15075707435608
0.12503004074097
0.14577412605286
0.125324010849
0.13581514358521
0.1300961971283
0.10728693008423
0.11053204536438
0.13768696784973
0.18572211265564
0.11159205436707
0.12965607643127
0.17588496208191
0.13942003250122
0.20012998580933
0.1717529296875
0.1307590007782
0.17969107627869
0.16107392311096
0.23958301544189
0.21050095558167
0.12664389610291
0.10561895370483
0.10904884338379
0.12948107719421
0.14712500572205
0.13156509399414
0.10552597045898
0.11119699478149
0.13522005081177
0.13864493370056
0.13981103897095
0.13324403762817
0.23612308502197
0.29158592224121
0.27141499519348
0.27135014533997
0.27138900756836
0.27745699882507
0.1078360080719
0.12541389465332
0.16493201255798
0.10878586769104
0.11110901832581
0.12540984153748
0.14872312545776
0.10536599159241
0.10286402702332
0.14785408973694
0.14536285400391
0.10942602157593
0.11367392539978
0.10496211051941
0.11959099769592
0.17487406730652
0.11271190643311
0.13377404212952
0.14358401298523
0.12809920310974
0.12923693656921
0.10503220558167
0.10638189315796
0.1305730342865
0.14211678504944
0.11319303512573
0.11010694503784
0.11850810050964
0.14255905151367
0.13009190559387
0.1489851474762
0.12976098060608
0.10982608795166
0.10763788223267
0.12225985527039
0.14634799957275
0.1321849822998
0.13448190689087
0.12193298339844
0.14214086532593
0.12196207046509
0.11326503753662
0.10749220848083
0.10583877563477
0.10596799850464
0.14225792884827
0.14578294754028
0.11041116714478
0.10993599891663
0.12795114517212
0.1135139465332
0.12901306152344
0.17039394378662
0.10684895515442
0.13280892372131
0.20294404029846
0.13587403297424
0.1116931438446
0.13027596473694
0.17138409614563
0.14549088478088
0.110671043396
0.13604593276978
0.12894201278687
0.10765099525452
0.10929799079895
0.13581299781799
0.15212488174438
0.1072359085083
0.11044311523438
0.14079117774963
0.11298298835754
0.11432790756226
0.14197611808777
0.10936903953552
0.10702800750732
0.14430117607117
0.1978440284729
0.10806703567505
0.10735511779785
0.1406421661377
0.18325591087341
0.22711205482483
0.13230299949646
0.13966488838196
0.11336517333984
0.10586285591125
0.10469603538513
0.1285719871521
0.10886716842651
0.14257597923279
0.12752509117126
0.14818000793457
0.10832905769348
0.12428212165833
0.16696405410767
0.13681793212891
0.2426609992981
0.26478505134583
0.213045835495
0.11105799674988
0.12348985671997
0.15114712715149
0.1347119808197
0.13595199584961
0.23972582817078
0.23777508735657
0.13671398162842
0.1360239982605
0.14604902267456
0.12571120262146
0.14900493621826
0.1747829914093
0.19424486160278
0.1360719203949
0.10990118980408
0.11830306053162
0.13591480255127
0.19444298744202
0.14573907852173
0.13306903839111
0.1113178730011
0.13442897796631
0.1357638835907
0.14451599121094
0.13318705558777
0.14772891998291
0.11387300491333
0.14846014976501
0.12802696228027
0.13309693336487
0.12665700912476
0.1214280128479
0.12044596672058
0.11058592796326
0.16021704673767
0.10824584960938
0.1148829460144
0.10867309570312
0.11072087287903
0.12017893791199
0.11129689216614
0.13766098022461
0.140869140625
0.10431694984436
0.13311910629272
0.10887885093689
0.14114499092102
0.13119101524353
0.15134692192078
0.11048793792725
0.10964012145996
0.11980199813843
0.17043209075928
0.1155788898468
0.12808609008789
0.2173490524292
0.18731498718262
0.10817503929138
0.13204598426819
0.130450963974
0.1474781036377
0.13256597518921
0.11053705215454
0.10591793060303
0.11444187164307
0.14221787452698
0.1307110786438
0.13374900817871
0.14328098297119
0.20084190368652
0.12504911422729
0.10483193397522
0.12141799926758
0.17177510261536
0.13211798667908
0.13461899757385
0.14606690406799
0.13143086433411
0.17941999435425
0.10789203643799
0.11506700515747
0.12048888206482
0.10585713386536
0.10746097564697
0.13245415687561
0.18341898918152
0.3434739112854
0.33875584602356
0.22846484184265
0.1102569103241
0.11042213439941
0.12174701690674
0.14751696586609
0.11253786087036
0.13321304321289
0.10746693611145
0.13639688491821
0.14363098144531
0.13740706443787
0.11846303939819
0.11321902275085
0.11079406738281
0.10734796524048
0.10855793952942
0.11140298843384
0.10668802261353
0.10859894752502
0.11178779602051
0.12048387527466
0.14745497703552
0.10487604141235
0.11095809936523
0.10813498497009
0.10849785804749
0.12925696372986
0.20154881477356
0.11044383049011
0.1098940372467
0.12726998329163
0.11244797706604
0.10746312141418
0.10462093353271
0.12744283676147
0.12207818031311
0.1134819984436
0.1064190864563
0.11104202270508
0.12330102920532
0.11191415786743
0.1159188747406
0.10639476776123
0.11188006401062
0.13304281234741
0.15526103973389
0.1248619556427
0.13076114654541
0.14693307876587
0.13022494316101
0.11750292778015
0.11493396759033
0.11113500595093
0.13316297531128
