0.00066566467285156
0.00095105171203613
0.00095868110656738
0.00071310997009277
0.00069808959960938
0.0010836124420166
0.0010499954223633
0.00094795227050781
0.00080990791320801
0.0051641464233398
0.00065374374389648
0.00065207481384277
0.00070500373840332
0.0009918212890625
0.00064206123352051
0.00093793869018555
0.00077986717224121
0.00081110000610352
0.00062322616577148
0.0010287761688232
0.00086593627929688
0.000946044921875
0.00059413909912109
0.00061511993408203
0.00065779685974121
0.0030438899993896
0.0005950927734375
0.0009608268737793
0.00064301490783691
0.00063586235046387
0.00067615509033203
0.00099921226501465
0.0007481575012207
0.00062799453735352
0.0013012886047363
0.00094103813171387
0.00059819221496582
0.00062012672424316
0.00064682960510254
0.00066399574279785
0.00083780288696289
0.0012869834899902
0.0009458065032959
0.00053000450134277
0.00065016746520996
0.0029652118682861
0.00083708763122559
0.00064587593078613
0.00096511840820312
0.00069689750671387
0.00064492225646973
0.00064516067504883
0.00061178207397461
0.00086498260498047
0.00059080123901367
0.0006258487701416
0.00062918663024902
0.00099992752075195
0.00098538398742676
0.00066995620727539
0.0010123252868652
0.00063705444335938
0.0023281574249268
0.00081586837768555
0.00093507766723633
0.00063586235046387
0.00061297416687012
0.0026938915252686
0.0006251335144043
0.0012600421905518
0.00098490715026855
0.0005190372467041
0.00071191787719727
0.0010008811950684
0.0010778903961182
0.00065374374389648
0.00065398216247559
0.0010087490081787
0.00065398216247559
0.00095987319946289
0.00081920623779297
0.00063586235046387
0.00066900253295898
0.00063014030456543
0.00047588348388672
0.00071287155151367
0.00060606002807617
0.00059819221496582
0.04090428352356
0.00061821937561035
0.00063514709472656
0.00063514709472656
0.0010199546813965
0.0006098747253418
0.0022783279418945
0.00063014030456543
0.00066304206848145
0.00075411796569824
0.00093698501586914
0.0011849403381348
0.00065898895263672
0.001154899597168
0.00066089630126953
0.00060677528381348
0.00050902366638184
0.00071501731872559
0.00061130523681641
0.00092005729675293
0.0012788772583008
0.00066900253295898
0.0032060146331787
0.00063395500183105
0.0006401538848877
0.00091409683227539
0.00071096420288086
0.00066804885864258
0.0007472038269043
0.00066494941711426
0.00063776969909668
0.001150369644165
0.00068306922912598
0.00071191787719727
0.0011489391326904
0.0016281604766846
0.00071310997009277
0.00068116188049316
0.00085568428039551
0.00080370903015137
0.00068497657775879
0.00062966346740723
0.0006411075592041
0.0012171268463135
0.00065088272094727
0.00098204612731934
0.00079774856567383
0.0006868839263916
0.00080704689025879
0.0010359287261963
0.00062680244445801
0.00059700012207031
0.00067400932312012
0.00063395500183105
0.00063800811767578
0.0020580291748047
0.00067806243896484
0.0010111331939697
0.00064992904663086
0.00067806243896484
0.0007779598236084
0.00061392784118652
0.00068211555480957
0.00065803527832031
0.00063109397888184
0.00085115432739258
0.00091791152954102
0.0010218620300293
0.0007939338684082
0.00064611434936523
0.00065398216247559
0.00059795379638672
0.0010480880737305
0.00060510635375977
0.00049114227294922
0.00050973892211914
0.00056004524230957
0.00063204765319824
0.00062084197998047
0.0007178783416748
0.00096988677978516
0.0006258487701416
0.0048179626464844
0.00066304206848145
0.00065803527832031
0.0007178783416748
0.00064277648925781
0.00071120262145996
0.00066113471984863
0.00061202049255371
0.00084495544433594
0.00073027610778809
0.00064587593078613
0.00085306167602539
0.0011899471282959
0.0014669895172119
0.0028681755065918
0.0009310245513916
0.00064396858215332
0.0010139942169189
0.00067996978759766
0.00068497657775879
0.00067782402038574
0.0013682842254639
0.00072693824768066
0.0011498928070068
0.0007178783416748
0.00071978569030762
0.0012543201446533
0.0031430721282959
0.00070977210998535
0.00075912475585938
0.00094819068908691
0.00063180923461914
0.003605842590332
0.00084304809570312
0.00065302848815918
0.00077104568481445
0.00067687034606934
0.00065493583679199
0.0010721683502197
0.0006411075592041
0.00058603286743164
0.000762939453125
0.00073099136352539
0.00065922737121582
0.00066685676574707
0.00077199935913086
0.0010190010070801
0.0009760856628418
0.0006411075592041
0.00078535079956055
0.00065398216247559
0.00062823295593262
0.00096535682678223
0.00060319900512695
0.00069475173950195
0.00066781044006348
0.001478910446167
0.00062322616577148
0.00059700012207031
0.0012087821960449
0.00076723098754883
0.00064206123352051
0.0009610652923584
0.00080227851867676
0.00063228607177734
0.00063610076904297
0.0009303092956543
0.0031991004943848
0.0006868839263916
0.0010230541229248
0.00077199935913086
0.0007483959197998
0.00066232681274414
0.00069308280944824
0.00079703330993652
0.00098967552185059
0.00065469741821289
0.003148078918457
0.00066399574279785
0.00069093704223633
0.0011336803436279
0.00081491470336914
0.00082993507385254
0.00070381164550781
0.00093197822570801
0.00064587593078613
0.00066113471984863
0.0024611949920654
0.00068187713623047
0.00064492225646973
0.00067424774169922
0.00066113471984863
0.001352071762085
0.00090885162353516
0.00068211555480957
0.0028071403503418
0.00062298774719238
0.00082826614379883
0.0013477802276611
0.003943920135498
0.00066399574279785
0.00063204765319824
0.00081610679626465
0.00063681602478027
0.00066614151000977
0.013482093811035
0.00073695182800293
0.00062990188598633
0.00069284439086914
0.00067996978759766
0.001105785369873
0.0009157657623291
0.00095582008361816
0.00064373016357422
0.00088882446289062
0.0010030269622803
0.0014400482177734
0.00061798095703125
0.0011589527130127
0.00088691711425781
0.00085711479187012
0.0030310153961182
0.00067329406738281
0.00059676170349121
0.0008389949798584
0.00092792510986328
0.00096702575683594
0.0022890567779541
0.0022497177124023
0.00068902969360352
0.0010237693786621
0.00065183639526367
0.0012283325195312
0.00068902969360352
0.00078892707824707
0.0029489994049072
0.00088787078857422
0.00073075294494629
0.00064587593078613
0.00074100494384766
0.00061821937561035
0.00062394142150879
0.00065302848815918
0.00096774101257324
0.00066184997558594
0.00066614151000977
0.00062918663024902
0.00059127807617188
0.0024769306182861
0.0010199546813965
0.0012352466583252
0.00073909759521484
0.00062680244445801
0.00087070465087891
0.00066590309143066
0.00070691108703613
0.00058984756469727
0.00064373016357422
0.0010418891906738
0.0010013580322266
0.00070405006408691
0.00072789192199707
0.00060606002807617
0.00069785118103027
0.00087285041809082
0.00065398216247559
0.00065112113952637
0.0011026859283447
0.00064992904663086
0.0047760009765625
0.00064587593078613
0.00066113471984863
0.00063323974609375
0.00073695182800293
0.0010390281677246
0.00067281723022461
0.00061511993408203
0.00066184997558594
0.00069093704223633
0.00068378448486328
0.0017571449279785
0.00060701370239258
0.00065398216247559
0.00095915794372559
0.00070285797119141
0.00061893463134766
0.00065016746520996
0.00078701972961426
0.00063800811767578
0.00071191787719727
0.00066423416137695
0.0006411075592041
0.00085115432739258
0.00099706649780273
0.00065302848815918
0.00068306922912598
0.00063490867614746
0.00099778175354004
0.00086021423339844
0.0006558895111084
0.00062990188598633
0.00062704086303711
0.00065517425537109
0.0011806488037109
0.0012469291687012
0.00062894821166992
0.00091290473937988
0.0011191368103027
0.00079989433288574
0.0011131763458252
0.00067687034606934
0.00061893463134766
0.00059986114501953
0.00063514709472656
0.00064992904663086
0.0019590854644775
0.00064802169799805
0.0011615753173828
0.00061297416687012
0.0017642974853516
0.00063586235046387
0.00095415115356445
0.00094890594482422
0.00078272819519043
0.00067400932312012
0.00065112113952637
0.0010213851928711
0.00063705444335938
0.00063014030456543
0.00052309036254883
0.0010712146759033
0.0014638900756836
0.0006711483001709
0.00064301490783691
0.00073909759521484
0.00086307525634766
0.0033068656921387
0.00065088272094727
0.00065803527832031
0.00066971778869629
0.00068879127502441
0.00069189071655273
0.00068306922912598
0.00063419342041016
0.00094771385192871
0.00066900253295898
0.00071620941162109
0.00063586235046387
0.00068306922912598
0.00099492073059082
0.0011551380157471
0.0006248950958252
0.00061488151550293
0.00065422058105469
0.00058698654174805
0.00095629692077637
0.00068211555480957
0.00065517425537109
0.00055217742919922
0.0012550354003906
0.0006101131439209
0.0006101131439209
0.00076484680175781
0.00085878372192383
0.00093197822570801
0.00087118148803711
0.00066184997558594
0.00057888031005859
0.001741886138916
0.00074911117553711
0.00071525573730469
0.00063109397888184
0.002180814743042
0.00058507919311523
0.00066304206848145
0.00064420700073242
0.00069093704223633
0.00069689750671387
0.00060415267944336
0.00061511993408203
0.00062108039855957
0.00083279609680176
0.00063681602478027
0.0010378360748291
0.00067973136901855
0.00097012519836426
0.00060486793518066
0.00076007843017578
0.00067520141601562
0.00065517425537109
0.00099706649780273
0.0015120506286621
0.00062131881713867
0.0010287761688232
0.00058317184448242
0.00062203407287598
0.00063586235046387
0.0032649040222168
0.00064301490783691
0.00066494941711426
0.0007319450378418
0.00066900253295898
0.002532958984375
0.00065708160400391
0.00072669982910156
0.00067305564880371
0.00061988830566406
0.00063085556030273
0.00087094306945801
0.00047802925109863
0.0010170936584473
0.0010190010070801
0.00064182281494141
0.00075292587280273
0.00064897537231445
0.0007169246673584
0.00068330764770508
0.0006718635559082
0.0053417682647705
0.00066399574279785
0.00096511840820312
0.0012650489807129
0.0010318756103516
0.00063991546630859
0.00086712837219238
0.0020370483398438
0.00066781044006348
0.00066184997558594
0.00062012672424316
0.00082707405090332
0.00070285797119141
0.00066208839416504
0.00060892105102539
0.00065326690673828
0.0011231899261475
0.00098705291748047
0.0025980472564697
0.00074100494384766
0.0008389949798584
0.00088715553283691
0.00069999694824219
0.00062298774719238
0.00093197822570801
0.00058317184448242
0.003756046295166
0.00065898895263672
0.00057101249694824
0.00069689750671387
0.00071620941162109
0.00062417984008789
0.0025038719177246
0.0014939308166504
0.00071620941162109
0.00060772895812988
0.00065779685974121
0.00069308280944824
0.0010087490081787
0.00067710876464844
0.00067496299743652
0.0013282299041748
0.00081491470336914
0.00066924095153809
0.00063800811767578
0.00095295906066895
0.00097274780273438
0.00067520141601562
0.0005950927734375
0.0006561279296875
0.0065240859985352
0.00061988830566406
0.00063610076904297
0.00083303451538086
0.006680965423584
0.00063300132751465
0.00088810920715332
0.0006251335144043
0.00064682960510254
0.0014560222625732
0.00065517425537109
0.00079798698425293
0.00063514709472656
0.0041670799255371
0.00060892105102539
0.00092625617980957
0.00065517425537109
0.0007929801940918
0.00085091590881348
0.0006711483001709
0.0006098747253418
0.0023002624511719
0.00061774253845215
0.00054717063903809
0.00074100494384766
0.0010762214660645
0.00065994262695312
0.00076794624328613
0.00064206123352051
0.0005190372467041
0.00097751617431641
0.00064921379089355
0.0007627010345459
0.00064682960510254
0.00073003768920898
0.0028369426727295
0.00065183639526367
0.00066590309143066
0.00067615509033203
0.0007178783416748
0.00055527687072754
0.00065708160400391
0.00064992904663086
0.0034422874450684
0.00064206123352051
0.00088286399841309
0.0010192394256592
0.00055527687072754
0.00064396858215332
0.00077104568481445
0.00065493583679199
0.00064516067504883
0.00072884559631348
0.00068902969360352
0.00060796737670898
0.0006411075592041
0.0021579265594482
0.0027949810028076
0.0028321743011475
0.0010275840759277
0.00076794624328613
0.0010941028594971
0.00097799301147461
0.0018000602722168
0.0013117790222168
0.0010261535644531
0.0019152164459229
0.0057070255279541
0.0018510818481445
0.010462045669556
0.0012638568878174
0.00054693222045898
0.00064611434936523
0.00062990188598633
0.00070405006408691
0.0020558834075928
0.00066804885864258
0.00055027008056641
0.00048089027404785
0.0038468837738037
0.0030908584594727
0.0012059211730957
0.002453088760376
0.00069212913513184
0.00082993507385254
0.00066113471984863
0.0031421184539795
0.00067281723022461
0.00098514556884766
0.00066375732421875
0.00069093704223633
0.0006101131439209
0.0010221004486084
0.00071310997009277
0.00070428848266602
0.0006260871887207
0.00079703330993652
0.00057601928710938
0.00063920021057129
0.0024290084838867
0.00069785118103027
0.0020709037780762
0.0007178783416748
0.00084614753723145
0.00059700012207031
0.00070381164550781
0.002791166305542
0.00064706802368164
0.00068902969360352
0.00063204765319824
0.00064301490783691
0.0010359287261963
0.00062704086303711
0.0022461414337158
0.00064325332641602
0.00063323974609375
0.00072693824768066
0.00079178810119629
0.00062990188598633
0.0014090538024902
0.0012650489807129
0.00065207481384277
0.00074386596679688
0.0021028518676758
0.0007011890411377
0.00069999694824219
0.00063490867614746
0.00066995620727539
0.00094819068908691
0.00068092346191406
0.00066184997558594
0.0010230541229248
0.00096607208251953
0.0007319450378418
0.00068092346191406
0.00069999694824219
0.00061202049255371
0.0006721019744873
0.00072216987609863
0.0010099411010742
0.00065493583679199
0.00079011917114258
0.0017409324645996
0.00063490867614746
0.001007080078125
0.00070285797119141
0.00098299980163574
0.000640869140625
0.0016250610351562
0.00066685676574707
0.0007479190826416
0.0026271343231201
0.00064587593078613
0.00068092346191406
0.00066089630126953
0.0018560886383057
0.00065922737121582
0.00069403648376465
0.0011498928070068
0.00078392028808594
0.00088095664978027
0.00062704086303711
0.00096774101257324
0.0011091232299805
0.00066804885864258
0.0017251968383789
0.0026509761810303
0.00066518783569336
0.0010898113250732
0.0006868839263916
0.00066113471984863
0.00076413154602051
0.0010490417480469
0.00065207481384277
0.0007178783416748
0.0006859302520752
0.00063896179199219
0.00063991546630859
0.0006568431854248
0.0006561279296875
0.00075101852416992
0.0016260147094727
0.0024049282073975
0.00062966346740723
0.00086784362792969
0.00064516067504883
0.0010559558868408
0.0007178783416748
0.00062012672424316
0.00048494338989258
0.001298189163208
0.00064301490783691
0.00094413757324219
0.00075602531433105
0.00066804885864258
0.00083494186401367
0.00070476531982422
0.00091075897216797
0.00074601173400879
0.00069689750671387
0.00071573257446289
0.0020809173583984
0.00064992904663086
0.00062799453735352
0.0010459423065186
0.00099396705627441
0.00058317184448242
0.00065517425537109
0.0011851787567139
0.0010218620300293
0.00063991546630859
0.00065279006958008
0.0034379959106445
0.0031177997589111
0.00098800659179688
0.00077581405639648
0.00095486640930176
0.00067591667175293
0.00076389312744141
0.00066089630126953
0.00062680244445801
0.0010299682617188
0.00073575973510742
0.00050592422485352
0.00089120864868164
0.00065302848815918
0.00074362754821777
0.0009000301361084
0.00062918663024902
0.002647876739502
0.0010478496551514
0.0010581016540527
0.00060105323791504
0.00084185600280762
0.00067996978759766
0.00063109397888184
0.00084996223449707
0.00078082084655762
0.0006709098815918
0.00063109397888184
0.00057816505432129
0.00078678131103516
0.00052595138549805
0.00055670738220215
0.00061607360839844
0.00063300132751465
0.0006258487701416
0.00095891952514648
0.0036890506744385
0.0021309852600098
0.00063085556030273
0.00061988830566406
0.00055122375488281
0.00068283081054688
0.00088214874267578
0.00065088272094727
0.00072097778320312
0.00093221664428711
0.00065302848815918
0.00065207481384277
0.00064897537231445
0.00096988677978516
0.00066208839416504
0.00053000450134277
0.0025479793548584
0.00057506561279297
0.0026760101318359
0.00055480003356934
0.00077080726623535
0.0005650520324707
0.0012350082397461
0.00066304206848145
0.00059103965759277
0.00077319145202637
0.00086402893066406
0.00070381164550781
0.00086116790771484
0.00056695938110352
0.00059103965759277
0.00080609321594238
0.00063109397888184
0.00065708160400391
0.0019330978393555
0.00068974494934082
0.00054287910461426
0.0010967254638672
0.00064325332641602
0.00079131126403809
0.00053811073303223
0.00050592422485352
0.0011880397796631
0.00067019462585449
0.00059390068054199
0.00087618827819824
0.00056910514831543
0.00059890747070312
0.00059175491333008
0.00080013275146484
0.0010108947753906
0.00060915946960449
0.00059318542480469
0.0006110668182373
0.00065493583679199
0.00063323974609375
0.00078392028808594
0.00069618225097656
0.00058507919311523
0.00076389312744141
0.00066184997558594
0.00057101249694824
0.00063204765319824
0.00054121017456055
0.0007469654083252
0.00072121620178223
0.00085091590881348
0.0006098747253418
0.00073814392089844
0.00078415870666504
0.00081992149353027
0.00097465515136719
0.00058794021606445
0.0010600090026855
0.00070500373840332
0.00064587593078613
0.00083613395690918
0.00060105323791504
0.00081205368041992
0.00067710876464844
0.00062203407287598
0.00059294700622559
0.00061511993408203
0.0010566711425781
0.00066184997558594
0.0026402473449707
0.0026099681854248
0.0013549327850342
0.00055408477783203
0.0012848377227783
0.00099992752075195
0.00087118148803711
0.00070905685424805
0.0009150505065918
0.0018889904022217
0.00061988830566406
0.00058197975158691
0.00071978569030762
0.00073099136352539
0.00064897537231445
0.00067782402038574
0.00073623657226562
0.00075697898864746
0.00074410438537598
0.0016469955444336
0.0005638599395752
0.00069594383239746
0.00083518028259277
0.00095009803771973
0.0008232593536377
0.00098896026611328
0.00077915191650391
0.00063872337341309
0.00055503845214844
0.00053310394287109
0.0005648136138916
0.00073719024658203
0.00062894821166992
0.00062084197998047
0.00077605247497559
0.00060772895812988
0.0017728805541992
0.00070905685424805
0.0018730163574219
0.00074124336242676
0.0006411075592041
0.00064396858215332
0.00072717666625977
0.0006868839263916
0.00067615509033203
0.00091123580932617
0.0007479190826416
0.00086498260498047
0.00066900253295898
0.00057601928710938
0.00065803527832031
0.00064301490783691
0.00067996978759766
0.00064992904663086
0.00064492225646973
0.00061488151550293
0.00074625015258789
0.00095319747924805
0.00066304206848145
0.00062799453735352
0.00096917152404785
0.0011093616485596
0.00065112113952637
0.00066399574279785
0.001028299331665
0.00065207481384277
0.00095915794372559
0.00053000450134277
0.00064992904663086
0.00044131278991699
0.0005958080291748
0.00067305564880371
0.00057506561279297
0.0007941722869873
0.00059223175048828
0.0022928714752197
0.00075292587280273
0.00052595138549805
0.0005948543548584
0.00085592269897461
0.00096869468688965
0.00064516067504883
0.00066995620727539
0.00059175491333008
0.0007178783416748
0.00063800811767578
0.00069403648376465
0.00062417984008789
0.00099587440490723
0.00064802169799805
0.00062298774719238
0.00093889236450195
0.0011208057403564
0.00052809715270996
0.0007021427154541
0.003201961517334
0.00081706047058105
0.00068187713623047
0.00065088272094727
0.00071191787719727
0.001039981842041
0.00092601776123047
0.00061798095703125
0.00083208084106445
0.00073504447937012
0.0025260448455811
0.001349925994873
0.00070595741271973
0.00068783760070801
0.00076198577880859
0.00064301490783691
0.0006868839263916
0.0006411075592041
0.00066089630126953
0.0009918212890625
0.0007011890411377
0.00087881088256836
0.00086808204650879
0.00065207481384277
0.0012943744659424
0.00065994262695312
0.0024650096893311
0.00049996376037598
0.00067305564880371
0.00055193901062012
0.00060105323791504
0.00079584121704102
0.00064420700073242
0.0022010803222656
