0.0038399696350098
0.0030529499053955
0.0034470558166504
0.0037379264831543
0.0042030811309814
0.0038309097290039
0.0031111240386963
0.0038177967071533
0.0039820671081543
0.0034010410308838
0.0031189918518066
0.0035820007324219
0.0032598972320557
0.0034329891204834
0.0034279823303223
0.0042281150817871
0.0034120082855225
0.0033040046691895
0.0035240650177002
0.0048770904541016
0.0030739307403564
0.004004955291748
0.0035350322723389
0.0040090084075928
0.0028111934661865
0.0036139488220215
0.0035800933837891
0.003371000289917
0.022287845611572
0.0037939548492432
0.00382399559021
0.0032711029052734
0.0052800178527832
0.0037071704864502
0.0038318634033203
0.0049099922180176
0.0036270618438721
0.0032548904418945
0.0037519931793213
0.0039570331573486
0.0034000873565674
0.0039341449737549
0.0054938793182373
0.0037810802459717
0.0035600662231445
0.0039401054382324
0.0035932064056396
0.0036029815673828
0.0036370754241943
0.0036489963531494
0.0030879974365234
0.0034611225128174
0.0039780139923096
0.0035829544067383
0.0030438899993896
0.0042920112609863
0.0039770603179932
0.0036981105804443
0.0043811798095703
0.0040550231933594
0.0031189918518066
0.0055239200592041
0.003917932510376
0.003140926361084
0.0048658847808838
0.0038299560546875
0.003511905670166
0.0033550262451172
0.0030820369720459
0.003964900970459
0.0035109519958496
0.0032720565795898
0.0032379627227783
0.0033020973205566
0.0032780170440674
0.0041358470916748
0.0040731430053711
0.0034749507904053
0.0033318996429443
0.0032131671905518
0.0038290023803711
0.0031208992004395
0.0034399032592773
0.003572940826416
0.00335693359375
0.0029950141906738
0.0033490657806396
0.0030698776245117
0.0032780170440674
0.0042350292205811
0.0035669803619385
0.0033679008483887
0.0033068656921387
0.0032370090484619
0.0043511390686035
0.0029540061950684
0.002993106842041
0.0031039714813232
0.0040111541748047
0.0031368732452393
0.0036149024963379
0.0040278434753418
0.003917932510376
0.003000020980835
0.0055301189422607
0.026315927505493
0.0031189918518066
0.0034048557281494
0.0037760734558105
0.0033140182495117
0.0034048557281494
0.0029740333557129
0.0040791034698486
0.0029900074005127
0.0031108856201172
0.0041749477386475
0.0037779808044434
0.0042920112609863
0.0037667751312256
0.0028731822967529
0.0040981769561768
0.0040020942687988
0.00347900390625
0.0039780139923096
0.0033738613128662
0.0030620098114014
0.0041360855102539
0.0038468837738037
0.00565505027771
0.003075122833252
0.0034270286560059
0.0036051273345947
0.0038678646087646
0.0032548904418945
0.0029327869415283
0.003654956817627
0.0030410289764404
0.0033528804779053
0.0031168460845947
0.0032970905303955
0.0038681030273438
0.0030460357666016
0.004223108291626
0.0033869743347168
0.004518985748291
0.0029439926147461
0.003774881362915
0.0036849975585938
0.0032010078430176
0.0039441585540771
0.003931999206543
0.0031909942626953
0.0037639141082764
0.0030739307403564
0.0037798881530762
0.0030789375305176
0.0037441253662109
0.0030350685119629
0.0032508373260498
0.00325608253479
0.0034317970275879
0.0031139850616455
0.0034160614013672
0.0036561489105225
0.0029361248016357
0.0027859210968018
0.0041100978851318
0.0044729709625244
0.0032279491424561
0.0040409564971924
0.0029709339141846
0.0032429695129395
0.0039079189300537
0.0037028789520264
0.0047919750213623
0.0046429634094238
0.00388503074646
0.0037178993225098
0.0034382343292236
0.0037400722503662
0.0030529499053955
0.0028460025787354
0.0046048164367676
0.0031890869140625
0.0030479431152344
0.0038440227508545
0.0034031867980957
0.0033290386199951
0.0038118362426758
0.0030801296234131
0.0038330554962158
0.0029330253601074
0.0034310817718506
0.0032429695129395
0.0027320384979248
0.0027251243591309
0.0030279159545898
0.0032780170440674
0.0029361248016357
0.0039629936218262
0.0039360523223877
0.0039041042327881
0.0031697750091553
0.0033409595489502
0.0044300556182861
0.0027129650115967
0.0055828094482422
0.0042800903320312
0.0031490325927734
0.0037300586700439
0.0030319690704346
0.0028719902038574
0.0027461051940918
0.0030629634857178
0.0041930675506592
0.0031719207763672
0.003558874130249
0.0031089782714844
0.0038080215454102
0.0039820671081543
0.0031559467315674
0.0054168701171875
0.0036258697509766
0.0031170845031738
0.0032310485839844
0.0034949779510498
0.0039670467376709
0.0033619403839111
0.0031759738922119
0.0029828548431396
0.0034639835357666
0.0031108856201172
0.0030789375305176
0.0031099319458008
0.0038750171661377
0.0040631294250488
0.0037820339202881
0.0040020942687988
0.0028858184814453
0.0031299591064453
0.0039999485015869
0.0028929710388184
0.0037930011749268
0.003262996673584
0.0032391548156738
0.0038859844207764
0.0031590461730957
0.0029740333557129
0.0031139850616455
0.0030977725982666
0.0032958984375
0.0036230087280273
0.0042688846588135
0.0032079219818115
0.003087043762207
0.0037269592285156
0.0027279853820801
0.0029690265655518
0.0042650699615479
0.0031731128692627
0.004011869430542
0.0048611164093018
0.0034408569335938
0.0039329528808594
0.0034310817718506
0.0054440498352051
0.0043830871582031
0.004580020904541
0.0042979717254639
0.0038409233093262
0.0037600994110107
0.0035619735717773
0.0031850337982178
0.0028140544891357
0.0040359497070312
0.0040230751037598
0.0041999816894531
0.0034079551696777
0.00319504737854
0.0039589405059814
0.0035769939422607
0.0036120414733887
0.0032320022583008
0.0050249099731445
0.0041790008544922
0.0031449794769287
0.0031230449676514
0.0032620429992676
0.0031330585479736
0.0035181045532227
0.0040609836578369
0.0039341449737549
0.0040109157562256
0.0030748844146729
0.0037121772766113
0.0028231143951416
0.0034198760986328
0.0038900375366211
0.0034818649291992
0.0039610862731934
0.0031008720397949
0.0032830238342285
0.0038249492645264
0.0032989978790283
0.0039088726043701
0.0031530857086182
0.0038630962371826
0.0038979053497314
0.003197193145752
0.0044469833374023
0.0030081272125244
0.0036149024963379
0.0031120777130127
0.0053179264068604
0.0038769245147705
0.0030739307403564
0.0037579536437988
0.0039231777191162
0.0040340423583984
0.0032980442047119
0.0028021335601807
0.0028889179229736
0.0035879611968994
0.0033249855041504
0.0030720233917236
0.0033900737762451
0.0034959316253662
0.0038959980010986
0.0067501068115234
0.0030169486999512
0.0032298564910889
0.0035288333892822
0.0053689479827881
0.0040361881256104
0.0031948089599609
0.0031139850616455
0.0043380260467529
0.0037710666656494
0.0028610229492188
0.0031039714813232
0.0031640529632568
0.0037717819213867
0.0030419826507568
0.0037291049957275
0.0033271312713623
0.0048730373382568
0.00382399559021
0.0030679702758789
0.0042808055877686
0.003242015838623
0.0029258728027344
0.0039398670196533
0.0037109851837158
0.0031750202178955
0.0030121803283691
0.0041060447692871
0.003748893737793
0.003748893737793
0.0028247833251953
0.0034058094024658
0.0026381015777588
0.0037841796875
0.003026008605957
0.0038199424743652
0.0028901100158691
0.0030679702758789
0.0034198760986328
0.003713846206665
0.0033218860626221
0.0031089782714844
0.0037100315093994
0.0041329860687256
0.0033988952636719
0.0038859844207764
0.0031960010528564
0.0039360523223877
0.0043148994445801
0.0040290355682373
0.0031812191009521
0.0041718482971191
0.0044269561767578
0.0031712055206299
0.0029239654541016
0.0046770572662354
0.0033152103424072
0.0033791065216064
0.0035190582275391
0.0032689571380615
0.0039539337158203
0.0039470195770264
0.0028839111328125
0.0031740665435791
0.0033931732177734
0.0034220218658447
0.0034089088439941
0.0058529376983643
0.0030851364135742
0.0037260055541992
0.004094123840332
0.0035851001739502
0.0033938884735107
0.003993034362793
0.004213809967041
0.0044708251953125
0.0038440227508545
0.0030710697174072
0.0039479732513428
0.0037631988525391
0.00313401222229
0.0043308734893799
0.0031490325927734
0.0036880970001221
0.0029351711273193
0.0032742023468018
0.0041289329528809
0.0036489963531494
0.0031700134277344
0.0039510726928711
0.0032358169555664
0.0030608177185059
0.0026869773864746
0.0030491352081299
0.0041849613189697
0.0043818950653076
0.0037050247192383
0.003389835357666
0.0033531188964844
0.0030078887939453
0.0044429302215576
0.0037710666656494
0.0035159587860107
0.0031449794769287
0.0038168430328369
0.0045299530029297
0.0036399364471436
0.0032610893249512
0.0035459995269775
0.0030360221862793
0.0029809474945068
0.0040750503540039
0.00313401222229
0.0042610168457031
0.0040109157562256
0.0035510063171387
0.0035450458526611
0.0029969215393066
0.0030651092529297
0.0035960674285889
0.0034270286560059
0.0042757987976074
0.0048511028289795
0.0040488243103027
0.0040199756622314
0.0036020278930664
0.0031960010528564
0.0031881332397461
0.0034260749816895
0.0035450458526611
0.0030701160430908
0.0030760765075684
0.0050170421600342
0.0031869411468506
0.0037178993225098
0.0059199333190918
0.0042309761047363
0.0035331249237061
0.0030529499053955
0.003075122833252
0.0028600692749023
0.0029220581054688
0.0031719207763672
0.0029900074005127
0.0035998821258545
0.0032920837402344
0.0039570331573486
0.0030219554901123
0.0030360221862793
0.0029809474945068
0.0032708644866943
0.0031290054321289
0.0034899711608887
0.0031919479370117
0.004979133605957
0.0042428970336914
0.0033900737762451
0.003608226776123
0.0034101009368896
0.0050590038299561
0.0036768913269043
0.003154993057251
0.0036928653717041
0.0034029483795166
0.0042719841003418
0.0036270618438721
0.0041558742523193
0.0031678676605225
0.0033180713653564
0.0032780170440674
0.0032961368560791
0.0036540031433105
0.0033278465270996
0.0033771991729736
0.0035898685455322
0.0040278434753418
0.0033619403839111
0.0037879943847656
0.0031309127807617
0.0038530826568604
0.003262996673584
0.0031170845031738
0.0033760070800781
0.0030648708343506
0.003079891204834
0.003727912902832
0.003943920135498
0.0042829513549805
0.0046970844268799
0.0040478706359863
0.0040738582611084
0.0031669139862061
0.0034289360046387
0.0027248859405518
0.003183126449585
0.0043280124664307
0.0040440559387207
0.0037300586700439
0.0052769184112549
0.0038819313049316
0.003026008605957
0.0037119388580322
0.0028359889984131
0.003324031829834
0.0041060447692871
0.0040669441223145
0.0028929710388184
0.0038480758666992
0.0031099319458008
0.0034239292144775
0.0034329891204834
0.0026669502258301
0.0041360855102539
0.0034370422363281
0.0036070346832275
0.0029568672180176
0.0032320022583008
0.0031290054321289
0.0038080215454102
0.0030169486999512
0.0031599998474121
0.0033361911773682
0.0041749477386475
0.0038599967956543
0.003558874130249
0.0034589767456055
0.0029709339141846
0.0035278797149658
0.0038020610809326
0.0043389797210693
0.0032479763031006
0.0038609504699707
0.0037519931793213
0.0030558109283447
0.0039410591125488
0.0033681392669678
0.0030238628387451
0.0036230087280273
0.0031390190124512
0.0030949115753174
0.0029458999633789
0.0030648708343506
0.003648042678833
0.0039491653442383
0.0041170120239258
0.0033760070800781
0.0037980079650879
0.0037331581115723
0.0029690265655518
0.0029120445251465
0.0046918392181396
0.0032339096069336
0.0029339790344238
0.0033779144287109
0.0035340785980225
0.0032179355621338
0.0031559467315674
0.0030229091644287
0.003864049911499
0.0029201507568359
0.0040988922119141
0.0034298896789551
0.0028629302978516
0.0031049251556396
0.0036571025848389
0.0041649341583252
0.0034210681915283
0.0031290054321289
0.0031838417053223
0.0032958984375
0.0044219493865967
0.0033378601074219
0.0031270980834961
0.0030808448791504
0.0032570362091064
0.0031929016113281
0.0035290718078613
0.0041570663452148
0.0035750865936279
0.0040779113769531
0.0031440258026123
0.003943920135498
0.0037989616394043
0.0032229423522949
0.0031628608703613
0.0033919811248779
0.0029451847076416
0.0036530494689941
0.0042309761047363
0.0032570362091064
0.0039019584655762
0.0039260387420654
0.0030689239501953
0.0038089752197266
0.0034010410308838
0.0031871795654297
0.0035569667816162
0.0030078887939453
0.0037369728088379
0.0041570663452148
0.0031120777130127
0.0032939910888672
0.0038619041442871
0.0038399696350098
0.0031709671020508
0.0032801628112793
0.0037131309509277
0.0037589073181152
0.0047099590301514
0.003748893737793
0.004148006439209
0.003065824508667
0.0031089782714844
0.0029768943786621
0.00307297706604
0.0034949779510498
0.0036599636077881
0.0030868053436279
0.0039970874786377
0.0029928684234619
0.0033700466156006
0.0031538009643555
0.0032050609588623
0.0029799938201904
0.0034191608428955
0.0039818286895752
0.0037379264831543
0.0034229755401611
0.0037229061126709
0.003486156463623
0.0029540061950684
0.0036399364471436
0.0034260749816895
0.003878116607666
0.0031580924987793
0.0039498805999756
0.0037949085235596
0.0029158592224121
0.0030410289764404
0.0035431385040283
0.0039710998535156
0.0036180019378662
0.0041460990905762
0.0040290355682373
0.0040690898895264
0.0029778480529785
0.0039730072021484
0.0028750896453857
0.0027761459350586
0.0035338401794434
0.00370192527771
0.0034749507904053
0.0036330223083496
0.0030100345611572
0.0035159587860107
0.0040328502655029
0.0034849643707275
0.0032548904418945
0.0036389827728271
0.0036242008209229
0.0040428638458252
0.0035059452056885
0.0036740303039551
0.0040099620819092
0.0032401084899902
0.0042400360107422
0.004011869430542
0.0031139850616455
0.0048210620880127
0.0034389495849609
0.0033388137817383
0.0031101703643799
0.0037729740142822
0.0049290657043457
0.0028998851776123
0.0037660598754883
0.004065990447998
0.003835916519165
0.0031440258026123
0.0033600330352783
0.0045371055603027
0.0036439895629883
0.0040640830993652
0.0035340785980225
0.0073590278625488
0.0037209987640381
0.0031349658966064
0.0039730072021484
0.0031161308288574
0.0036880970001221
0.0040431022644043
0.0031681060791016
0.0031461715698242
0.0038111209869385
0.0033509731292725
0.0033729076385498
0.0037708282470703
0.0035929679870605
0.0046291351318359
0.0031259059906006
0.0039730072021484
0.0028810501098633
0.003986120223999
0.0036101341247559
0.0031929016113281
0.0036830902099609
0.0029621124267578
0.0039730072021484
0.0034480094909668
0.0037660598754883
0.0038280487060547
0.0029342174530029
0.003917932510376
0.0036230087280273
0.0030710697174072
0.0029687881469727
0.0030109882354736
0.0037250518798828
0.0031659603118896
0.0026869773864746
0.003842830657959
0.0039260387420654
0.0042619705200195
0.0032038688659668
0.0036778450012207
0.0038840770721436
0.0038790702819824
0.0028159618377686
0.0037429332733154
0.0029051303863525
0.0041449069976807
0.0031230449676514
0.002993106842041
0.0030238628387451
0.0038959980010986
0.0034880638122559
0.0027809143066406
0.0035989284515381
0.0026900768280029
0.0035600662231445
0.0038540363311768
0.0040581226348877
0.0031461715698242
0.003950834274292
0.0038399696350098
0.0029969215393066
0.0033519268035889
0.0026650428771973
0.0038599967956543
0.0031428337097168
0.0031030178070068
0.0036849975585938
0.0040731430053711
0.0036389827728271
0.0030100345611572
0.0027918815612793
0.0036821365356445
0.0039820671081543
0.0035078525543213
0.0034568309783936
0.0030539035797119
0.0032958984375
0.0038058757781982
0.0031969547271729
0.0041720867156982
0.0038690567016602
0.0029749870300293
0.0030801296234131
0.0038559436798096
0.0035967826843262
0.0028548240661621
0.0030279159545898
0.0030229091644287
0.00282883644104
0.0040600299835205
0.0035150051116943
0.0038719177246094
0.003741979598999
0.0031208992004395
0.0036938190460205
0.0034918785095215
0.0033621788024902
0.004127025604248
0.0044848918914795
0.0036091804504395
0.0027270317077637
0.0028781890869141
0.003108024597168
0.0042247772216797
0.0037128925323486
0.0039370059967041
0.0038940906524658
0.0040228366851807
0.004021167755127
0.0031149387359619
0.0039160251617432
0.0031170845031738
0.003154993057251
0.0032279491424561
0.0043530464172363
0.0034041404724121
0.0037310123443604
0.0043749809265137
0.0040161609649658
0.0030829906463623
0.0041439533233643
0.0030069351196289
0.0026240348815918
0.0039188861846924
0.0030109882354736
0.003201961517334
0.0030858516693115
0.0034770965576172
0.0039260387420654
0.0037941932678223
0.0030481815338135
0.0032799243927002
0.0030648708343506
0.0036149024963379
0.0035250186920166
0.0029721260070801
0.0033738613128662
0.0031819343566895
0.0037980079650879
0.0028319358825684
0.0028059482574463
0.003119945526123
0.0032429695129395
0.0031650066375732
0.0037219524383545
0.0034730434417725
0.0037310123443604
0.0031778812408447
0.0034029483795166
0.0032041072845459
0.0034079551696777
0.0036170482635498
0.0037729740142822
0.0029170513153076
0.0029199123382568
0.0029380321502686
0.0036978721618652
0.0030419826507568
0.0030360221862793
0.0030498504638672
0.0038588047027588
0.0031459331512451
0.0037498474121094
0.0036461353302002
0.0043950080871582
0.0038769245147705
0.00323486328125
0.0030581951141357
0.00307297706604
0.0035700798034668
0.0029988288879395
0.0043849945068359
0.0045340061187744
0.003309965133667
0.003835916519165
0.0036349296569824
0.0036680698394775
0.0033290386199951
0.0030438899993896
0.0036098957061768
0.0038390159606934
0.0031390190124512
0.0039050579071045
0.0047938823699951
0.0041859149932861
0.0043981075286865
0.0030560493469238
0.0043201446533203
0.0027680397033691
0.0037169456481934
0.0030770301818848
0.0033669471740723
0.0029771327972412
0.0038080215454102
0.0030200481414795
0.0039639472961426
0.0038108825683594
0.0031411647796631
0.0039401054382324
0.0030331611633301
0.0037920475006104
0.0026998519897461
0.003046989440918
0.0026919841766357
0.0028421878814697
0.0038580894470215
0.0031540393829346
0.0032041072845459
0.0029959678649902
0.003633975982666
0.0033140182495117
0.0027840137481689
0.0043001174926758
0.0042262077331543
0.0030691623687744
0.0032927989959717
0.0032567977905273
0.0033860206604004
0.0038671493530273
0.0030438899993896
0.0040371417999268
0.0028400421142578
0.0033340454101562
0.0036458969116211
0.0030560493469238
0.0031318664550781
0.002985954284668
0.0039830207824707
0.0040299892425537
0.0030679702758789
0.0031888484954834
0.0038731098175049
0.0035529136657715
0.0030150413513184
0.0041871070861816
0.0041239261627197
0.0042247772216797
0.0038881301879883
0.0033819675445557
0.0038611888885498
0.0029020309448242
0.0031688213348389
0.0029449462890625
0.0039291381835938
0.0034759044647217
0.0032258033752441
0.0036120414733887
0.0034260749816895
0.0031969547271729
0.0033519268035889
0.0042200088500977
0.0057849884033203
0.0044229030609131
0.0030448436737061
0.0028448104858398
0.0043330192565918
0.0039510726928711
0.0039918422698975
0.0033059120178223
0.0035800933837891
0.0058960914611816
0.0034191608428955
0.0030770301818848
0.0032401084899902
0.0029668807983398
0.0036280155181885
0.0035719871520996
0.0032398700714111
0.002964973449707
0.0029380321502686
0.003126859664917
0.0037460327148438
0.0029351711273193
0.0031938552856445
0.003079891204834
0.0028300285339355
0.0031781196594238
0.0031929016113281
0.0033631324768066
0.0037050247192383
0.0035521984100342
0.0035550594329834
0.0032799243927002
0.0030059814453125
0.0031449794769287
0.0031371116638184
0.0032310485839844
