0.10569310188293
0.10762190818787
0.11588287353516
0.1081428527832
0.10421299934387
0.10522198677063
0.14975118637085
0.10762691497803
0.11230492591858
0.10984086990356
0.10548090934753
0.10454392433167
0.10676908493042
0.10484385490417
0.10561299324036
0.1093111038208
0.10673093795776
0.10715007781982
0.1067578792572
0.10768389701843
0.11024594306946
0.10521912574768
0.10821580886841
0.10596704483032
0.10983490943909
0.10844707489014
0.10576581954956
0.10541391372681
0.11272501945496
0.11002683639526
0.11182689666748
0.10631394386292
0.10841202735901
0.11039900779724
0.10493087768555
0.1046941280365
0.106605052948
0.10616493225098
0.10993909835815
0.10614395141602
0.10755181312561
0.10995483398438
0.11084794998169
0.11234092712402
0.10843515396118
0.10442805290222
0.10640406608582
0.11099004745483
0.10419392585754
0.10548806190491
0.10678720474243
0.11084389686584
0.11135911941528
0.10937190055847
0.10880708694458
0.10722708702087
0.10744500160217
0.10862112045288
0.10781002044678
0.10945081710815
0.10551810264587
0.10973215103149
0.10617208480835
0.10655283927917
0.13096189498901
0.10690808296204
0.10670685768127
0.11163902282715
0.10381102561951
0.10806703567505
0.10528612136841
0.11188292503357
0.11517405509949
0.10701489448547
0.11213088035583
0.10749101638794
0.10612607002258
0.11082005500793
0.10757780075073
0.10392904281616
0.11006784439087
0.11447882652283
0.10954809188843
0.1074059009552
0.10594797134399
0.10693883895874
0.10945606231689
0.10643696784973
0.11039590835571
0.10588598251343
0.11126685142517
0.11370706558228
0.11101913452148
0.107990026474
0.10338020324707
0.10659289360046
0.11246299743652
0.12171697616577
0.11158514022827
0.13649797439575
0.1107439994812
0.10729789733887
0.10849094390869
0.11108088493347
0.11208486557007
0.10216212272644
0.10659289360046
0.10602402687073
0.12275099754333
0.11238694190979
0.10540008544922
0.1078360080719
0.13228583335876
0.11268997192383
0.10523295402527
0.10953307151794
0.10781097412109
0.1109459400177
0.10574698448181
0.10648322105408
0.11019992828369
0.11075401306152
0.10462117195129
0.11132502555847
0.10909199714661
0.10834097862244
0.11115908622742
0.1068389415741
0.10607004165649
0.10766196250916
0.10641098022461
0.13772296905518
0.11051392555237
0.10846781730652
0.10240292549133
0.11102700233459
0.10609698295593
0.10736107826233
0.10330009460449
0.11262798309326
0.11669898033142
0.10426187515259
0.1206328868866
0.10396003723145
0.10775399208069
0.10204792022705
0.10645914077759
0.10969185829163
0.10569906234741
0.10613298416138
0.11860108375549
0.10713195800781
0.10608100891113
0.1124849319458
0.11268997192383
0.10816097259521
0.10833287239075
0.1056649684906
0.10736989974976
0.11040115356445
0.24342799186707
0.17663908004761
0.10942506790161
0.10771608352661
0.10721898078918
0.11051821708679
0.11267995834351
0.10457515716553
0.10853695869446
0.10331106185913
0.10554504394531
0.12240505218506
0.10252714157104
0.10662984848022
0.10665082931519
0.10398292541504
0.10605120658875
0.10407781600952
0.10891890525818
0.11448097229004
0.10829877853394
0.10811686515808
0.11229801177979
0.10803699493408
0.11817502975464
0.10847091674805
0.11507987976074
0.10807299613953
0.10944700241089
0.1167049407959
0.11184501647949
0.11896395683289
0.1132481098175
0.10875201225281
0.10884094238281
0.12318706512451
0.11594605445862
0.11756205558777
0.10900902748108
0.11296701431274
0.12616395950317
0.11172604560852
0.11019492149353
0.11510896682739
0.11314702033997
0.10995316505432
0.11272192001343
0.11345410346985
0.1111888885498
0.12037086486816
0.10584592819214
0.11010909080505
0.10554504394531
0.11136507987976
0.1136360168457
0.10757303237915
0.10876297950745
0.10571098327637
0.10651302337646
0.10473203659058
0.10567808151245
0.11224412918091
0.1469931602478
0.107342004776
0.1057870388031
0.11465311050415
0.10832405090332
0.10629916191101
0.12533783912659
0.10612797737122
0.10920000076294
0.10690116882324
0.1070728302002
0.1128249168396
0.11808395385742
0.10693097114563
0.10528993606567
0.10940098762512
0.10659885406494
0.10963416099548
0.10662293434143
0.10686016082764
0.11405801773071
0.10920405387878
0.10650992393494
0.11130595207214
0.11207818984985
0.11118292808533
0.10518217086792
0.10620808601379
0.11745595932007
0.10721898078918
0.10506105422974
0.1264591217041
0.11643481254578
0.10570383071899
0.10436010360718
0.10782384872437
0.10680818557739
0.1108410358429
0.10920286178589
0.11364316940308
0.10724782943726
0.10674405097961
0.10689902305603
0.10425710678101
0.11057806015015
0.107666015625
0.11151099205017
0.10527300834656
0.10767912864685
0.12370705604553
0.1141459941864
0.10613608360291
0.10107588768005
0.10442805290222
0.107008934021
0.11073207855225
0.10701107978821
0.10569095611572
0.10864400863647
0.11051511764526
0.1055691242218
0.10770988464355
0.10603594779968
0.10655498504639
0.10450911521912
0.11505198478699
0.11070394515991
0.11414194107056
0.10935211181641
0.1078929901123
0.10472393035889
0.12224102020264
0.1072371006012
0.10595607757568
0.11307191848755
0.10694098472595
0.11108899116516
0.10999298095703
0.11087799072266
0.10661888122559
0.10993313789368
0.11055302619934
0.11892986297607
0.10817909240723
0.10555410385132
0.1076819896698
0.1217200756073
0.10887002944946
0.10843992233276
0.1074960231781
0.11065888404846
0.1072301864624
0.10460686683655
0.10418605804443
0.11728000640869
0.10499000549316
0.10828185081482
0.10637903213501
0.10970902442932
0.10982990264893
0.1133131980896
0.10576701164246
0.10541415214539
0.10765504837036
0.10499596595764
0.10656404495239
0.1076500415802
0.10389399528503
0.1118700504303
0.10899877548218
0.11922001838684
0.10867619514465
0.1058189868927
0.10624313354492
0.10555911064148
0.12878108024597
0.10645198822021
0.10495591163635
0.10521602630615
0.11448907852173
0.10848689079285
0.10680508613586
0.10828900337219
0.11388087272644
0.13091397285461
0.10794806480408
0.10914015769958
0.11854600906372
0.10679888725281
0.10710620880127
0.11051607131958
0.10510516166687
0.10756897926331
0.10618710517883
0.10588598251343
0.10672116279602
0.10642194747925
0.10931897163391
0.1072108745575
0.11624097824097
0.10920095443726
0.11146402359009
0.11126112937927
0.11154913902283
0.11561703681946
0.10409283638
0.10607695579529
0.1069610118866
0.10531997680664
0.1034779548645
0.10690903663635
0.10690808296204
0.11606287956238
0.10738205909729
0.10648894309998
0.10739493370056
0.10431885719299
0.11504197120667
0.10689210891724
0.10570883750916
0.10761404037476
0.10692095756531
0.10773587226868
0.10574507713318
0.1065571308136
0.10816192626953
0.10810399055481
0.10566806793213
0.10687017440796
0.10552597045898
0.10642313957214
0.10601592063904
0.11007905006409
0.1068799495697
0.10623979568481
0.10790491104126
0.11295914649963
0.10541296005249
0.10274291038513
0.10614490509033
0.11625981330872
0.23258185386658
0.16855096817017
0.104660987854
0.10800504684448
0.11052680015564
0.10700607299805
0.11278700828552
0.10530805587769
0.10755491256714
0.10619688034058
0.11169910430908
0.10782885551453
0.10930204391479
0.11205697059631
0.11025214195251
0.10733699798584
0.1181001663208
0.1065239906311
0.11383700370789
0.10663795471191
0.10489892959595
0.12687492370605
0.10733103752136
0.10736918449402
0.10590887069702
0.10447382926941
0.1101541519165
0.1099681854248
0.10613799095154
0.110435962677
0.1062319278717
0.10602402687073
0.10596513748169
0.10802984237671
0.10639095306396
0.1145658493042
0.10566401481628
0.10537886619568
0.11022615432739
0.10871505737305
0.11876797676086
0.1096830368042
0.11199402809143
0.11045384407043
0.10484910011292
0.11099100112915
0.11273002624512
0.11940097808838
0.10437917709351
0.11188197135925
0.10687804222107
0.10672903060913
0.10546112060547
0.122887134552
0.10975885391235
0.10626697540283
0.11208295822144
0.10835003852844
0.11664605140686
0.10847687721252
0.10682702064514
0.10535788536072
0.10746502876282
0.11245203018188
0.10780906677246
0.11707401275635
0.12511682510376
0.11471581459045
0.10794687271118
0.11011695861816
0.10749316215515
0.10689091682434
0.11550903320312
0.10503888130188
0.10698509216309
0.10686802864075
0.10435318946838
0.10523009300232
0.12216114997864
0.11355710029602
0.10387110710144
0.10715699195862
0.11706900596619
0.10683012008667
0.11145091056824
0.11138606071472
0.10536122322083
0.10493016242981
0.10771584510803
0.10733795166016
0.10711812973022
0.10287404060364
0.12438988685608
0.10778999328613
0.11175298690796
0.10689902305603
0.10499596595764
0.10970401763916
0.11094188690186
0.11025094985962
0.11136102676392
0.10658001899719
0.11095786094666
0.10648202896118
0.1073899269104
0.1117889881134
0.11029601097107
0.10407209396362
0.11041808128357
0.10896611213684
0.10862588882446
0.1119818687439
0.10847091674805
0.1082489490509
0.11336708068848
0.11035490036011
0.11504793167114
0.10573506355286
0.10790801048279
0.11006283760071
0.10343098640442
0.10928201675415
0.10776591300964
0.11138105392456
0.10412907600403
0.10682988166809
0.11215496063232
0.10958099365234
0.10736703872681
0.10401201248169
0.11045789718628
0.10823702812195
0.10373711585999
0.11487722396851
0.11096882820129
0.1066792011261
0.10633993148804
0.10732221603394
0.10640597343445
0.10871410369873
0.11000895500183
0.10897088050842
0.10637283325195
0.10469198226929
0.10986709594727
0.10856604576111
0.10470199584961
0.11114287376404
0.10581493377686
0.10724210739136
0.10502195358276
0.10552096366882
0.1075599193573
0.10589504241943
0.10685706138611
0.11062812805176
0.11000680923462
0.10875701904297
0.10938405990601
0.10606908798218
0.10849285125732
0.11449599266052
0.10583090782166
0.10752105712891
0.10658407211304
0.10668683052063
0.10737299919128
0.10922408103943
0.10915088653564
0.1054539680481
0.10576200485229
0.1153519153595
0.10853409767151
0.10381197929382
0.10592889785767
0.11101198196411
0.10601496696472
0.11123013496399
0.1089448928833
0.10715889930725
0.10285615921021
0.10494303703308
0.10692691802979
0.11264777183533
0.105712890625
0.10682892799377
0.11118507385254
0.10680198669434
0.10585999488831
0.10559105873108
0.1093897819519
0.11215281486511
0.12167501449585
0.10897397994995
0.10677599906921
0.10415410995483
0.12049794197083
0.10493302345276
0.10618996620178
0.10735201835632
0.11141180992126
0.10689210891724
0.10585689544678
0.10737681388855
0.10874104499817
0.10500288009644
0.11088299751282
0.11329817771912
0.11455178260803
0.10391807556152
0.10657215118408
0.1081850528717
0.13725900650024
0.10946297645569
0.1088490486145
0.11948895454407
0.10907196998596
0.10731887817383
0.11393213272095
0.10844802856445
0.26226305961609
0.16611385345459
0.10542106628418
0.11405682563782
0.11308002471924
0.10659909248352
0.10680890083313
0.11230993270874
0.10680985450745
0.11081194877625
0.10793018341064
0.10680413246155
0.11013007164001
0.10480999946594
0.11116409301758
0.11245799064636
0.10647106170654
0.10693502426147
0.1057391166687
0.10431504249573
0.11198902130127
0.10485291481018
0.10619783401489
0.10551309585571
0.10456681251526
0.10626697540283
0.1072781085968
0.11092400550842
0.10517716407776
0.11067509651184
0.10574197769165
0.10577893257141
0.10898590087891
0.10768294334412
0.10866284370422
0.10509705543518
0.10725498199463
0.11178684234619
0.10764384269714
0.10530090332031
0.10710787773132
0.1047899723053
0.10939693450928
0.10532689094543
0.11175084114075
0.12287092208862
0.10724186897278
0.12590217590332
0.10662794113159
0.10508418083191
0.1099419593811
0.11067795753479
0.1034529209137
0.11090111732483
0.11129784584045
0.11050796508789
0.10689115524292
0.10549402236938
0.1089460849762
0.1083710193634
0.10440993309021
0.10793709754944
0.11023497581482
0.11125612258911
0.14504384994507
0.10693192481995
0.11133193969727
0.1146080493927
0.10704302787781
0.10649704933167
0.11266493797302
0.11003017425537
0.10849499702454
0.10668516159058
0.10936713218689
0.10669779777527
0.113853931427
0.12238502502441
0.10447978973389
0.1059889793396
0.11202001571655
0.10621619224548
0.10595893859863
0.20687794685364
0.11695504188538
0.11233186721802
0.1074640750885
0.10565400123596
0.10818004608154
0.10993981361389
0.11141109466553
0.10226011276245
0.10662293434143
0.11972904205322
0.10699701309204
0.10648083686829
0.10577487945557
0.10703086853027
0.10828900337219
0.10699987411499
0.11186790466309
0.11914610862732
0.13872194290161
0.1110680103302
0.1112699508667
0.12163901329041
0.10716700553894
0.10468697547913
0.10717105865479
0.10644507408142
0.10775995254517
0.10656094551086
0.10601282119751
0.10840201377869
0.10962891578674
0.12339901924133
0.10686993598938
0.10607099533081
0.105553150177
0.11913585662842
0.11185503005981
0.10548090934753
0.10566711425781
0.10459399223328
0.12297797203064
0.1068069934845
0.10465693473816
0.10759592056274
0.11167001724243
0.10860300064087
0.10638999938965
0.11772394180298
0.10758900642395
0.10623908042908
0.11108303070068
0.10769104957581
0.1094708442688
0.10934805870056
0.10637092590332
0.10878109931946
0.10704302787781
0.12921810150146
0.10458898544312
0.10674595832825
0.10851192474365
0.10885810852051
0.14705491065979
0.10670685768127
0.10616612434387
0.10520696640015
0.11817002296448
0.10964393615723
0.10557198524475
0.1098210811615
0.11003994941711
0.10556983947754
0.11842703819275
0.11032795906067
0.11389493942261
0.10730791091919
0.10619616508484
0.11283707618713
0.10801887512207
0.10690593719482
0.10748791694641
0.10594296455383
0.1169798374176
0.1092700958252
0.10855102539062
0.11163306236267
0.10896611213684
0.11262893676758
0.1097149848938
0.11475110054016
0.11528396606445
0.11883997917175
0.1188759803772
0.11088395118713
0.11246609687805
0.11574006080627
0.11149001121521
0.11333703994751
0.11462187767029
0.11759114265442
0.11368799209595
0.10971403121948
0.1163649559021
0.11538696289062
0.11031603813171
0.11238479614258
0.12348818778992
0.12216591835022
0.10830783843994
0.11334300041199
0.1100549697876
0.11526203155518
0.12360596656799
0.11140012741089
0.11173105239868
0.11430311203003
0.11210489273071
0.11269903182983
0.11128091812134
0.11340999603271
0.11827397346497
0.17171692848206
0.12234592437744
0.11567997932434
0.11023807525635
0.11153197288513
0.11721801757812
0.15551805496216
0.11216998100281
0.11891794204712
0.11132001876831
0.10857605934143
0.11034798622131
0.11061811447144
0.10646390914917
0.10997200012207
0.10927295684814
0.10473918914795
0.10743498802185
0.11101698875427
0.12349677085876
0.10616302490234
0.1115128993988
0.11260890960693
0.10678005218506
0.1099328994751
0.10697293281555
0.10581803321838
0.11120104789734
0.11064291000366
0.10512900352478
0.10714483261108
0.10862398147583
0.10702705383301
0.15126991271973
0.11358308792114
0.1103150844574
0.10589098930359
0.10706996917725
0.10970997810364
0.19710993766785
0.10567903518677
0.11075305938721
0.11115622520447
0.11330819129944
0.10789203643799
0.10632801055908
0.10460209846497
0.10640501976013
0.10633301734924
0.10766005516052
0.10892200469971
0.1133599281311
0.11911201477051
0.11152100563049
0.11050486564636
0.1082649230957
0.11016798019409
0.1078360080719
0.10865020751953
0.11592102050781
0.10804986953735
0.11070895195007
0.10489511489868
0.10546517372131
0.10933303833008
0.11044192314148
0.11260104179382
0.12370109558105
0.10540795326233
0.11080408096313
0.1081850528717
0.10641098022461
0.10911893844604
0.10628008842468
0.10483193397522
0.11130404472351
0.10379004478455
0.10376405715942
0.10717701911926
0.10592913627625
0.10298204421997
0.11160492897034
0.11300611495972
0.10218095779419
0.10620403289795
0.11059594154358
0.1034369468689
0.10666799545288
0.11626815795898
0.10459995269775
0.10748696327209
0.10633206367493
0.10694789886475
0.14605808258057
0.10616588592529
0.12165594100952
0.1034460067749
0.10689187049866
0.10564398765564
0.10639095306396
0.10550093650818
0.10509991645813
0.10509991645813
0.11286377906799
0.1100161075592
0.11314296722412
0.10621690750122
0.10778093338013
0.10618615150452
0.10712695121765
0.10702896118164
0.10701394081116
0.10559701919556
0.10540699958801
0.10614490509033
0.10581612586975
0.1179039478302
0.10969877243042
0.11182618141174
0.10658407211304
0.10646295547485
0.10816502571106
0.10796594619751
0.11027503013611
0.1139919757843
0.11056995391846
0.1094810962677
0.11082291603088
0.10784292221069
0.10545492172241
0.11716604232788
0.11052489280701
0.10954093933105
0.10710191726685
0.11042714118958
0.10723686218262
0.10682797431946
0.11151218414307
0.109778881073
0.10635709762573
0.10256218910217
0.10437297821045
0.10683917999268
0.11003112792969
0.11777210235596
0.10760307312012
0.11370301246643
0.12026500701904
0.11220788955688
0.11042618751526
0.10955286026001
0.10497808456421
0.11289596557617
0.11234402656555
0.12244200706482
0.10887098312378
0.10770392417908
0.10865092277527
0.1101701259613
0.10270500183105
0.11175799369812
0.11855602264404
0.10706496238708
0.10686588287354
0.10544300079346
0.10959386825562
0.10413718223572
0.11013102531433
0.10695195198059
0.10460495948792
0.11858582496643
0.10794496536255
