0.00084996223449707
0.023298025131226
0.0044679641723633
0.0030949115753174
0.00066494941711426
0.0030679702758789
0.00065994262695312
0.00066900253295898
0.00066399574279785
0.00062203407287598
0.00070500373840332
0.0007011890411377
0.0012929439544678
0.00065469741821289
0.0013613700866699
0.00065112113952637
0.00057792663574219
0.0004570484161377
0.00097870826721191
0.00080513954162598
0.00097513198852539
0.00095725059509277
0.00071597099304199
0.0006411075592041
0.00095105171203613
0.00061202049255371
0.00093269348144531
0.00078296661376953
0.00070381164550781
0.00066781044006348
0.0009758472442627
0.00097966194152832
0.0031471252441406
0.0026609897613525
0.00065302848815918
0.00067996978759766
0.00087285041809082
0.0009610652923584
0.00078821182250977
0.00095939636230469
0.00094985961914062
0.00069808959960938
0.00066518783569336
0.0007631778717041
0.0038278102874756
0.0010199546813965
0.00068783760070801
0.0017471313476562
0.00066113471984863
0.00065994262695312
0.00064516067504883
0.0022830963134766
0.0015602111816406
0.0010392665863037
0.00066614151000977
0.00052618980407715
0.0027110576629639
0.00062203407287598
0.0013828277587891
0.00069594383239746
0.00096964836120605
0.00064516067504883
0.00063729286193848
0.00070810317993164
0.0016210079193115
0.00064206123352051
0.00055122375488281
0.00065183639526367
0.00067472457885742
0.00064897537231445
0.00056886672973633
0.00077223777770996
0.00066494941711426
0.0010137557983398
0.00067901611328125
0.00066900253295898
0.00080394744873047
0.00062680244445801
0.00077486038208008
0.00093603134155273
0.00071001052856445
0.00061392784118652
0.0005490779876709
0.0014183521270752
0.0080749988555908
0.00072598457336426
0.00065016746520996
0.00075507164001465
0.0007011890411377
0.00064921379089355
0.0017521381378174
0.00066304206848145
0.00097894668579102
0.0006558895111084
0.00086474418640137
0.0049898624420166
0.00070810317993164
0.0010302066802979
0.0011329650878906
0.0034711360931396
0.00085687637329102
0.00069093704223633
0.0016770362854004
0.00063109397888184
0.0022118091583252
0.00064516067504883
0.0077099800109863
0.0006411075592041
0.00099587440490723
0.0006718635559082
0.00071310997009277
0.00089573860168457
0.00065708160400391
0.00064969062805176
0.00069499015808105
0.0010221004486084
0.00071096420288086
0.0006260871887207
0.0012137889862061
0.00063395500183105
0.00069713592529297
0.00086617469787598
0.013305902481079
0.00065088272094727
0.00073623657226562
0.0007939338684082
0.00062775611877441
0.00075817108154297
0.002716064453125
0.00067520141601562
0.00068211555480957
0.00065088272094727
0.00070309638977051
0.00060915946960449
0.00061988830566406
0.00082492828369141
0.0007011890411377
0.0013940334320068
0.0006108283996582
0.0018720626831055
0.00066590309143066
0.0013549327850342
0.0010073184967041
0.00090813636779785
0.00095772743225098
0.0007789134979248
0.00098204612731934
0.0006411075592041
0.00069189071655273
0.00096392631530762
0.0025298595428467
0.00064420700073242
0.00076794624328613
0.0016779899597168
0.00062298774719238
0.0009620189666748
0.00063991546630859
0.00089573860168457
0.0009310245513916
0.00067400932312012
0.00067806243896484
0.00063705444335938
0.0028738975524902
0.0013608932495117
0.00051522254943848
0.00066304206848145
0.0006110668182373
0.0007481575012207
0.00064826011657715
0.00064802169799805
0.00064301490783691
0.0010020732879639
0.00065183639526367
0.00079107284545898
0.00064206123352051
0.00097918510437012
0.001011848449707
0.0010068416595459
0.00065016746520996
0.00063610076904297
0.00062108039855957
0.0012142658233643
0.00064373016357422
0.0010008811950684
0.00065994262695312
0.0035872459411621
0.00087356567382812
0.00099658966064453
0.00064778327941895
0.00074410438537598
0.00084304809570312
0.0011820793151855
0.00070905685424805
0.0010008811950684
0.00075078010559082
0.00064682960510254
0.00051212310791016
0.0012259483337402
0.00067687034606934
0.00094890594482422
0.00060796737670898
0.00068116188049316
0.0010390281677246
0.00069212913513184
0.0010170936584473
0.00072813034057617
0.00079226493835449
0.0011630058288574
0.00065493583679199
0.00095486640930176
0.0061988830566406
0.0032131671905518
0.00065183639526367
0.0009467601776123
0.0068199634552002
0.00052189826965332
0.00063395500183105
0.00069379806518555
0.00063419342041016
0.00073599815368652
0.00070595741271973
0.00068020820617676
0.0010132789611816
0.0006258487701416
0.00094413757324219
0.00068402290344238
0.00065088272094727
0.00069594383239746
0.00063800811767578
0.00073599815368652
0.00097990036010742
0.00096821784973145
0.00080418586730957
0.00065803527832031
0.00070810317993164
0.00063419342041016
0.0031619071960449
0.006209135055542
0.000640869140625
0.0013630390167236
0.00082802772521973
0.0011100769042969
0.00053691864013672
0.00063419342041016
0.00064301490783691
0.00060486793518066
0.00069308280944824
0.00065088272094727
0.0005488395690918
0.00089597702026367
0.00057172775268555
0.00088310241699219
0.0006721019744873
0.00072622299194336
0.0030701160430908
0.00076198577880859
0.00063896179199219
0.00088310241699219
0.0010900497436523
0.00087904930114746
0.00063419342041016
0.00092554092407227
0.00073480606079102
0.0014078617095947
0.0006709098815918
0.00064420700073242
0.00063610076904297
0.00089192390441895
0.0010583400726318
0.00066280364990234
0.0019068717956543
0.0006110668182373
0.00068116188049316
0.00060820579528809
0.00069499015808105
0.0023267269134521
0.00065708160400391
0.00055694580078125
0.00054621696472168
0.00092101097106934
0.0006711483001709
0.0010330677032471
0.00086712837219238
0.00060105323791504
0.00065088272094727
0.00058913230895996
0.00090193748474121
0.00049972534179688
0.00070595741271973
0.00062108039855957
0.0018370151519775
0.0006110668182373
0.00067877769470215
0.00099492073059082
0.00093412399291992
0.00093603134155273
0.00062108039855957
0.0022130012512207
0.00075364112854004
0.0010800361633301
0.00066208839416504
0.0010879039764404
0.00065493583679199
0.00061821937561035
0.00067782402038574
0.00060391426086426
0.00076103210449219
0.00063204765319824
0.00068807601928711
0.00065517425537109
0.0005800724029541
0.00070381164550781
0.00080704689025879
0.010519027709961
0.00062823295593262
0.00072813034057617
0.00096297264099121
0.00094890594482422
0.00069093704223633
0.00062203407287598
0.00060081481933594
0.00065803527832031
0.00065302848815918
0.0010597705841064
0.00055217742919922
0.00049424171447754
0.00074505805969238
0.00057888031005859
0.00057601928710938
0.00064492225646973
0.0017287731170654
0.00067806243896484
0.0007319450378418
0.00063300132751465
0.00066804885864258
0.0006711483001709
0.00067687034606934
0.0011019706726074
0.00064516067504883
0.00064897537231445
0.00094175338745117
0.00076198577880859
0.00084900856018066
0.00065779685974121
0.00066781044006348
0.00088810920715332
0.0085699558258057
0.00059700012207031
0.00065112113952637
0.00065112113952637
0.00066113471984863
0.0006871223449707
0.00096011161804199
0.00057506561279297
0.00061798095703125
0.00069785118103027
0.00088381767272949
0.00069093704223633
0.00066399574279785
0.00071001052856445
0.0006711483001709
0.00074076652526855
0.0023090839385986
0.0036962032318115
0.00088739395141602
0.00074911117553711
0.0020980834960938
0.0028002262115479
0.0010488033294678
0.00082302093505859
0.0010287761688232
0.0013360977172852
0.00054001808166504
0.00070500373840332
0.00065088272094727
0.00063991546630859
0.00061202049255371
0.00060105323791504
0.00087594985961914
0.00066089630126953
0.0007927417755127
0.0010151863098145
0.00064516067504883
0.0006110668182373
0.001171350479126
0.00065803527832031
0.00062179565429688
0.0006411075592041
0.00083589553833008
0.00067710876464844
0.0006260871887207
0.00073099136352539
0.00062394142150879
0.0027809143066406
0.00062394142150879
0.00065493583679199
0.0010101795196533
0.00064826011657715
0.0011701583862305
0.00062799453735352
0.0034983158111572
0.0010073184967041
0.00062394142150879
0.00097513198852539
0.0036389827728271
0.00082612037658691
0.00064802169799805
0.00068902969360352
0.0026698112487793
0.00066399574279785
0.0025129318237305
0.00063800811767578
0.00060892105102539
0.00072693824768066
0.00063300132751465
0.00068998336791992
0.00067734718322754
0.0010161399841309
0.0006561279296875
0.00067520141601562
0.00066900253295898
0.00072693824768066
0.00072312355041504
0.0021438598632812
0.00077199935913086
0.00080418586730957
0.0021889209747314
0.00064921379089355
0.00062894821166992
0.0021672248840332
0.00063681602478027
0.0006258487701416
0.00063991546630859
0.00063800811767578
0.00060915946960449
0.00069093704223633
0.00084495544433594
0.0009009838104248
0.0014641284942627
0.00093817710876465
0.00062417984008789
0.00066089630126953
0.00065779685974121
0.00077915191650391
0.0007178783416748
0.00090694427490234
0.00065970420837402
0.00064229965209961
0.00090909004211426
0.00074577331542969
0.00084805488586426
0.00072193145751953
0.00064778327941895
0.00071620941162109
0.00069785118103027
0.001096248626709
0.0024352073669434
0.0033838748931885
0.00088596343994141
0.0029850006103516
0.0026979446411133
0.00062203407287598
0.00075697898864746
0.00086188316345215
0.00064992904663086
0.00075316429138184
0.00065398216247559
0.0060932636260986
0.00059294700622559
0.00070571899414062
0.000640869140625
0.0026640892028809
0.00080990791320801
0.00066685676574707
0.0006859302520752
0.00068283081054688
0.00079202651977539
0.00098180770874023
0.00067400932312012
0.00071310997009277
0.0018801689147949
0.00074172019958496
0.0016331672668457
0.00068187713623047
0.00074410438537598
0.00067996978759766
0.00074315071105957
0.0006110668182373
0.00061416625976562
0.00086522102355957
0.00065898895263672
0.0009911060333252
0.00067615509033203
0.00065398216247559
0.00061392784118652
0.0012650489807129
0.0012760162353516
0.00083494186401367
0.00067400932312012
0.00063204765319824
0.00068998336791992
0.00090599060058594
0.00081205368041992
0.00069308280944824
0.00064730644226074
0.0011341571807861
0.00068378448486328
0.0006871223449707
0.0012619495391846
0.00080609321594238
0.00066804885864258
0.00065398216247559
0.00065398216247559
0.00069713592529297
0.0006868839263916
0.0010221004486084
0.00064802169799805
0.00065732002258301
0.00073790550231934
0.00060606002807617
0.00096893310546875
0.00072193145751953
0.00061416625976562
0.00075697898864746
0.00069618225097656
0.00068902969360352
0.00067305564880371
0.00079822540283203
0.00070714950561523
0.00070500373840332
0.00064682960510254
0.00080108642578125
0.00066304206848145
0.0011889934539795
0.0007321834564209
0.00068116188049316
0.00063800811767578
0.00064301490783691
0.00099778175354004
0.00064826011657715
0.00063681602478027
0.0010569095611572
0.0010168552398682
0.00059294700622559
0.00094199180603027
0.00068807601928711
0.0008537769317627
0.00067925453186035
0.0010030269622803
0.00062108039855957
0.00066614151000977
0.00096297264099121
0.0017919540405273
0.00073790550231934
0.00089311599731445
0.00063610076904297
0.00057077407836914
0.00062394142150879
0.00063371658325195
0.0010449886322021
0.0006568431854248
0.00062799453735352
0.005018949508667
0.0014770030975342
0.0023088455200195
0.00063300132751465
0.00076580047607422
0.00069689750671387
0.00066208839416504
0.00070714950561523
0.00084829330444336
0.00077581405639648
0.0006561279296875
0.0006561279296875
0.00065302848815918
0.0025172233581543
0.0011069774627686
0.00078105926513672
0.0025990009307861
0.00081801414489746
0.0020821094512939
0.0010027885437012
0.00073003768920898
0.00071573257446289
0.0011968612670898
0.0006706714630127
0.00051283836364746
0.0010521411895752
0.00061488151550293
0.00074481964111328
0.00079011917114258
0.00065088272094727
0.00067710876464844
0.00068998336791992
0.0028481483459473
0.00064706802368164
0.00061893463134766
0.00065016746520996
0.0015139579772949
0.00070691108703613
0.00095891952514648
0.00068092346191406
0.00064229965209961
0.00086212158203125
0.00063705444335938
0.00067687034606934
0.0017640590667725
0.00063991546630859
0.00062298774719238
0.00099515914916992
0.00064301490783691
0.00060606002807617
0.00068020820617676
0.00088310241699219
0.00079917907714844
0.0007178783416748
0.00064206123352051
0.00066304206848145
0.0009150505065918
0.00068116188049316
0.00064587593078613
0.00064802169799805
0.00062084197998047
0.00094485282897949
0.00066113471984863
0.006854772567749
0.00066113471984863
0.00099492073059082
0.00071501731872559
0.00095105171203613
0.00077104568481445
0.0067019462585449
0.00065779685974121
0.00063514709472656
0.00099420547485352
0.00064396858215332
0.00094103813171387
0.0021529197692871
0.001291036605835
0.00066614151000977
0.0062611103057861
0.00075483322143555
0.0007939338684082
0.0006251335144043
0.00065493583679199
0.00087118148803711
0.00069808959960938
0.00069618225097656
0.00065207481384277
0.00069284439086914
0.00063991546630859
0.00054597854614258
0.0006401538848877
0.0015480518341064
0.00064611434936523
0.00063490867614746
0.00069308280944824
0.00087928771972656
0.00095200538635254
0.0010182857513428
0.0047192573547363
0.00067281723022461
0.00073027610778809
0.00096273422241211
0.0006260871887207
0.00096702575683594
0.00074505805969238
0.00064897537231445
0.0010061264038086
0.00063800811767578
0.0007319450378418
0.00065398216247559
0.00064706802368164
0.00068402290344238
0.0010483264923096
0.00073909759521484
0.00096321105957031
0.00070905685424805
0.00064206123352051
0.00062322616577148
0.00094699859619141
0.00071501731872559
0.0006563663482666
0.00065517425537109
0.0027530193328857
0.00066375732421875
0.00064921379089355
0.00066375732421875
0.00064420700073242
0.00050187110900879
0.00070381164550781
0.00064897537231445
0.0028641223907471
0.00063085556030273
0.00070095062255859
0.00068807601928711
0.00066614151000977
0.0012121200561523
0.00097799301147461
0.00066494941711426
0.00065207481384277
0.00064182281494141
0.00066304206848145
0.00064706802368164
0.00067901611328125
0.0006859302520752
0.00066828727722168
0.00088405609130859
0.00060009956359863
0.00062918663024902
0.0013620853424072
0.00074410438537598
0.00077199935913086
0.00063586235046387
0.00065517425537109
0.00068306922912598
0.0037431716918945
0.0006721019744873
0.00075221061706543
0.00085091590881348
0.0006251335144043
0.00071597099304199
0.00096631050109863
0.00068902969360352
0.00067901611328125
0.00067377090454102
0.00066781044006348
0.0028581619262695
0.00065517425537109
0.0009150505065918
0.00095796585083008
0.0008089542388916
0.00066184997558594
0.002650260925293
0.00065112113952637
0.0012960433959961
0.0007469654083252
0.00072002410888672
0.00085997581481934
0.00058698654174805
0.00094127655029297
0.00056290626525879
0.0011379718780518
0.00062680244445801
0.00065922737121582
0.00071096420288086
0.00063490867614746
0.00085806846618652
0.00063586235046387
0.0006401538848877
0.0010640621185303
0.00082778930664062
0.00069093704223633
0.0011911392211914
0.002593994140625
0.001025915145874
0.0011081695556641
0.00067901611328125
0.00066518783569336
0.00061798095703125
0.00060200691223145
0.0010769367218018
0.00074291229248047
0.00064516067504883
0.00067019462585449
0.00095534324645996
0.0020260810852051
0.00084304809570312
0.00074100494384766
0.00063204765319824
0.00069904327392578
0.00062918663024902
0.00071883201599121
0.00085115432739258
0.00090885162353516
0.0017318725585938
0.00064206123352051
0.0006568431854248
0.0010230541229248
0.0010197162628174
0.00066518783569336
0.0010037422180176
0.0013940334320068
0.00066304206848145
0.00067615509033203
0.00085330009460449
0.00063610076904297
0.00095343589782715
0.00065779685974121
0.00063514709472656
0.00095534324645996
0.003342866897583
0.00065898895263672
0.00064897537231445
0.0029008388519287
0.0023438930511475
0.0027241706848145
0.0006859302520752
0.0008389949798584
0.00064897537231445
0.00068998336791992
0.00069117546081543
0.00098466873168945
0.001046895980835
0.00069880485534668
0.0014793872833252
0.00069212913513184
0.0010898113250732
0.00067615509033203
0.00062704086303711
0.0006568431854248
0.00066876411437988
0.00066781044006348
0.00098299980163574
0.00070500373840332
0.00066590309143066
0.0018131732940674
0.0006558895111084
0.00067901611328125
0.00062084197998047
0.0032858848571777
0.00059914588928223
0.00095915794372559
0.0007317066192627
0.00074911117553711
0.00066184997558594
0.00063705444335938
0.00068187713623047
0.00063085556030273
0.0006709098815918
0.00069975852966309
0.00099492073059082
0.0010957717895508
0.00087928771972656
0.00070285797119141
0.00097203254699707
0.00066781044006348
0.00070810317993164
0.00092220306396484
0.0009157657623291
0.00096511840820312
0.0010080337524414
0.00073099136352539
0.00065112113952637
0.00056815147399902
0.00053191184997559
0.00065898895263672
0.0013759136199951
0.00068211555480957
0.00062298774719238
0.00087094306945801
0.00075006484985352
0.00067305564880371
0.00062680244445801
0.0006558895111084
0.001352071762085
0.00067877769470215
0.00064897537231445
0.0026028156280518
0.00061893463134766
0.001223087310791
0.00062990188598633
0.00063800811767578
0.00078725814819336
0.00064778327941895
0.0029799938201904
0.00073003768920898
0.00064897537231445
0.0010972023010254
0.00072503089904785
0.0024170875549316
0.00098180770874023
0.00064706802368164
0.00072813034057617
0.00065326690673828
0.00069403648376465
0.00063109397888184
0.00063824653625488
0.0010151863098145
0.00069022178649902
0.0024311542510986
0.00065279006958008
0.0017492771148682
0.0010147094726562
0.00073003768920898
0.0010788440704346
0.00061321258544922
0.00060415267944336
0.00067377090454102
0.0084912776947021
0.00074005126953125
0.00090599060058594
0.00065994262695312
0.00093793869018555
0.00065398216247559
0.00070810317993164
0.00065803527832031
0.00070309638977051
0.00050592422485352
0.00065803527832031
0.00069284439086914
0.00084590911865234
0.010081052780151
0.00081801414489746
0.00064611434936523
0.00063323974609375
0.00077104568481445
0.00063586235046387
0.00064802169799805
0.00060820579528809
0.00066208839416504
0.0013318061828613
0.00067305564880371
0.00095105171203613
0.00057101249694824
0.00065708160400391
0.002769947052002
0.0010139942169189
0.0005338191986084
0.00070405006408691
0.0015819072723389
0.00077509880065918
0.000701904296875
0.0006706714630127
0.00088620185852051
0.00087285041809082
0.00066399574279785
0.00074481964111328
0.00060582160949707
0.00064897537231445
0.00058889389038086
0.00066375732421875
0.00056004524230957
0.0029332637786865
0.00078201293945312
0.0010840892791748
0.0006411075592041
0.00085997581481934
0.00068378448486328
0.00060820579528809
0.0010087490081787
0.00066232681274414
0.00096368789672852
0.00065517425537109
0.00094795227050781
0.00074601173400879
0.00075697898864746
0.0011439323425293
0.00066399574279785
0.0010316371917725
0.0038881301879883
0.00065469741821289
0.0006868839263916
0.0006721019744873
0.00068807601928711
0.0010733604431152
0.0033698081970215
0.00097393989562988
0.0006711483001709
0.00064516067504883
0.001777172088623
0.00060892105102539
0.0010218620300293
0.00066781044006348
0.00058794021606445
0.00092101097106934
0.0006260871887207
0.00075888633728027
0.0006411075592041
0.0006859302520752
0.0011351108551025
0.0017273426055908
0.00071024894714355
0.0014152526855469
0.00069594383239746
0.00086307525634766
0.00061893463134766
0.00091719627380371
0.00062012672424316
0.00083684921264648
0.001093864440918
0.00063204765319824
0.0020058155059814
0.00065898895263672
0.001450777053833
0.00096702575683594
0.00085282325744629
0.00067877769470215
0.00073099136352539
0.00071406364440918
0.0010931491851807
0.00067687034606934
0.00079202651977539
0.00066184997558594
0.00082683563232422
0.00084185600280762
0.00061202049255371
0.00061488151550293
0.00066018104553223
0.00092172622680664
