0.00066709518432617
0.0009760856628418
0.00092625617980957
0.00065088272094727
0.00075602531433105
0.00070095062255859
0.00065994262695312
0.00095987319946289
0.00065493583679199
0.001413106918335
0.0021631717681885
0.00077009201049805
0.0011811256408691
0.0020081996917725
0.00075984001159668
0.00092792510986328
0.0006859302520752
0.00095915794372559
0.0010020732879639
0.00058102607727051
0.00051474571228027
0.00096678733825684
0.00063896179199219
0.00097894668579102
0.00068378448486328
0.00065398216247559
0.00097823143005371
0.0009458065032959
0.00063610076904297
0.00062799453735352
0.00069689750671387
0.00066018104553223
0.00160813331604
0.00094914436340332
0.00062799453735352
0.00094699859619141
0.00062918663024902
0.00061583518981934
0.00067877769470215
0.00067996978759766
0.00099277496337891
0.00086402893066406
0.00073599815368652
0.00073409080505371
0.00066399574279785
0.00062298774719238
0.0011560916900635
0.00048279762268066
0.00065517425537109
0.0009918212890625
0.001021146774292
0.002910852432251
0.00077414512634277
0.00072669982910156
0.0007166862487793
0.00099587440490723
0.00074100494384766
0.00065803527832031
0.0029199123382568
0.00061917304992676
0.00066590309143066
0.00062203407287598
0.00083017349243164
0.001209020614624
0.00066709518432617
0.0029556751251221
0.00064373016357422
0.00079679489135742
0.00066494941711426
0.00098013877868652
0.00064492225646973
0.00062394142150879
0.00084924697875977
0.00095391273498535
0.00095796585083008
0.00071001052856445
0.0006709098815918
0.00065016746520996
0.00064897537231445
0.00071191787719727
0.0006558895111084
0.00064992904663086
0.00068807601928711
0.00064396858215332
0.0006718635559082
0.00082182884216309
0.00074505805969238
0.001737117767334
0.0010800361633301
0.001471996307373
0.00071096420288086
0.00066184997558594
0.0010149478912354
0.00076103210449219
0.0006711483001709
0.00063705444335938
0.00076484680175781
0.00067496299743652
0.00064492225646973
0.00062298774719238
0.0029048919677734
0.0025720596313477
0.00067400932312012
0.00065398216247559
0.00066184997558594
0.0032901763916016
0.00076866149902344
0.00097894668579102
0.00093364715576172
0.00062775611877441
0.00065708160400391
0.00093817710876465
0.00082993507385254
0.00059700012207031
0.00063300132751465
0.00096702575683594
0.00062012672424316
0.0007021427154541
0.00060415267944336
0.00067377090454102
0.00064492225646973
0.001018762588501
0.00064802169799805
0.00064778327941895
0.00061488151550293
0.00066590309143066
0.00098609924316406
0.00061416625976562
0.00091004371643066
0.0056700706481934
0.00089693069458008
0.00065517425537109
0.00097799301147461
0.00059604644775391
0.00066280364990234
0.0012290477752686
0.0011441707611084
0.00071072578430176
0.00062680244445801
0.0010471343994141
0.00073099136352539
0.0007011890411377
0.00063419342041016
0.00065398216247559
0.00064301490783691
0.00083804130554199
0.00098133087158203
0.0011489391326904
0.00064373016357422
0.00071001052856445
0.0010120868682861
0.0006411075592041
0.0006568431854248
0.00065994262695312
0.00069499015808105
0.00066590309143066
0.0008842945098877
0.00097084045410156
0.00062704086303711
0.00068283081054688
0.00097012519836426
0.00063705444335938
0.00066113471984863
0.00059795379638672
0.00057411193847656
0.00067710876464844
0.0009758472442627
0.00086092948913574
0.00065398216247559
0.0010340213775635
0.006605863571167
0.00082707405090332
0.0010471343994141
0.00065398216247559
0.00069332122802734
0.0032930374145508
0.0012609958648682
0.00052022933959961
0.00064587593078613
0.0096840858459473
0.00064492225646973
0.0010421276092529
0.00052022933959961
0.00062394142150879
0.0013091564178467
0.00068187713623047
0.00060820579528809
0.00071525573730469
0.00065469741821289
0.00094699859619141
0.00069189071655273
0.00065231323242188
0.00066304206848145
0.00096416473388672
0.00067496299743652
0.001882791519165
0.00065112113952637
0.00064396858215332
0.0006868839263916
0.00097393989562988
0.0026171207427979
0.00064182281494141
0.00066614151000977
0.00064492225646973
0.0058279037475586
0.00067400932312012
0.00098586082458496
0.0051369667053223
0.00065994262695312
0.0019721984863281
0.0006411075592041
0.0006411075592041
0.00066876411437988
0.00097227096557617
0.0010032653808594
0.00088882446289062
0.00066614151000977
0.00067305564880371
0.00063920021057129
0.00061917304992676
0.00065493583679199
0.00063419342041016
0.0010089874267578
0.00058126449584961
0.0010459423065186
0.0010230541229248
0.00095796585083008
0.00064277648925781
0.00062870979309082
0.00099682807922363
0.00082087516784668
0.00069594383239746
0.00067901611328125
0.00082302093505859
0.0006248950958252
0.00056099891662598
0.00070714950561523
0.0010020732879639
0.0018918514251709
0.00072216987609863
0.0006568431854248
0.00067591667175293
0.00065183639526367
0.00063300132751465
0.0021030902862549
0.0010168552398682
0.00094795227050781
0.0005190372467041
0.00071096420288086
0.0046379566192627
0.00062918663024902
0.00094294548034668
0.00067710876464844
0.00063228607177734
0.00076889991760254
0.00064420700073242
0.0020408630371094
0.00093317031860352
0.00064396858215332
0.00067806243896484
0.0006868839263916
0.00061225891113281
0.00072288513183594
0.00060296058654785
0.0006861686706543
0.00082898139953613
0.00060892105102539
0.0011260509490967
0.00070381164550781
0.0010311603546143
0.0019817352294922
0.00095796585083008
0.00065183639526367
0.0010700225830078
0.00099897384643555
0.0010030269622803
0.0006561279296875
0.00069808959960938
0.0006248950958252
0.00096702575683594
0.00076174736022949
0.00060200691223145
0.011315107345581
0.00065016746520996
0.00095629692077637
0.00070309638977051
0.00062894821166992
0.0038902759552002
0.00062203407287598
0.0012781620025635
0.0037450790405273
0.00066781044006348
0.0006411075592041
0.00065088272094727
0.00049614906311035
0.00061583518981934
0.0010421276092529
0.0009608268737793
0.0010688304901123
0.00065517425537109
0.00064182281494141
0.0007178783416748
0.00058698654174805
0.00071501731872559
0.0014691352844238
0.00067782402038574
0.0010650157928467
0.00065493583679199
0.00054812431335449
0.00077986717224121
0.0010907649993896
0.00060892105102539
0.00064396858215332
0.00069403648376465
0.00064492225646973
0.00063705444335938
0.0009300708770752
0.00067996978759766
0.00064206123352051
0.00071501731872559
0.0007011890411377
0.00058317184448242
0.0007328987121582
0.00068187713623047
0.00065994262695312
0.00067496299743652
0.00063896179199219
0.00072789192199707
0.00065803527832031
0.0012001991271973
0.00063467025756836
0.00056266784667969
0.00058102607727051
0.00064396858215332
0.00071597099304199
0.00067496299743652
0.00066184997558594
0.0010571479797363
0.00071883201599121
0.0039920806884766
0.0010321140289307
0.00064492225646973
0.00064611434936523
0.00063896179199219
0.0006711483001709
0.00063395500183105
0.00075626373291016
0.00065398216247559
0.0011889934539795
0.00066304206848145
0.00049018859863281
0.0064132213592529
0.00078010559082031
0.00074076652526855
0.00086784362792969
0.00064301490783691
0.00064206123352051
0.00071477890014648
0.00098299980163574
0.0016248226165771
0.00079083442687988
0.00098705291748047
0.00062823295593262
0.00066876411437988
0.00069999694824219
0.0006098747253418
0.0006868839263916
0.00066304206848145
0.0006868839263916
0.00098395347595215
0.010891914367676
0.00063180923461914
0.00066184997558594
0.00066924095153809
0.00070786476135254
0.00073695182800293
0.00061416625976562
0.0011210441589355
0.00064182281494141
0.0017299652099609
0.00075507164001465
0.00064563751220703
0.00062894821166992
0.00081825256347656
0.00054478645324707
0.00063514709472656
0.00070595741271973
0.00096726417541504
0.0019721984863281
0.00068521499633789
0.00097107887268066
0.00066089630126953
0.00063085556030273
0.0010240077972412
0.0012991428375244
0.00056004524230957
0.00072002410888672
0.00072598457336426
0.00068521499633789
0.00063991546630859
0.00063705444335938
0.0010981559753418
0.00093173980712891
0.00085783004760742
0.00064611434936523
0.00085616111755371
0.00071215629577637
0.0011281967163086
0.00084090232849121
0.0006718635559082
0.00084805488586426
0.00094485282897949
0.00062179565429688
0.0012290477752686
0.00065994262695312
0.00053191184997559
0.00063323974609375
0.00076532363891602
0.0009770393371582
0.00086426734924316
0.0011730194091797
0.00062322616577148
0.0020081996917725
0.00095295906066895
0.00067305564880371
0.00095319747924805
0.0010538101196289
0.00064992904663086
0.00098109245300293
0.00065922737121582
0.00069785118103027
0.00064992904663086
0.00066399574279785
0.00055980682373047
0.0010569095611572
0.00055313110351562
0.00061798095703125
0.00060176849365234
0.00087809562683105
0.0006718635559082
0.00072884559631348
0.0024111270904541
0.00066590309143066
0.00074386596679688
0.00064730644226074
0.00065398216247559
0.00062704086303711
0.00081086158752441
0.00066709518432617
0.0034499168395996
0.00074982643127441
0.00069689750671387
0.00056266784667969
0.00064396858215332
0.00064396858215332
0.0032529830932617
0.0014529228210449
0.00068402290344238
0.00066614151000977
0.00068402290344238
0.00071096420288086
0.00063395500183105
0.00085687637329102
0.00079107284545898
0.0099401473999023
0.00074505805969238
0.00066280364990234
0.0008842945098877
0.001021146774292
0.00065994262695312
0.00062417984008789
0.00082612037658691
0.00065398216247559
0.00063300132751465
0.0022590160369873
0.0010859966278076
0.00071263313293457
0.00073909759521484
0.00078487396240234
0.00069069862365723
0.00068283081054688
0.00065898895263672
0.0027868747711182
0.00061202049255371
0.00070285797119141
0.0010061264038086
0.0010111331939697
0.00077915191650391
0.0013701915740967
0.00060892105102539
0.0016047954559326
0.00057482719421387
0.0006871223449707
0.00072383880615234
0.00076818466186523
0.00062394142150879
0.00061511993408203
0.00063872337341309
0.0012688636779785
0.0010240077972412
0.00069379806518555
0.0007929801940918
0.00064420700073242
0.00088381767272949
0.00066018104553223
0.001201868057251
0.00067400932312012
0.00060224533081055
0.00070500373840332
0.00071382522583008
0.0006718635559082
0.00067710876464844
0.00069499015808105
0.00067281723022461
0.0006251335144043
0.0019333362579346
0.00063395500183105
0.00095367431640625
0.00099396705627441
0.0016012191772461
0.00066018104553223
0.0006258487701416
0.00068211555480957
0.00066900253295898
0.0011439323425293
0.00066494941711426
0.00083470344543457
0.00057697296142578
0.00099706649780273
0.0014646053314209
0.00071811676025391
0.0016930103302002
0.0010042190551758
0.00060296058654785
0.00072312355041504
0.00066804885864258
0.00060892105102539
0.00066518783569336
0.002065896987915
0.0020542144775391
0.00064301490783691
0.00057101249694824
0.00069093704223633
0.00063896179199219
0.00096225738525391
0.00067591667175293
0.0010991096496582
0.00066208839416504
0.00066709518432617
0.0011200904846191
0.00061702728271484
0.00093436241149902
0.0043759346008301
0.00068283081054688
0.0020101070404053
0.00068211555480957
0.00063586235046387
0.00068092346191406
0.00061583518981934
0.00077223777770996
0.00063014030456543
0.00057697296142578
0.00054597854614258
0.00097918510437012
0.00064492225646973
0.00065970420837402
0.00077295303344727
0.00064706802368164
0.00064802169799805
0.00065898895263672
0.00075221061706543
0.00061583518981934
0.00062012672424316
0.00071310997009277
0.00069689750671387
0.00111985206604
0.00066804885864258
0.00063514709472656
0.00060582160949707
0.00066518783569336
0.0011682510375977
0.00064802169799805
0.00066614151000977
0.00059199333190918
0.00069618225097656
0.00064992904663086
0.0027921199798584
0.00065112113952637
0.0006561279296875
0.00063586235046387
0.00063490867614746
0.00062012672424316
0.00081372261047363
0.00063228607177734
0.00064826011657715
0.00066614151000977
0.00065898895263672
0.00075507164001465
0.0011522769927979
0.00060892105102539
0.00070095062255859
0.00077295303344727
0.00064492225646973
0.00066995620727539
0.00065279006958008
0.00063395500183105
0.0006561279296875
0.00079798698425293
0.00064706802368164
0.00066113471984863
0.00066304206848145
0.00075507164001465
0.0024430751800537
0.0006558895111084
0.00055599212646484
0.00078201293945312
0.00071597099304199
0.0010769367218018
0.00095629692077637
0.0013329982757568
0.00086021423339844
0.0007011890411377
0.0064990520477295
0.00092411041259766
0.00067591667175293
0.00089907646179199
0.00064897537231445
0.0011770725250244
0.000762939453125
0.0034899711608887
0.00069308280944824
0.00097203254699707
0.00089001655578613
0.0026330947875977
0.00065398216247559
0.00062704086303711
0.001046895980835
0.00066423416137695
0.00057888031005859
0.00068283081054688
0.0010039806365967
0.0011639595031738
0.0030300617218018
0.00086498260498047
0.00067901611328125
0.00067996978759766
0.0007319450378418
0.0013730525970459
0.00078916549682617
0.0010230541229248
0.0028462409973145
0.00071096420288086
0.00062012672424316
0.0010762214660645
0.0013160705566406
0.00070500373840332
0.0010550022125244
0.0006101131439209
0.00088191032409668
0.00067806243896484
0.00062394142150879
0.00072479248046875
0.00072312355041504
0.00084686279296875
0.00067019462585449
0.00067996978759766
0.00070595741271973
0.00086784362792969
0.0008692741394043
0.0034999847412109
0.0016398429870605
0.00065994262695312
0.00064611434936523
0.00069022178649902
0.0010418891906738
0.000640869140625
0.00073003768920898
0.00067806243896484
0.00069189071655273
0.00066471099853516
0.00066685676574707
0.00072097778320312
0.0082671642303467
0.0023448467254639
0.00064706802368164
0.001002311706543
0.00066614151000977
0.00069475173950195
0.0006711483001709
0.00077581405639648
0.00098633766174316
0.0011978149414062
0.00069379806518555
0.00067400932312012
0.00078201293945312
0.00062012672424316
0.00091242790222168
0.00097298622131348
0.0027201175689697
0.00077295303344727
0.0023398399353027
0.00064301490783691
0.00065016746520996
0.00061893463134766
0.00074100494384766
0.00067400932312012
0.00067019462585449
0.00062203407287598
0.00070405006408691
0.00053882598876953
0.00065493583679199
0.00062203407287598
0.00064301490783691
0.0026566982269287
0.00078082084655762
0.00058174133300781
0.00068306922912598
0.00086879730224609
0.00069904327392578
0.0010361671447754
0.00065112113952637
0.00066089630126953
0.00067591667175293
0.00071907043457031
0.0006558895111084
0.0013837814331055
0.00081872940063477
0.0016820430755615
0.0011930465698242
0.0009920597076416
0.00067281723022461
0.00071597099304199
0.00060415267944336
0.00062894821166992
0.00074911117553711
0.0006248950958252
0.00070095062255859
0.00065493583679199
0.00065898895263672
0.0013279914855957
0.00063991546630859
0.0008089542388916
0.00058698654174805
0.0006709098815918
0.00059771537780762
0.0032961368560791
0.00067305564880371
0.00065994262695312
0.00071430206298828
0.00065302848815918
0.0053119659423828
0.00076508522033691
0.00070619583129883
0.00064420700073242
0.00069284439086914
0.0009160041809082
0.00099325180053711
0.00069904327392578
0.00061416625976562
0.00070095062255859
0.00066399574279785
0.00073790550231934
0.00065183639526367
0.00058603286743164
0.00062084197998047
0.00066399574279785
0.015496015548706
0.00097513198852539
0.0010545253753662
0.016008853912354
0.00087499618530273
0.00068211555480957
0.00064301490783691
0.00077700614929199
0.00082302093505859
0.00089669227600098
0.00064301490783691
0.0020298957824707
0.0011448860168457
0.0013558864593506
0.00092601776123047
0.00061917304992676
0.00063896179199219
0.00069522857666016
0.00091934204101562
0.00080323219299316
0.00074625015258789
0.0006558895111084
0.00065493583679199
0.001788854598999
0.00098681449890137
0.00063514709472656
0.0029227733612061
0.0006101131439209
0.00066232681274414
0.0006258487701416
0.00088596343994141
0.0010061264038086
0.0035960674285889
0.0026407241821289
0.00069379806518555
0.00059199333190918
0.00060296058654785
0.00065088272094727
0.00065302848815918
0.0012869834899902
0.00094079971313477
0.00069403648376465
0.00065803527832031
0.00089073181152344
0.00061488151550293
0.00072097778320312
0.00097107887268066
0.00062799453735352
0.00069212913513184
0.00065708160400391
0.00075602531433105
0.0006101131439209
0.0032298564910889
0.00070071220397949
0.00064182281494141
0.00085902214050293
0.001014232635498
0.0011558532714844
0.0028002262115479
0.00071310997009277
0.0055930614471436
0.0010030269622803
0.00069069862365723
0.0006401538848877
0.00068116188049316
0.0035440921783447
0.0025439262390137
0.0007779598236084
0.00166916847229
0.001049280166626
0.00065302848815918
0.0007169246673584
0.00076007843017578
0.00066208839416504
0.00065016746520996
0.00067710876464844
0.0017921924591064
0.00066399574279785
0.0010223388671875
0.0006411075592041
0.00063800811767578
0.0010061264038086
0.00066995620727539
0.00073909759521484
0.0032830238342285
0.00096726417541504
0.0029430389404297
0.0019452571868896
0.00062108039855957
0.0019350051879883
0.0010433197021484
0.0039989948272705
0.0033609867095947
0.00063872337341309
0.000640869140625
0.001021146774292
0.00066614151000977
0.00067615509033203
0.00061821937561035
0.00096511840820312
0.00091910362243652
0.00069189071655273
0.00078415870666504
0.00092816352844238
0.00073981285095215
0.00085186958312988
0.00073623657226562
0.00063872337341309
0.00063800811767578
0.0022029876708984
0.00067424774169922
0.00091195106506348
0.0017402172088623
0.00094032287597656
0.00053215026855469
0.00072407722473145
0.0010280609130859
0.00069093704223633
0.0027918815612793
0.00073695182800293
0.00097513198852539
0.003507137298584
0.00063872337341309
0.00065898895263672
0.0006568431854248
0.00065422058105469
0.00056695938110352
0.00073003768920898
0.00068902969360352
0.00098299980163574
0.00084471702575684
0.0006711483001709
0.00099301338195801
0.0012571811676025
0.00064706802368164
0.0007021427154541
0.00099086761474609
0.00066614151000977
0.00069689750671387
0.00098705291748047
0.00064396858215332
0.00096607208251953
0.000701904296875
0.00063800811767578
0.00062918663024902
0.0029497146606445
0.00071597099304199
0.00098538398742676
0.00066614151000977
0.0011041164398193
0.00099706649780273
0.0006868839263916
0.00071287155151367
0.00064468383789062
0.0029261112213135
0.00071001052856445
0.00072193145751953
0.00054597854614258
0.00098609924316406
0.00068497657775879
0.00072836875915527
0.00066685676574707
0.00063705444335938
0.00064706802368164
0.00096607208251953
0.00064587593078613
0.0006260871887207
0.00065708160400391
0.00095200538635254
0.0011410713195801
0.0011007785797119
0.00066685676574707
0.00063180923461914
0.00067520141601562
0.00065803527832031
0.0021650791168213
0.00067400932312012
0.00079703330993652
0.00095796585083008
0.0006251335144043
0.00062012672424316
0.00098395347595215
0.0026190280914307
0.00068902969360352
0.00069403648376465
0.0057229995727539
0.00069212913513184
0.00063109397888184
0.00090289115905762
0.00062799453735352
0.00079894065856934
0.00068020820617676
0.00065207481384277
0.00070500373840332
0.00063705444335938
0.0022668838500977
0.00069618225097656
0.00099468231201172
0.00064611434936523
0.0006871223449707
0.00065279006958008
0.00090718269348145
0.0006110668182373
0.00051498413085938
0.00067996978759766
0.0027098655700684
0.00059366226196289
0.00095677375793457
0.0011560916900635
0.00097370147705078
0.00078296661376953
0.00068211555480957
0.00094008445739746
0.00062823295593262
0.0018672943115234
0.004288911819458
0.00061798095703125
0.00067400932312012
0.00076007843017578
0.0011770725250244
0.00066494941711426
0.0032927989959717
0.00066280364990234
0.00066900253295898
0.0013022422790527
0.00070405006408691
0.00072193145751953
0.00093436241149902
0.0010478496551514
0.00076913833618164
0.00062417984008789
0.000701904296875
0.0010161399841309
0.00066995620727539
