0.0037319660186768
0.0027809143066406
0.0077478885650635
0.0036699771881104
0.0034699440002441
0.0033230781555176
0.0030791759490967
0.0039360523223877
0.0031070709228516
0.0031490325927734
0.002957820892334
0.0037059783935547
0.0033609867095947
0.0033359527587891
0.00394606590271
0.0032839775085449
0.0040199756622314
0.0029470920562744
0.003842830657959
0.0028989315032959
0.0042619705200195
0.0040910243988037
0.0041229724884033
0.0039169788360596
0.0037410259246826
0.0036969184875488
0.0033531188964844
0.0036859512329102
0.0041251182556152
0.0031008720397949
0.003957986831665
0.0040450096130371
0.0041959285736084
0.0037708282470703
0.0027360916137695
0.027086019515991
0.0031747817993164
0.0043919086456299
0.0030100345611572
0.003281831741333
0.0029828548431396
0.0038609504699707
0.0035040378570557
0.0034639835357666
0.0030128955841064
0.0037360191345215
0.0032470226287842
0.0030460357666016
0.003201961517334
0.003262996673584
0.0031509399414062
0.0034990310668945
0.0032379627227783
0.0033140182495117
0.0030081272125244
0.0039680004119873
0.0052039623260498
0.0030958652496338
0.0038888454437256
0.0031039714813232
0.0043191909790039
0.0042011737823486
0.0030579566955566
0.0038230419158936
0.0030670166015625
0.0030899047851562
0.0033628940582275
0.0030930042266846
0.0039958953857422
0.019536972045898
0.00347900390625
0.0032501220703125
0.003565788269043
0.0038721561431885
0.0035250186920166
0.0052018165588379
0.0040469169616699
0.0030100345611572
0.0042059421539307
0.0036110877990723
0.0038740634918213
0.0031599998474121
0.0035099983215332
0.0035269260406494
0.0030550956726074
0.003709077835083
0.0037639141082764
0.0031099319458008
0.0040810108184814
0.0030829906463623
0.0033228397369385
0.0030031204223633
0.0038001537322998
0.0033140182495117
0.0037479400634766
0.003061056137085
0.003291130065918
0.0050070285797119
0.004993200302124
0.0034170150756836
0.0041658878326416
0.0033931732177734
0.0040490627288818
0.0041821002960205
0.0033619403839111
0.0036678314208984
0.0029089450836182
0.0050420761108398
0.0030250549316406
0.0028150081634521
0.0038578510284424
0.0033729076385498
0.0031912326812744
0.0032861232757568
0.0031790733337402
0.0042951107025146
0.003032922744751
0.0040910243988037
0.0033769607543945
0.0031678676605225
0.0052280426025391
0.0039718151092529
0.0039958953857422
0.0039939880371094
0.0031609535217285
0.003122091293335
0.0029890537261963
0.0035250186920166
0.0036830902099609
0.0034928321838379
0.0029921531677246
0.0055739879608154
0.0034720897674561
0.0029549598693848
0.0026450157165527
0.00370192527771
0.0040628910064697
0.0039911270141602
0.00419020652771
0.0033271312713623
0.003216028213501
0.0031840801239014
0.0035450458526611
0.0034511089324951
0.0031459331512451
0.004234790802002
0.0035510063171387
0.0029449462890625
0.0053269863128662
0.0031561851501465
0.0044190883636475
0.0034279823303223
0.0035860538482666
0.0037379264831543
0.002852201461792
0.0032548904418945
0.0031578540802002
0.0032241344451904
0.0030131340026855
0.0036740303039551
0.0031309127807617
0.0037670135498047
0.0039510726928711
0.0030710697174072
0.041140079498291
0.0036861896514893
0.0030539035797119
0.0031709671020508
0.0036790370941162
0.0031931400299072
0.0035538673400879
0.0049269199371338
0.003180980682373
0.0030670166015625
0.0029630661010742
0.0028738975524902
0.0040431022644043
0.0031619071960449
0.0041649341583252
0.0030410289764404
0.0033419132232666
0.0029671192169189
0.0027430057525635
0.0033760070800781
0.0027358531951904
0.0043299198150635
0.0034401416778564
0.0029559135437012
0.0046069622039795
0.0031590461730957
0.0040340423583984
0.0033102035522461
0.003230094909668
0.0030460357666016
0.0028340816497803
0.0031008720397949
0.0026488304138184
0.0031599998474121
0.0037689208984375
0.0031530857086182
0.0029339790344238
0.0033299922943115
0.003593921661377
0.0039091110229492
0.0029118061065674
0.0028729438781738
0.0039842128753662
0.0033118724822998
0.0039839744567871
0.0033290386199951
0.0032699108123779
0.0029280185699463
0.0030639171600342
0.0031630992889404
0.0031418800354004
0.0033271312713623
0.0041818618774414
0.0035760402679443
0.0033111572265625
0.0038540363311768
0.0036051273345947
0.0041911602020264
0.0040059089660645
0.0029749870300293
0.0035519599914551
0.0031721591949463
0.0037970542907715
0.0031399726867676
0.0026838779449463
0.0041360855102539
0.003633975982666
0.0034720897674561
0.0040988922119141
0.0038330554962158
0.0043790340423584
0.0031721591949463
0.0030689239501953
0.003835916519165
0.0042600631713867
0.0039098262786865
0.0034799575805664
0.0036001205444336
0.0032761096954346
0.0038549900054932
0.003878116607666
0.0038998126983643
0.0038158893585205
0.0037431716918945
0.0031068325042725
0.0034008026123047
0.0032050609588623
0.0030441284179688
0.0040640830993652
0.0030930042266846
0.0033731460571289
0.0043439865112305
0.0043220520019531
0.0039510726928711
0.0051438808441162
0.0038318634033203
0.0036220550537109
0.0037720203399658
0.0031938552856445
0.0035159587860107
0.003817081451416
0.0029959678649902
0.0056030750274658
0.0030620098114014
0.0039379596710205
0.0039529800415039
0.0031280517578125
0.0029160976409912
0.0031149387359619
0.0035331249237061
0.0049021244049072
0.003244161605835
0.0033378601074219
0.003882884979248
0.0035960674285889
0.004378080368042
0.0030889511108398
0.0040559768676758
0.0038018226623535
0.0040161609649658
0.0035281181335449
0.0036580562591553
0.0029089450836182
0.0031428337097168
0.0031449794769287
0.0038349628448486
0.0036330223083496
0.0031869411468506
0.0036120414733887
0.0031709671020508
0.0034101009368896
0.004148006439209
0.0043280124664307
0.0031299591064453
0.0038418769836426
0.0037870407104492
0.0044620037078857
0.0035400390625
0.0030901432037354
0.0037038326263428
0.018260955810547
0.0037620067596436
0.004021167755127
0.0033459663391113
0.0036828517913818
0.0034029483795166
0.0031249523162842
0.0034980773925781
0.003126859664917
0.0031368732452393
0.0033280849456787
0.0064618587493896
0.0073761940002441
0.005385160446167
0.0026988983154297
0.0029869079589844
0.0040340423583984
0.0036749839782715
0.0036089420318604
0.0029470920562744
0.0032689571380615
0.0036659240722656
0.0030369758605957
0.0043818950653076
0.0041520595550537
0.0029139518737793
0.0032699108123779
0.003680944442749
0.0034360885620117
0.003119945526123
0.0031559467315674
0.0039360523223877
0.003741979598999
0.0030181407928467
0.0040898323059082
0.0037789344787598
0.0029690265655518
0.0033118724822998
0.0025560855865479
0.0045099258422852
0.0034699440002441
0.0033309459686279
0.0042538642883301
0.0036110877990723
0.003572940826416
0.0028810501098633
0.0039238929748535
0.0032999515533447
0.0031769275665283
0.0029561519622803
0.0036821365356445
0.0037810802459717
0.0035748481750488
0.0036239624023438
0.002777099609375
0.0028440952301025
0.0030410289764404
0.0032141208648682
0.0030660629272461
0.0027561187744141
0.003154993057251
0.0028719902038574
0.0030910968780518
0.0036320686340332
0.0033881664276123
0.0033159255981445
0.0035529136657715
0.0028159618377686
0.004133939743042
0.0030078887939453
0.0036921501159668
0.0050809383392334
0.0056850910186768
0.0047650337219238
0.0039911270141602
0.0028541088104248
0.0031139850616455
0.0052440166473389
0.0038201808929443
0.0034070014953613
0.0037930011749268
0.0037481784820557
0.0030758380889893
0.0038900375366211
0.0039510726928711
0.0032951831817627
0.0039749145507812
0.0032041072845459
0.0038321018218994
0.003993034362793
0.0032799243927002
0.0036160945892334
0.0032811164855957
0.0036129951477051
0.0031530857086182
0.0037670135498047
0.0036768913269043
0.003389835357666
0.0030500888824463
0.0040009021759033
0.0035829544067383
0.0028080940246582
0.0032060146331787
0.0032861232757568
0.0037400722503662
0.004004955291748
0.003291130065918
0.002892017364502
0.0038101673126221
0.0031330585479736
0.0040128231048584
0.0030028820037842
0.0046460628509521
0.0038449764251709
0.0031130313873291
0.0039699077606201
0.0029780864715576
0.003303050994873
0.004490852355957
0.0029809474945068
0.003972053527832
0.0031640529632568
0.0035510063171387
0.0028908252716064
0.0037901401519775
0.0030641555786133
0.0034160614013672
0.0035521984100342
0.0031681060791016
0.0031099319458008
0.0030372142791748
0.0040090084075928
0.0029067993164062
0.0030691623687744
0.0031797885894775
0.0030210018157959
0.0034289360046387
0.0030879974365234
0.0040140151977539
0.0050528049468994
0.0038139820098877
0.0031239986419678
0.0034370422363281
0.0050439834594727
0.0031888484954834
0.0042428970336914
0.0037388801574707
0.0039389133453369
0.0034999847412109
0.0034880638122559
0.0032529830932617
0.0033919811248779
0.0030350685119629
0.0029909610748291
0.0039899349212646
0.0038399696350098
0.003978967666626
0.0039629936218262
0.0033988952636719
0.0031139850616455
0.00382399559021
0.0043489933013916
0.0038948059082031
0.0031940937042236
0.0031380653381348
0.0032479763031006
0.0037441253662109
0.0044801235198975
0.0033719539642334
0.0034770965576172
0.003568172454834
0.003119945526123
0.0051400661468506
0.0037140846252441
0.0039868354797363
0.0032749176025391
0.0036611557006836
0.0030529499053955
0.003140926361084
0.0035839080810547
0.0042431354522705
0.0037360191345215
0.0038690567016602
0.0034520626068115
0.0027730464935303
0.0041191577911377
0.003699779510498
0.0036690235137939
0.0033590793609619
0.0032289028167725
0.0038280487060547
0.0034279823303223
0.0034148693084717
0.0036602020263672
0.0040609836578369
0.0040080547332764
0.0030808448791504
0.002953052520752
0.0039920806884766
0.0033459663391113
0.0036959648132324
0.0039370059967041
0.0051898956298828
0.0037541389465332
0.0038490295410156
0.0034120082855225
0.0034098625183105
0.0036759376525879
0.0073180198669434
0.0031018257141113
0.0036461353302002
0.0040791034698486
0.0035049915313721
0.0032699108123779
0.0030930042266846
0.0035810470581055
0.0029840469360352
0.0037388801574707
0.0030801296234131
0.0036330223083496
0.0037341117858887
0.0031261444091797
0.0039050579071045
0.003061056137085
0.0034739971160889
0.0036890506744385
0.0036599636077881
0.0034561157226562
0.0049350261688232
0.002993106842041
0.0035791397094727
0.003183126449585
0.0030570030212402
0.0035820007324219
0.0029788017272949
0.0029850006103516
0.0034208297729492
0.0038948059082031
0.0038468837738037
0.0033907890319824
0.0034599304199219
0.0030858516693115
0.0043599605560303
0.0039420127868652
0.0029759407043457
0.0033888816833496
0.0034480094909668
0.002946138381958
0.0049359798431396
0.0040671825408936
0.0038151741027832
0.0030040740966797
0.0037271976470947
0.0028641223907471
0.0029871463775635
0.0027720928192139
0.0080139636993408
0.0039279460906982
0.0031390190124512
0.0038411617279053
0.0035750865936279
0.0026969909667969
0.0056159496307373
0.0031731128692627
0.002802848815918
0.0039291381835938
0.0040419101715088
0.0032429695129395
0.0029828548431396
0.0047619342803955
0.0040218830108643
0.0029377937316895
0.0029032230377197
0.0037260055541992
0.0035648345947266
0.00313401222229
0.003903865814209
0.0044190883636475
0.0029480457305908
0.0029239654541016
0.0032260417938232
0.0036740303039551
0.0031218528747559
0.0040218830108643
0.0035059452056885
0.0039200782775879
0.0037109851837158
0.0033719539642334
0.0031797885894775
0.005573034286499
0.0030908584594727
0.0039680004119873
0.0033178329467773
0.0035538673400879
0.0031740665435791
0.0030210018157959
0.0034680366516113
0.002892017364502
0.0032298564910889
0.0031218528747559
0.0037660598754883
0.0042030811309814
0.0031018257141113
0.0030288696289062
0.0033659934997559
0.0030450820922852
0.0030901432037354
0.003108024597168
0.004044771194458
0.0029678344726562
0.003209114074707
0.0031311511993408
0.0039298534393311
0.0032298564910889
0.0031888484954834
0.0037481784820557
0.0031239986419678
0.0034668445587158
0.0037920475006104
0.0055520534515381
0.0030720233917236
0.0034351348876953
0.0030040740966797
0.0031259059906006
0.0031280517578125
0.0042548179626465
0.0039479732513428
0.0028378963470459
0.0040218830108643
0.0031239986419678
0.0030829906463623
0.0032999515533447
0.0037579536437988
0.0030930042266846
0.0047028064727783
0.0036888122558594
0.0034048557281494
0.0034589767456055
0.0033159255981445
0.0056312084197998
0.0038349628448486
0.0030081272125244
0.0038650035858154
0.00319504737854
0.0032479763031006
0.0036220550537109
0.0030269622802734
0.0054540634155273
0.0030901432037354
0.0031640529632568
0.0032980442047119
0.004011869430542
0.004194974899292
0.0040009021759033
0.0040328502655029
0.0027709007263184
0.0036659240722656
0.002953052520752
0.0037028789520264
0.0034780502319336
0.0029568672180176
0.0027451515197754
0.0033869743347168
0.0034291744232178
0.0034379959106445
0.0033040046691895
0.0039839744567871
0.0040090084075928
0.0031180381774902
0.0029048919677734
0.003324031829834
0.0038309097290039
0.0040299892425537
0.0030100345611572
0.0030331611633301
0.0036799907684326
0.0036330223083496
0.0057039260864258
0.0057578086853027
0.0031239986419678
0.0029621124267578
0.0030169486999512
0.0030159950256348
0.00295090675354
0.0037589073181152
0.0029699802398682
0.0028378963470459
0.0032541751861572
0.0029010772705078
0.0029020309448242
0.0038621425628662
0.0036430358886719
0.003087043762207
0.0028030872344971
0.0028791427612305
0.0029721260070801
0.0032391548156738
0.0042929649353027
0.0032548904418945
0.0028588771820068
0.0030410289764404
0.003695011138916
0.0030679702758789
0.0038659572601318
0.0036740303039551
0.0035049915313721
0.0040509700775146
0.003046989440918
0.0029420852661133
0.0035319328308105
0.0040838718414307
0.0033690929412842
0.0038797855377197
0.0035178661346436
0.0035171508789062
0.0044388771057129
0.0032188892364502
0.0040011405944824
0.0041871070861816
0.0031850337982178
0.0032031536102295
0.0037269592285156
0.0040462017059326
0.0037710666656494
0.0031650066375732
0.0041618347167969
0.0030598640441895
0.0037109851837158
0.0035810470581055
0.003040075302124
0.0040640830993652
0.0029380321502686
0.0033798217773438
0.0030620098114014
0.0029630661010742
0.0039911270141602
0.0029768943786621
0.0038630962371826
0.0029850006103516
0.0033600330352783
0.0040321350097656
0.0030221939086914
0.00388503074646
0.0038790702819824
0.0039761066436768
0.0031001567840576
0.0030379295349121
0.0029630661010742
0.0030839443206787
0.029115915298462
0.0033011436462402
0.0034079551696777
0.0034170150756836
0.0033159255981445
0.0033509731292725
0.0031580924987793
0.0036590099334717
0.0051629543304443
0.0031189918518066
0.0045180320739746
0.0033130645751953
0.0038199424743652
0.0032608509063721
0.0035190582275391
0.0032601356506348
0.0036900043487549
0.0031208992004395
0.01158595085144
0.0052320957183838
0.0030810832977295
0.0064449310302734
0.003122091293335
0.0030109882354736
0.0030159950256348
0.0040290355682373
0.0030169486999512
0.0038590431213379
0.0043470859527588
0.0038290023803711
0.0030519962310791
0.0028030872344971
0.0030078887939453
0.0029728412628174
0.0028719902038574
0.0039310455322266
0.003835916519165
0.0040490627288818
0.0038609504699707
0.0040700435638428
0.0038101673126221
0.00347900390625
0.003817081451416
0.003911018371582
0.0030539035797119
0.0035660266876221
0.0037930011749268
0.0033869743347168
0.0037398338317871
0.0039820671081543
0.0032329559326172
0.0030829906463623
0.003525972366333
0.003122091293335
0.003126859664917
0.0034708976745605
0.0028879642486572
0.0027120113372803
0.004378080368042
0.003770112991333
0.0029551982879639
0.0031800270080566
0.0041351318359375
0.0030601024627686
0.0033619403839111
0.0049700736999512
0.0034661293029785
0.0039591789245605
0.0036108493804932
0.0035159587860107
0.00335693359375
0.0038068294525146
0.0031139850616455
0.00335693359375
0.0028789043426514
0.0056707859039307
0.0029599666595459
0.00301194190979
0.0029709339141846
0.0035789012908936
0.0037078857421875
0.0030519962310791
0.0029881000518799
0.0029041767120361
0.0032141208648682
0.0037510395050049
0.002741813659668
0.0033860206604004
0.0034239292144775
0.0028789043426514
0.0029871463775635
0.0037510395050049
0.003108024597168
0.0032949447631836
0.0041580200195312
0.0040009021759033
0.0040409564971924
0.0033979415893555
0.003471851348877
0.0053389072418213
0.003108024597168
0.003126859664917
0.0034501552581787
0.0028870105743408
0.0029749870300293
0.0037760734558105
0.0040450096130371
0.0038480758666992
0.0032529830932617
0.0038089752197266
0.0037400722503662
0.0037500858306885
0.0033760070800781
0.0029251575469971
0.004525899887085
0.0033318996429443
0.0034191608428955
0.0038001537322998
0.0036320686340332
0.0030879974365234
0.0026979446411133
0.0041439533233643
0.004288911819458
0.0030651092529297
0.0037920475006104
0.0028138160705566
0.0030570030212402
0.0033061504364014
0.0032119750976562
0.0027661323547363
0.0033879280090332
0.003101110458374
0.0037610530853271
0.0040349960327148
0.0035641193389893
0.00376296043396
0.0035691261291504
0.0029129981994629
0.0028469562530518
0.0038318634033203
0.0032360553741455
0.0040428638458252
0.0030150413513184
0.0037930011749268
0.0030839443206787
0.0030648708343506
0.0030319690704346
0.0029990673065186
0.0039398670196533
0.0036690235137939
0.0034208297729492
0.0041108131408691
0.0038731098175049
0.0032658576965332
0.0038959980010986
0.0030357837677002
0.0034530162811279
0.0034332275390625
0.0031590461730957
0.0035309791564941
0.004443883895874
0.0033929347991943
0.004777193069458
0.0029659271240234
0.0029628276824951
0.0040249824523926
0.0037968158721924
0.0042240619659424
0.0041069984436035
0.0033371448516846
0.003911018371582
0.0035669803619385
0.0031290054321289
0.0030438899993896
0.0027709007263184
0.0038700103759766
0.0031771659851074
0.0037541389465332
0.0030341148376465
0.0033280849456787
0.0042009353637695
0.0029430389404297
0.0030009746551514
0.0043599605560303
0.0036041736602783
0.0056641101837158
0.0040969848632812
0.0032579898834229
0.0032250881195068
0.0041379928588867
0.003119945526123
0.0036110877990723
0.0033478736877441
0.0031828880310059
0.0028679370880127
0.0028529167175293
0.0029330253601074
0.0032980442047119
0.0035350322723389
0.003978967666626
0.0037288665771484
0.0041439533233643
0.0028350353240967
0.0044047832489014
0.0030899047851562
0.0027940273284912
0.0032250881195068
0.0037510395050049
0.0035371780395508
0.002791166305542
0.0036449432373047
0.0030648708343506
0.003695011138916
0.0044050216674805
0.0028469562530518
0.0037930011749268
0.0035772323608398
0.0029420852661133
0.0030779838562012
0.0028879642486572
0.0040018558502197
0.004115104675293
0.0037529468536377
0.0038001537322998
0.0030720233917236
0.0038549900054932
0.0031089782714844
0.002960205078125
0.0028650760650635
0.0044701099395752
0.0034899711608887
0.0038411617279053
0.0040581226348877
0.0036699771881104
0.0038368701934814
0.0035769939422607
0.0033359527587891
0.0033361911773682
0.0037879943847656
0.003633975982666
0.0031881332397461
0.0036699771881104
0.0031120777130127
0.0030980110168457
0.0040020942687988
0.0031070709228516
0.0039680004119873
