0.0037450790405273
0.0030851364135742
0.0031569004058838
0.0040020942687988
0.0040180683135986
0.0028049945831299
0.0034561157226562
0.0032758712768555
0.0030949115753174
0.0057871341705322
0.0030951499938965
0.0035500526428223
0.0040919780731201
0.0038759708404541
0.0039660930633545
0.0031731128692627
0.00382399559021
0.0035431385040283
0.0031149387359619
0.0040810108184814
0.0035190582275391
0.0039160251617432
0.0039420127868652
0.0032651424407959
0.0039429664611816
0.0031750202178955
0.0043399333953857
0.0030510425567627
0.0032989978790283
0.0030229091644287
0.0037658214569092
0.0031120777130127
0.0033998489379883
0.0031619071960449
0.0036039352416992
0.0030691623687744
0.0028259754180908
0.0029568672180176
0.0032069683074951
0.0042779445648193
0.0032889842987061
0.0030500888824463
0.0038139820098877
0.0029959678649902
0.003572940826416
0.003061056137085
0.0029420852661133
0.002830982208252
0.0032470226287842
0.0030281543731689
0.0030198097229004
0.0059118270874023
0.0043768882751465
0.00400710105896
0.0034329891204834
0.0037190914154053
0.0040910243988037
0.0032651424407959
0.0030760765075684
0.0035750865936279
0.0028660297393799
0.0034558773040771
0.0027081966400146
0.0030019283294678
0.0031399726867676
0.0042378902435303
0.004148006439209
0.0029640197753906
0.002877950668335
0.003115177154541
0.002938985824585
0.0031650066375732
0.0030560493469238
0.0037798881530762
0.0033390522003174
0.0031580924987793
0.0030951499938965
0.0037529468536377
0.0030829906463623
0.0035278797149658
0.0029430389404297
0.0036170482635498
0.0041508674621582
0.0035560131072998
0.0038700103759766
0.0039379596710205
0.0035200119018555
0.0043129920959473
0.0035068988800049
0.0038180351257324
0.002932071685791
0.0029890537261963
0.0032801628112793
0.0032660961151123
0.0034260749816895
0.0034239292144775
0.0041041374206543
0.0030820369720459
0.0031139850616455
0.0031239986419678
0.0038909912109375
0.0033838748931885
0.0028460025787354
0.0038130283355713
0.0036978721618652
0.0040159225463867
0.0045549869537354
0.0033349990844727
0.0030288696289062
0.0030710697174072
0.0032098293304443
0.0035438537597656
0.0036509037017822
0.0041999816894531
0.0039660930633545
0.0030879974365234
0.0040121078491211
0.0030848979949951
0.003242015838623
0.002953052520752
0.0031380653381348
0.0029010772705078
0.0031089782714844
0.0039231777191162
0.0035610198974609
0.0033869743347168
0.0037670135498047
0.0039868354797363
0.0035219192504883
0.0029690265655518
0.0037841796875
0.0028719902038574
0.0036599636077881
0.0028290748596191
0.0035600662231445
0.0038270950317383
0.0040290355682373
0.0031688213348389
0.0033299922943115
0.0029730796813965
0.0026309490203857
0.0033321380615234
0.0032980442047119
0.0030460357666016
0.0050570964813232
0.0033349990844727
0.0031960010528564
0.003148078918457
0.0036699771881104
0.0029118061065674
0.0039119720458984
0.0037579536437988
0.003087043762207
0.0029981136322021
0.0039529800415039
0.0040910243988037
0.0034420490264893
0.0038349628448486
0.0032150745391846
0.0034291744232178
0.0037209987640381
0.0033080577850342
0.0030910968780518
0.0037829875946045
0.0035839080810547
0.0042030811309814
0.0035920143127441
0.0030999183654785
0.0035710334777832
0.0036640167236328
0.0038931369781494
0.0046570301055908
0.0029010772705078
0.002830982208252
0.0031487941741943
0.0039830207824707
0.0029511451721191
0.0039210319519043
0.0029189586639404
0.003619909286499
0.0029330253601074
0.0031421184539795
0.0041971206665039
0.0026988983154297
0.0029239654541016
0.0031509399414062
0.0040040016174316
0.0029199123382568
0.0033221244812012
0.0054299831390381
0.0027859210968018
0.0033059120178223
0.0035851001739502
0.0035669803619385
0.003180980682373
0.0039370059967041
0.0040318965911865
0.0034139156341553
0.0030620098114014
0.0038609504699707
0.003169059753418
0.0033681392669678
0.0033590793609619
0.0034818649291992
0.0028860569000244
0.0028519630432129
0.002795934677124
0.0028488636016846
0.0037071704864502
0.0030710697174072
0.0031177997589111
0.0028769969940186
0.0032398700714111
0.004155158996582
0.0027270317077637
0.0030801296234131
0.0039710998535156
0.0039980411529541
0.0042519569396973
0.0039548873901367
0.0030069351196289
0.0029969215393066
0.0031759738922119
0.0035519599914551
0.0034070014953613
0.0033349990844727
0.0031039714813232
0.0027749538421631
0.0037229061126709
0.0030310153961182
0.0033049583435059
0.0037639141082764
0.0031459331512451
0.0039100646972656
0.0044131278991699
0.0033400058746338
0.0031640529632568
0.0029728412628174
0.0043549537658691
0.0033950805664062
0.0039298534393311
0.0029499530792236
0.0034751892089844
0.0028049945831299
0.0034880638122559
0.0037500858306885
0.0028538703918457
0.0040760040283203
0.003666877746582
0.0033409595489502
0.0039429664611816
0.00478196144104
0.0033659934997559
0.0039780139923096
0.0030829906463623
0.0035560131072998
0.003917932510376
0.0031969547271729
0.0029890537261963
0.003371000289917
0.0033919811248779
0.003046989440918
0.003244161605835
0.0032110214233398
0.0039298534393311
0.0033349990844727
0.0043549537658691
0.0031478404998779
0.00295090675354
0.0028040409088135
0.0033538341522217
0.0027930736541748
0.0038290023803711
0.0037829875946045
0.0033340454101562
0.0056629180908203
0.003931999206543
0.003262996673584
0.0040521621704102
0.0026669502258301
0.0026750564575195
0.0029890537261963
0.0036139488220215
0.0031008720397949
0.0034189224243164
0.00360107421875
0.0035350322723389
0.003014087677002
0.0026578903198242
0.0032589435577393
0.0031509399414062
0.0028131008148193
0.0030219554901123
0.0043051242828369
0.0034129619598389
0.0032210350036621
0.0032980442047119
0.0031042098999023
0.0034558773040771
0.0032031536102295
0.0032269954681396
0.0029361248016357
0.0054011344909668
0.0031640529632568
0.0040421485900879
0.002885103225708
0.0034670829772949
0.0028219223022461
0.0031569004058838
0.0028340816497803
0.0032269954681396
0.0042829513549805
0.0034708976745605
0.004727840423584
0.0033619403839111
0.0031070709228516
0.0039589405059814
0.0063610076904297
0.0039801597595215
0.0034430027008057
0.0037930011749268
0.0035631656646729
0.004378080368042
0.0029640197753906
0.0031578540802002
0.0035369396209717
0.0039489269256592
0.0028440952301025
0.0037698745727539
0.0038368701934814
0.0037391185760498
0.0033361911773682
0.0033450126647949
0.0033409595489502
0.0028271675109863
0.006411075592041
0.0029499530792236
0.0032811164855957
0.0031149387359619
0.0032401084899902
0.0030410289764404
0.0033719539642334
0.0039839744567871
0.0029761791229248
0.0046150684356689
0.004141092300415
0.0039010047912598
0.0038540363311768
0.0030069351196289
0.0030889511108398
0.0037851333618164
0.003385066986084
0.0035200119018555
0.003774881362915
0.0034630298614502
0.0034441947937012
0.0028359889984131
0.002708911895752
0.0028598308563232
0.0031700134277344
0.0031981468200684
0.0033688545227051
0.0032248497009277
0.0044360160827637
0.0032188892364502
0.0033688545227051
0.00484299659729
0.0032649040222168
0.0030059814453125
0.002997875213623
0.0032980442047119
0.0041429996490479
0.0039350986480713
0.0035891532897949
0.0027709007263184
0.0037710666656494
0.0033278465270996
0.0040838718414307
0.004094123840332
0.0040638446807861
0.0042641162872314
0.0037050247192383
0.0040020942687988
0.0033459663391113
0.0034670829772949
0.0037989616394043
0.00370192527771
0.0032098293304443
0.0029561519622803
0.0037100315093994
0.0059878826141357
0.0038039684295654
0.0037209987640381
0.0030579566955566
0.0030369758605957
0.003654956817627
0.0037550926208496
0.0032200813293457
0.0030529499053955
0.0038599967956543
0.0037491321563721
0.0041251182556152
0.003925085067749
0.0033740997314453
0.0033740997314453
0.0029690265655518
0.0046100616455078
0.0029239654541016
0.0031790733337402
0.003126859664917
0.0030660629272461
0.0057179927825928
0.0039329528808594
0.0029330253601074
0.0039300918579102
0.0037209987640381
0.0031449794769287
0.0033049583435059
0.0026829242706299
0.003262996673584
0.0034289360046387
0.0030980110168457
0.0029218196868896
0.0030031204223633
0.0036280155181885
0.0029458999633789
0.0031921863555908
0.0030651092529297
0.0031418800354004
0.0032389163970947
0.0035820007324219
0.0030419826507568
0.003525972366333
0.0043871402740479
0.0035510063171387
0.003978967666626
0.0030272006988525
0.0031328201293945
0.0028450489044189
0.0041568279266357
0.0031049251556396
0.0040199756622314
0.003493070602417
0.0038859844207764
0.0032391548156738
0.0030050277709961
0.0037839412689209
0.0033600330352783
0.0036900043487549
0.0033299922943115
0.0033509731292725
0.0028660297393799
0.0030758380889893
0.0045390129089355
0.0042910575866699
0.003303050994873
0.0038378238677979
0.0030298233032227
0.0028178691864014
0.0032618045806885
0.0036818981170654
0.0037910938262939
0.0052878856658936
0.0028917789459229
0.0030651092529297
0.0042197704315186
0.0031259059906006
0.0030341148376465
0.0037100315093994
0.0031528472900391
0.0032029151916504
0.0029799938201904
0.0040509700775146
0.0032989978790283
0.0033149719238281
0.003917932510376
0.0036821365356445
0.0039019584655762
0.0030620098114014
0.0031428337097168
0.0032680034637451
0.0030181407928467
0.0033841133117676
0.004011869430542
0.0037729740142822
0.0039970874786377
0.0057809352874756
0.0034120082855225
0.0036089420318604
0.0038609504699707
0.0032551288604736
0.004331111907959
0.0028820037841797
0.0031089782714844
0.0039298534393311
0.0038228034973145
0.0031590461730957
0.0033280849456787
0.0030298233032227
0.0027179718017578
0.004572868347168
0.0037269592285156
0.003101110458374
0.0049178600311279
0.0030770301818848
0.0039210319519043
0.0041558742523193
0.0033178329467773
0.0027389526367188
0.0040419101715088
0.0040020942687988
0.0032389163970947
0.003242015838623
0.0031569004058838
0.0029990673065186
0.0037939548492432
0.0044188499450684
0.0040059089660645
0.0030539035797119
0.002918004989624
0.0040929317474365
0.0029268264770508
0.0029690265655518
0.0038158893585205
0.0030710697174072
0.0032730102539062
0.0035200119018555
0.002777099609375
0.0039639472961426
0.0039520263671875
0.0036818981170654
0.0034968852996826
0.0026910305023193
0.0032010078430176
0.003741979598999
0.0035929679870605
0.003180980682373
0.0041098594665527
0.0039639472961426
0.0033180713653564
0.0037820339202881
0.0028331279754639
0.0054049491882324
0.0052669048309326
0.0040538311004639
0.0038540363311768
0.0032479763031006
0.0036840438842773
0.0053060054779053
0.0029909610748291
0.0030181407928467
0.0035090446472168
0.0052800178527832
0.0040121078491211
0.003892183303833
0.0035738945007324
0.0033700466156006
0.0032320022583008
0.0039050579071045
0.0041091442108154
0.0028939247131348
0.0031318664550781
0.0030949115753174
0.0029289722442627
0.0031259059906006
0.0030341148376465
0.0029299259185791
0.0040719509124756
0.0044970512390137
0.0028300285339355
0.0030429363250732
0.0036928653717041
0.0033431053161621
0.0035080909729004
0.0031061172485352
0.0031270980834961
0.003917932510376
0.0030560493469238
0.0038189888000488
0.0031778812408447
0.0033841133117676
0.0029590129852295
0.0036270618438721
0.0034351348876953
0.0039651393890381
0.0028688907623291
0.0033490657806396
0.0034050941467285
0.0045280456542969
0.0033071041107178
0.0029840469360352
0.0032739639282227
0.003262996673584
0.0030279159545898
0.0031800270080566
0.0034780502319336
0.0029799938201904
0.003101110458374
0.0032830238342285
0.003000020980835
0.0029728412628174
0.0043950080871582
0.0038161277770996
0.0026578903198242
0.0038340091705322
0.0042879581451416
0.0037658214569092
0.0038619041442871
0.0030310153961182
0.0041029453277588
0.0033130645751953
0.0035240650177002
0.0036637783050537
0.003281831741333
0.0032930374145508
0.0028347969055176
0.0039210319519043
0.0026781558990479
0.0030150413513184
0.0032448768615723
0.0036411285400391
0.0040740966796875
0.0037848949432373
0.0031499862670898
0.0031049251556396
0.0033879280090332
0.0032601356506348
0.0034401416778564
0.0037388801574707
0.0040369033813477
0.0031790733337402
0.0033409595489502
0.0040068626403809
0.0028338432312012
0.0038690567016602
0.0034840106964111
0.0031390190124512
0.0045278072357178
0.0030040740966797
0.0044889450073242
0.0041170120239258
0.0036969184875488
0.0028681755065918
0.010686159133911
0.004086971282959
0.0040369033813477
0.0029280185699463
0.003593921661377
0.0031888484954834
0.0031390190124512
0.0032389163970947
0.003119945526123
0.0036640167236328
0.0039558410644531
0.0039989948272705
0.0034418106079102
0.0031120777130127
0.002863883972168
0.0031189918518066
0.0032429695129395
0.0039668083190918
0.0051050186157227
0.0031001567840576
0.0033409595489502
0.00360107421875
0.0028600692749023
0.0027852058410645
0.0026528835296631
0.0036740303039551
0.00382399559021
0.0037579536437988
0.0038571357727051
0.0033018589019775
0.0029070377349854
0.0029070377349854
0.0032031536102295
0.0032858848571777
0.021904945373535
0.0035049915313721
0.0031819343566895
0.0035910606384277
0.0028069019317627
0.0028319358825684
0.0034310817718506
0.0034329891204834
0.0033340454101562
0.0030331611633301
0.0031440258026123
0.0031430721282959
0.0044310092926025
0.00376296043396
0.0030097961425781
0.0036380290985107
0.0033910274505615
0.003230094909668
0.0036349296569824
0.0035710334777832
0.0034799575805664
0.0037147998809814
0.0056180953979492
0.0033581256866455
0.003032922744751
0.0030841827392578
0.004295825958252
0.0043609142303467
0.0032260417938232
0.0037000179290771
0.0029618740081787
0.0032808780670166
0.0032620429992676
0.003277063369751
0.0033400058746338
0.0034239292144775
0.0036520957946777
0.0029711723327637
0.0041928291320801
0.0041401386260986
0.0033597946166992
0.0034339427947998
0.0034451484680176
0.0042300224304199
0.0057821273803711
0.0031778812408447
0.0035967826843262
0.0032539367675781
0.0043540000915527
0.0028219223022461
0.0032050609588623
0.0034739971160889
0.0031759738922119
0.003741979598999
0.003046989440918
0.0031640529632568
0.0036191940307617
0.0031750202178955
0.0030121803283691
0.003953218460083
0.00484299659729
0.0032989978790283
0.0032069683074951
0.0031700134277344
0.0036838054656982
0.0040390491485596
0.0031499862670898
0.0031170845031738
0.0031189918518066
0.0031359195709229
0.0032989978790283
0.0044341087341309
0.0040600299835205
0.0041759014129639
0.0029418468475342
0.0030019283294678
0.0030131340026855
0.0029997825622559
0.0038869380950928
0.0029528141021729
0.0041098594665527
0.0028150081634521
0.004504919052124
0.0034260749816895
0.0031208992004395
0.0029850006103516
0.0037169456481934
0.0039660930633545
0.0035700798034668
0.0035960674285889
0.003223180770874
0.0027270317077637
0.003525972366333
0.0068199634552002
0.0034139156341553
0.0030901432037354
0.0034589767456055
0.0036160945892334
0.0039999485015869
0.0030419826507568
0.0038700103759766
0.0036299228668213
0.0036389827728271
0.003122091293335
0.003309965133667
0.0038340091705322
0.0038390159606934
0.002875804901123
0.0035309791564941
0.0032320022583008
0.0028550624847412
0.0027909278869629
0.0029869079589844
0.0030050277709961
0.0034070014953613
0.0034000873565674
0.0038881301879883
0.003140926361084
0.0028440952301025
0.0029420852661133
0.0047361850738525
0.0042648315429688
0.0032021999359131
0.0033881664276123
0.0030879974365234
0.0033230781555176
0.002964973449707
0.0027201175689697
0.0027658939361572
0.0027780532836914
0.0040929317474365
0.003040075302124
0.003291130065918
0.0030851364135742
0.0036189556121826
0.00382399559021
0.0029451847076416
0.0033779144287109
0.0036380290985107
0.0039620399475098
0.0036320686340332
0.0028858184814453
0.0031909942626953
0.0029749870300293
0.0030448436737061
0.0027859210968018
0.0029668807983398
0.0030889511108398
0.0031909942626953
0.0034799575805664
0.003777027130127
0.0035760402679443
0.003993034362793
0.0037181377410889
0.0035910606384277
0.0029242038726807
0.0029900074005127
0.0034677982330322
0.003180980682373
0.003101110458374
0.0034580230712891
0.0030112266540527
0.0030450820922852
0.0026991367340088
0.0050570964813232
0.003162145614624
0.0031440258026123
0.0032889842987061
0.0030570030212402
0.0033419132232666
0.0041470527648926
0.0033750534057617
0.0033969879150391
0.0039699077606201
0.0030989646911621
0.004439115524292
0.0028750896453857
0.002892017364502
0.0029768943786621
0.0035190582275391
0.0038509368896484
0.0030679702758789
0.0039889812469482
0.0038590431213379
0.0033748149871826
0.0028128623962402
0.0031311511993408
0.0030331611633301
0.0041899681091309
0.0030369758605957
0.0030741691589355
0.0038459300994873
0.0036759376525879
0.0033581256866455
0.0030081272125244
0.0030820369720459
0.0033061504364014
0.0044569969177246
0.0030698776245117
0.0033349990844727
0.0040090084075928
0.0063111782073975
0.0029439926147461
0.0039999485015869
0.0040290355682373
0.0030810832977295
0.0030479431152344
0.0029609203338623
0.0029981136322021
0.0030171871185303
0.0038681030273438
0.0031530857086182
0.0033469200134277
0.0029339790344238
0.0039739608764648
0.0038609504699707
0.0038800239562988
0.0036640167236328
0.0032219886779785
0.0038299560546875
0.0029940605163574
0.0032172203063965
0.00307297706604
0.0056841373443604
0.0029098987579346
0.003087043762207
0.0031101703643799
0.0032520294189453
0.0032620429992676
0.0032200813293457
0.0032958984375
0.0030860900878906
0.0031647682189941
0.0030879974365234
0.0031139850616455
0.0029830932617188
0.0034201145172119
0.0032908916473389
0.0038549900054932
0.0048539638519287
0.0041489601135254
0.0042378902435303
0.0036368370056152
0.004148006439209
0.003870964050293
0.003364086151123
0.0027890205383301
0.0030708312988281
0.0030050277709961
0.0029611587524414
0.0043270587921143
0.0029938220977783
0.0040102005004883
0.0034730434417725
0.0029599666595459
0.0029990673065186
0.0029008388519287
0.0038449764251709
0.0030710697174072
0.0026910305023193
0.0034859180450439
0.0034189224243164
0.0033760070800781
0.0034101009368896
0.0043950080871582
0.0029289722442627
0.002877950668335
0.002838134765625
0.017116069793701
0.0042769908905029
0.0043699741363525
0.0028970241546631
0.0040209293365479
0.0035998821258545
0.0037209987640381
0.0042209625244141
0.0027308464050293
0.0029430389404297
0.00331711769104
0.0029740333557129
0.0043511390686035
0.0032439231872559
0.0043141841888428
0.0037369728088379
0.0038900375366211
0.003216028213501
0.0036947727203369
0.0039398670196533
0.0041229724884033
0.0035250186920166
0.0028350353240967
0.0038139820098877
0.0028848648071289
0.0033228397369385
0.0036089420318604
0.0027608871459961
0.0042719841003418
0.0032260417938232
0.0039360523223877
0.0042259693145752
0.0033259391784668
0.0039451122283936
0.003486156463623
0.0038890838623047
0.0038111209869385
0.0038080215454102
0.0037920475006104
0.0036988258361816
0.0033669471740723
0.0041310787200928
0.0033290386199951
0.0045530796051025
0.0051298141479492
0.0030858516693115
0.0048389434814453
0.0039541721343994
0.0040140151977539
0.0051689147949219
0.0031781196594238
0.003000020980835
0.0039401054382324
0.0041260719299316
0.0030689239501953
