1.67116e-08
2.17814e-07
0.00898401
2.1753e-07
0.00902235
0.00898401
0.00902235
0.00902234
2.17814e-07
0.00902193
2.17814e-07
0.00901692
2.17814e-07
0.00898401
2.17814e-07
2.17814e-07
0.00902235
2.17814e-07
0.00902235
0.00898401
0.00898401
2.17814e-07
0.00902233
2.17814e-07
2.1753e-07
1.67116e-08
0.00904222
0.00898401
0.00902227
0.00902235
1.67116e-08
2.1753e-07
2.17814e-07
2.17814e-07
1.67116e-08
2.17814e-07
0.00902235
0.0180447
2.17814e-07
2.17814e-07
6.40258e-10
2.17814e-07
0.00902235
0.00902193
2.17814e-07
2.17814e-07
0.00902235
0.00898401
1.67116e-08
0.00902235
2.17814e-07
0.00902232
0.00902235
5.08763e-08
0.00902235
0.00902235
0.00898401
2.17814e-07
2.17814e-07
0.00901142
2.17814e-07
0.00898401
2.17814e-07
2.17814e-07
0.00902193
2.17814e-07
1.67116e-08
0.00902235
0.00898401
2.17814e-07
0.00902235
0.00898401
2.17814e-07
2.17814e-07
2.17814e-07
2.17814e-07
2.17814e-07
2.17814e-07
0.00902235
2.17814e-07
0.00902235
1.67116e-08
2.17814e-07
2.17814e-07
1.67116e-08
0.00902235
2.17814e-07
2.17814e-07
2.1753e-07
2.17814e-07
1.67116e-08
1.67116e-08
0.00902235
0.00902234
0.00898401
0.00902235
0.00902235
0.00902235
1.67116e-08
2.17814e-07
0.00902235
2.17814e-07
2.17814e-07
2.17814e-07
0.00902193
2.17814e-07
0.00902234
0.0180447
1.67116e-08
2.17814e-07
4.16157e-09
1.67116e-08
2.17814e-07
2.17814e-07
0.00902193
0.00902235
2.17814e-07
2.17814e-07
0.00902235
2.17814e-07
1.67116e-08
2.17814e-07
2.17814e-07
2.17814e-07
0.00898401
0.00902193
2.17814e-07
0.00902235
0.00902235
0.00902235
2.17814e-07
8.98515e-09
0.00902193
0.00902235
0.00902235
0.00898401
0.00902234
8.34494e-09
0.00902235
2.17814e-07
0.00902193
1.67116e-08
0.00902235
0.00898401
0.00902235
1.67116e-08
0.00902235
2.17814e-07
2.17814e-07
0.00902193
2.17814e-07
2.17814e-07
2.17814e-07
0.00902235
1.17109e-07
0.00902235
2.17814e-07
0.00902235
0.00902235
1.17109e-07
2.17814e-07
2.17814e-07
6.40254e-10
2.17814e-07
0.00902235
2.17814e-07
0.00841304
0.00902235
0.00902235
0.00902234
0.00898401
0.00902232
0.00902235
0.00902235
2.17814e-07
0.00902235
0.00898401
1.59641e-07
1.67116e-08
0.00902235
0.00902226
0.00898401
2.17814e-07
2.17814e-07
0.00902235
0.00902235
2.17814e-07
2.17814e-07
0.00902235
0.00902235
0.00902193
2.17814e-07
1.67116e-08
2.17814e-07
0.00902235
0.00902235
0.00902235
0.00902193
2.17814e-07
2.17814e-07
0.00898401
0.00902235
1.09405e-07
2.17814e-07
0.00902235
1.67116e-08
0.00898401
0.00841299
2.17814e-07
0.00902193
0.00902235
2.17814e-07
1.67116e-08
2.17814e-07
2.17814e-07
0.00902235
0.00902234
0.00902235
0.00902234
0.00902235
2.17814e-07
0.00902234
0.00902235
2.17814e-07
0.00902193
2.17814e-07
0.00902235
2.17814e-07
0.00898401
0.00902235
5.55603e-09
2.17814e-07
0.00902235
0.0178346
0.00902234
0.00902235
2.17814e-07
0.00902193
2.17814e-07
0.00902235
2.17814e-07
2.17814e-07
2.17814e-07
2.17814e-07
1.67116e-08
0.00898401
2.17814e-07
2.17814e-07
2.17814e-07
1.67116e-08
2.17814e-07
0.00902235
2.17814e-07
1.67116e-08
0.00902235
2.17814e-07
0.00902235
2.17814e-07
0.00902235
0.00902235
0.00902235
1.67116e-08
2.17814e-07
0.00902235
0.00841299
0.00902235
0.00902235
0.00902233
2.17814e-07
6.40258e-10
2.17814e-07
0.00902235
0.00902235
0.00902235
1.67116e-08
0.00902235
0.00902235
0.00902235
2.17814e-07
2.17814e-07
2.17814e-07
2.17814e-07
2.17814e-07
0.00902235
0.00902235
1.67116e-08
2.17814e-07
2.17814e-07
2.17814e-07
0.00902235
0.00902193
2.1753e-07
1.52187e-06
1.67116e-08
0.00902235
4.16157e-09
0.00902235
1.67116e-08
2.17814e-07
0.00898401
2.17814e-07
2.17814e-07
0.00902234
0.00902235
1.67116e-08
0.00898401
1.67116e-08
0.00902235
0.00902235
0.00902235
0.00902235
2.17814e-07
0.00902234
0.00902235
2.17814e-07
2.17814e-07
1.67116e-08
2.1753e-07
0.00902193
0.00902235
0.00904211
2.17814e-07
2.17814e-07
2.17814e-07
2.17814e-07
2.17814e-07
0.00902235
2.17814e-07
0.00898401
2.17814e-07
2.17814e-07
0.00902193
0.00902235
2.17814e-07
2.17814e-07
2.17814e-07
1.67116e-08
0.00902235
0.00902235
0.00902235
2.17814e-07
2.17814e-07
2.17814e-07
0.00902235
2.17814e-07
0.00902235
2.17814e-07
0.00902193
1.67116e-08
0.00902234
1.67116e-08
0.00902235
0.00902235
0.00902235
0.00902235
0.00902235
0.00902235
0.00902235
0.00902235
0.00902235
2.17814e-07
2.17814e-07
2.17814e-07
2.17814e-07
0.00902235
2.17814e-07
2.17814e-07
2.17814e-07
2.17814e-07
2.17814e-07
2.17814e-07
0.00902235
0.00902235
2.17814e-07
0.00902235
0.00902235
0.00902235
0.00902235
2.17814e-07
2.17814e-07
0.00898401
0.00898401
1.67116e-08
1.67116e-08
0.00902235
2.17814e-07
0.00898401
0.00902235
0.00902235
1.67116e-08
0.00902235
0.0180447
1.67116e-08
2.17814e-07
0.00898401
0.00902235
2.17814e-07
2.17814e-07
0.00898401
2.17814e-07
0.0180477
4.16157e-09
0.00902235
2.17814e-07
8.34494e-09
0.00902235
2.17814e-07
0.00902235
2.17814e-07
0.00902235
0.00902235
0.00902235
0.0180447
2.17814e-07
1.67116e-08
0.00902235
2.17814e-07
0.00902235
2.17814e-07
2.17814e-07
2.17814e-07
0.00902235
1.67116e-08
2.17814e-07
0.00902235
2.17814e-07
2.17814e-07
2.17814e-07
0.00898401
0.00902235
2.17814e-07
0.00902235
0.00902235
1.67116e-08
1.67116e-08
2.17246e-07
0.00898401
2.17814e-07
1.67116e-08
2.17814e-07
2.17814e-07
2.17814e-07
0.00902193
2.17814e-07
0.00902235
0.00902235
2.1753e-07
2.17814e-07
2.17814e-07
0.00902235
0.00898401
0.00902235
2.17814e-07
0.00902235
0.00902235
0.00902235
0.00898401
0.00898401
0.0359405
0.00902234
2.17814e-07
2.17814e-07
0.00902235
0.00902235
2.17814e-07
2.17814e-07
0.00902235
0.00902235
2.17814e-07
0.00900988
1.67116e-08
0.00898401
2.17814e-07
0.00902235
2.17814e-07
1.67116e-08
2.17814e-07
2.17814e-07
2.17814e-07
1.67116e-08
0.00902234
1.50766e-07
0.00902235
3.02631e-07
0.00902235
2.17814e-07
2.17814e-07
0.00898401
2.17814e-07
0.00902235
2.17814e-07
2.17814e-07
0.00902235
2.17814e-07
1.67116e-08
0.00902193
2.17814e-07
1.67116e-08
2.17814e-07
0.00902235
2.17814e-07
0.00898401
0.00902235
1.67116e-08
0.00902235
8.34494e-09
2.1753e-07
0.00898401
2.17814e-07
1.67116e-08
0.0180447
0.00902235
0.00902235
0.00902235
0.00902235
2.17814e-07
0.00902235
0.00902234
0.00902235
0.00902235
2.17814e-07
0.00898401
0.00902235
0.00902235
0.00902235
0.00902234
0.00902235
0.00902235
2.17814e-07
0.00902235
2.17814e-07
2.1753e-07
1.67116e-08
0.00902235
2.17814e-07
0.00902235
0.00902235
1.67116e-08
2.17814e-07
1.67116e-08
0.00902235
6.40254e-10
0.00902234
0.00902235
2.17814e-07
0.00902193
2.17814e-07
2.17814e-07
0.00902235
0.00902235
2.17814e-07
1.67116e-08
0.00902235
0.00902235
2.17814e-07
0.00902235
1.67116e-08
2.17814e-07
0.00904222
2.17814e-07
2.17814e-07
2.17814e-07
0.00902235
0.00904222
0.00902235
0.00902235
0.00902235
2.17814e-07
2.17814e-07
1.67116e-08
2.17814e-07
0.00902235
0.00902235
1.67116e-08
2.17814e-07
2.17814e-07
1.67116e-08
2.17814e-07
0.00902235
2.17814e-07
0.00902221
2.17814e-07
2.17814e-07
0.00898401
2.17814e-07
0.00902235
2.17814e-07
1.67116e-08
1.67116e-08
2.17814e-07
2.17814e-07
1.67116e-08
2.17814e-07
2.17814e-07
0.00898401
2.17814e-07
2.17814e-07
0.00902235
1.52187e-06
0.00898401
2.17814e-07
0.00898401
2.17814e-07
2.17814e-07
1.50386e-07
6.40258e-10
0.00902235
8.34494e-09
0.00902235
8.80876e-07
0.00902235
2.17814e-07
2.17814e-07
0.00902235
0.00902235
0.00902235
0.00902235
0.00902235
0.00902193
2.17814e-07
0.00902234
1.17109e-07
0.00898401
0.00902235
2.17814e-07
0.00902235
0.00902235
0.00902057
0.00902193
2.17814e-07
2.17814e-07
2.17814e-07
2.17814e-07
0.00902235
2.17814e-07
0.00902235
0.00902235
2.17814e-07
2.17814e-07
0.00898401
0.00902235
2.17814e-07
0.00902235
0.00902235
0.00902235
0.00898401
2.17814e-07
0.00902235
2.17814e-07
2.17814e-07
0.00902235
2.17814e-07
2.17814e-07
1.67116e-08
2.17814e-07
0.00898401
0.00902235
0.00902235
0.00902235
0.00902235
2.17814e-07
0.00902235
2.17814e-07
0.00903676
1.67116e-08
0.00902193
1.67116e-08
2.17814e-07
2.1753e-07
2.17814e-07
1.67116e-08
0.00902235
2.17814e-07
0.00902235
0.00902235
2.17814e-07
2.17814e-07
2.17814e-07
2.17814e-07
2.17814e-07
0.00902235
1.67116e-08
2.17814e-07
0.00902235
1.67116e-08
2.17814e-07
2.17814e-07
0.00902232
0.00898401
2.17814e-07
0.00902235
1.67116e-08
2.17814e-07
0.00902235
0.00902235
1.52187e-06
1.50766e-07
2.17814e-07
2.17814e-07
0.00898401
0.00902235
0.00902235
2.17814e-07
0.00902235
2.17814e-07
0.00902235
2.17814e-07
0.00902235
0.00902235
0.00902235
0.00898401
0.00902235
0.00898401
2.17814e-07
2.17814e-07
0.00902235
5.55602e-09
2.17814e-07
2.17814e-07
6.40258e-10
0.0270669
0.00902234
2.17814e-07
1.67116e-08
1.67116e-08
0.00902235
1.67116e-08
2.17814e-07
2.17814e-07
0.00902235
0.00902235
0.00898401
0.00898401
0.00902235
0.00902235
0.00902235
2.17814e-07
0.00902235
0.00902193
0.00902235
0.00902235
1.67116e-08
0.00902193
2.17814e-07
2.17814e-07
2.17814e-07
2.17814e-07
2.17814e-07
2.17814e-07
2.17814e-07
0.00902235
2.17814e-07
2.17814e-07
0.00902235
0.00904479
0.00902235
1.67116e-08
2.17814e-07
0.00902235
0.00902235
2.17814e-07
2.17814e-07
0.00902235
0.00902235
1.67116e-08
2.17814e-07
3.07224e-06
1.67116e-08
2.17814e-07
0.00902235
0.00902235
1.67116e-08
0.00902235
0.00902235
3.03026e-07
8.34494e-09
2.17814e-07
0.00902234
0.00902235
2.17814e-07
0.00902235
2.17814e-07
2.17814e-07
0.00902235
0.00902235
2.17814e-07
2.17814e-07
2.17814e-07
0.00902235
0.00902235
2.17814e-07
2.17814e-07
2.17814e-07
0.00902235
0.00902235
2.17814e-07
0.00902235
0.00902235
0.00902235
0.00902235
0.00902235
0.00902193
1.67116e-08
2.17814e-07
0.00898401
1.46677e-07
2.17814e-07
0.00902235
0.00902235
0.00898401
0.00902234
0.00902235
0.00902235
0.00902234
2.17814e-07
0.00902235
0.00902235
0.00902235
0.00902235
2.17814e-07
1.67116e-08
2.17814e-07
1.67116e-08
0.00902235
0.00902235
2.17814e-07
1.67116e-08
0.00902232
1.50766e-07
0.00902235
0.00902235
1.67116e-08
0.00902235
2.17814e-07
2.17814e-07
2.17814e-07
0.00902235
0.00902235
0.00898401
2.17814e-07
0.00902235
0.00902235
1.67116e-08
2.17814e-07
0.00902193
0.0180478
0.00898401
0.00902193
0.00902235
0.00902235
0.00902235
1.67116e-08
2.17814e-07
2.17814e-07
2.17814e-07
0.00902235
1.67116e-08
2.17814e-07
0.00902235
0.00902235
0.00902235
0.00902235
0.00902235
0.00902235
0.00902235
0.00902235
0.00902235
0.00902235
0.00902193
2.17814e-07
0.00902235
0.00898401
0.00902235
0.00902235
2.17814e-07
2.17814e-07
0.00902235
0.00902235
1.67116e-08
0.00902235
2.17814e-07
2.17814e-07
2.17814e-07
2.17814e-07
2.17814e-07
2.17814e-07
0.00902235
1.67116e-08
0.00902235
0.00902193
2.17814e-07
2.17814e-07
2.17814e-07
1.09405e-07
0.00902234
0.00902235
0.00902235
2.17814e-07
0.00902235
2.17814e-07
0.00902235
0.00902235
0.00902235
2.17814e-07
0.00902235
2.17814e-07
0.00902235
2.17814e-07
0.00902235
1.66883e-07
0.00902235
0.00902235
0.00902235
0.00902235
0.00902235
1.67116e-08
0.00902235
2.17814e-07
0.00902235
2.17814e-07
1.67116e-08
0.00902235
1.67116e-08
0.00902235
2.17814e-07
0.0180447
1.67116e-08
0.00902235
1.67116e-08
2.17814e-07
0.00902221
1.67116e-08
0.00902235
0.00902235
0.00902235
2.17814e-07
0.00902235
0.00902235
0.00902235
1.67116e-08
2.17814e-07
1.67116e-08
0.00902235
2.17814e-07
2.17814e-07
1.67116e-08
0.00902235
1.67116e-08
0.00902235
2.17814e-07
0.00902235
0.00902235
0.00902235
2.17814e-07
1.67116e-08
0.00898401
0.00902235
2.17814e-07
0.00902235
0.00902234
2.17814e-07
0.00902235
2.17814e-07
0.0270528
0.00902235
2.17814e-07
0.00902234
0.00898401
0.00902235
2.17814e-07
2.17814e-07
0.00902235
2.17814e-07
2.17814e-07
0.00898401
2.17814e-07
0.00902235
0.00902235
2.17814e-07
2.17814e-07
0.00902235
0.00902235
2.17814e-07
1.67116e-08
2.17814e-07
0.00902235
2.17814e-07
1.67116e-08
0.00898401
1.67116e-08
2.17814e-07
2.1753e-07
0.00902235
2.17814e-07
0.00902235
0.00902235
2.17814e-07
2.17814e-07
0.00902235
0.00902235
0.00902193
2.17814e-07
2.17814e-07
0.00902235
2.17814e-07
2.17814e-07
2.17814e-07
1.67116e-08
2.17814e-07
0.00902235
0.00902235
0.00902235
2.17814e-07
0.00902235
0.00902235
2.17814e-07
2.17814e-07
0.00902214
0.00898401
1.09405e-07
0.00902226
2.17814e-07
0.00898401
2.17814e-07
0.00902193
0.00898401
0.00902234
0.00898401
0.00898401
0.00902235
0.00902235
0.00902235
0.00902234
0.00902235
0.00902235
2.17814e-07
0.00902235
1.67116e-08
0.00902235
0.00902235
0.00902235
0.00902235
0.00902235
1.67116e-08
2.17814e-07
0.00901692
2.17814e-07
0.00902235
2.17814e-07
2.17814e-07
0.00902235
0.00902235
0.00902235
0.00902235
0.00902235
2.17814e-07
0.00902235
0.00902235
2.17814e-07
2.17814e-07
2.17814e-07
0.00902235
1.67116e-08
0.00902234
0.00902235
0.00902235
1.67116e-08
2.17814e-07
0.00902235
2.17814e-07
0.00902235
0.00904087
0.00902235
2.17814e-07
0.00902235
0.00902235
2.17814e-07
0.00902235
0.00902193
2.17814e-07
1.67116e-08
0.00902235
2.17814e-07
1.67116e-08
2.17814e-07
0.00902101
2.17814e-07
0.00902232
0.00904222
0.00902235
2.17814e-07
2.17814e-07
2.17814e-07
0.00902235
0.00902221
1.67116e-08
2.17814e-07
0.00898401
0.00902235
2.17814e-07
0.00902235
0.00902235
1.67116e-08
1.17109e-07
2.17814e-07
2.17814e-07
0.00902235
2.17814e-07
0.00904044
2.17814e-07
2.17814e-07
0.00902235
1.67116e-08
0.00902193
2.17814e-07
8.34494e-09
0.00902235
2.17814e-07
2.17814e-07
0.00904219
0.00902235
0.00902235
2.17814e-07
1.67116e-08
0.00902235
0.00902193
0.00902193
2.17814e-07
2.17814e-07
2.17814e-07
2.17814e-07
2.17814e-07
2.17814e-07
0.00902235
2.17814e-07
0.00902235
0.00902235
0.00902235
0.00902235
2.17814e-07
0.00902235
2.1753e-07
6.40258e-10
0.00902235
2.17814e-07
1.67116e-08
2.17814e-07
1.67116e-08
2.17814e-07
0.00902193
0.00898401
0.00902235
0.00902235
2.17814e-07
0.00902193
1.67116e-08
2.17814e-07
1.67116e-08
0.00902235
0.00902235
2.17814e-07
0.00902235
2.17814e-07
2.17814e-07
0.00902234
0.00902193
2.1753e-07
0.00904222
0.0180447
0.00898401
1.50766e-07
2.17814e-07
0.00902235
2.17814e-07
2.17814e-07
2.17814e-07
2.17814e-07
2.17814e-07
2.17814e-07
2.17814e-07
2.17814e-07
0.00902234
2.17814e-07
2.17814e-07
0.0178345
1.09405e-07
2.17814e-07
0.0180447
2.17814e-07
0.00902235
2.17814e-07
0.00902235
0.00902235
2.17814e-07
0.00902234
0.00902235
2.17814e-07
2.17814e-07
2.17814e-07
0.00902235
2.17814e-07
1.67116e-08
1.67116e-08
0.00898401
0.00902193
1.67116e-08
0.0180848
1.67116e-08
0.00902235
0.00902235
0.00902235
0.00902235
0.00902235
0.00902235
2.17814e-07
0.00902235
8.34489e-09
1.67116e-08
2.17814e-07
0.00902235
0.00902235
0.00902235
0.00902235
0.00902193
1.17109e-07
0.00902235
2.17814e-07
2.17814e-07
1.67116e-08
2.17814e-07
0.00902235
2.17814e-07
2.17814e-07
0.00898401
0.00901692
2.17814e-07
0.00902235
2.17814e-07
0.00902234
0.00902235
2.17814e-07
2.17814e-07
2.17814e-07
2.17814e-07
0.00902235
0.00902235
0.00902235
2.17814e-07
0.00902235
0.00902193
0.00902235
0.00902235
0.00902235
2.17814e-07
0.00902235
0.00902235
0.00902235
2.17814e-07
2.17814e-07
2.17814e-07
2.17814e-07
2.17814e-07
0.00898401
0.00898401
0.00902235
2.17814e-07
0.00902235
6.40258e-10
0.00902235
7.46884e-08
2.17814e-07
2.17814e-07
0.00902235
0.00902235
0.00902235
8.34494e-09
0.00902235
0.00900988
2.17814e-07
0.00902235
2.17814e-07
0.00902235
0.00898401
2.17814e-07
0.00902235
2.17814e-07
1.17109e-07
2.17814e-07
2.17814e-07
0.00902193
2.17814e-07
0.00902193
2.17814e-07
0.00901142
6.40258e-10
3.07222e-06
2.17814e-07
0.00902235
2.17814e-07
2.17814e-07
2.17814e-07
2.17814e-07
1.17109e-07
2.17814e-07
0.00898401
0.00902235
0.00902235
0.00902235
2.17814e-07
2.17814e-07
2.17814e-07
2.17814e-07
2.1753e-07
0.00902235
2.17814e-07
2.17814e-07
2.17814e-07
0.00902235
0.00902235
2.17814e-07
0.00902193
0.00902235
0.00902235
2.1753e-07
8.34494e-09
0.00902235
0.00902234
0.00902235
0.00902235
0.00898401
2.17814e-07
0.00902387
2.17814e-07
1.67116e-08
0.00902235
2.17814e-07
0.00902101
0.00902235
2.17814e-07
2.17814e-07
0.00902235
0.00898401
2.17814e-07
2.17814e-07
2.17814e-07
0.00902226
2.17814e-07
1.67116e-08
0.00902227
0.00902235
0.00904222
0.00902235
0.00902235
2.17814e-07
0.00902235
0.00898401
0.00902235
2.17814e-07
2.17814e-07
2.17814e-07
0.00902235
2.17814e-07
2.17814e-07
0.00902235
2.1753e-07
2.17814e-07
0.00902235
0.00898401
0.00902235
0.00898401
0.00898401
0.00902232
0.00902235
0.00902235
0.00902235
2.17814e-07
1.67116e-08
0.00902235
0.00898401
2.17814e-07
0.00902235
1.67116e-08
2.17814e-07
1.67116e-08
2.17814e-07
2.17814e-07
2.17814e-07
0.00902235
2.1753e-07
0.00902235
2.17814e-07
0.00902235
0.00902234
0.00902235
2.17814e-07
1.16804e-07
1.67116e-08
0.00902235
0.00902235
4.2628e-10
2.17814e-07
0.00902235
0.00902235
1.67116e-08
2.17814e-07
2.17814e-07
2.17814e-07
0.00902235
8.34494e-09
0.00902235
0.00902235
0.00904222
0.00902235
0.00902235
0.00902235
0.00902234
1.67116e-08
1.67116e-08
0.00902235
0.00902235
2.17814e-07
0.00898401
2.17814e-07
0.00902235
2.17814e-07
7.59649e-07
1.50766e-07
8.3527e-08
6.40258e-10
1.67116e-08
2.17814e-07
2.17814e-07
0.00902193
2.17814e-07
2.17814e-07
2.17814e-07
1.67116e-08
0.00902235
2.17814e-07
0.00898401
1.67116e-08
2.17246e-07
0.00902235
0.00902235
1.67116e-08
2.17814e-07
0.00902387
2.17814e-07
0.00902193
0.00902193
0.00902193
0.00902193
0.00902235
1.67116e-08
1.67116e-08
1.67116e-08
2.17814e-07
0.0180447
0.00898401
1.67116e-08
0.00902235
2.17814e-07
0.00902235
2.17814e-07
2.17814e-07
2.17814e-07
0.00902235
1.17109e-07
1.67116e-08
0.00902234
0.00902227
2.17814e-07
0.00902101
2.17814e-07
2.17814e-07
0.00902235
2.17814e-07
0.00898401
0.00898401
2.17814e-07
0.00902235
0.00902235
1.67116e-08
2.17814e-07
2.17814e-07
0.00902232
0.00902235
2.17814e-07
5.55602e-09
0.00902235
0.00902235
0.00902235
2.17814e-07
2.17814e-07
0.00902235
2.17814e-07
2.17814e-07
1.67116e-08
2.17814e-07
0.00902193
0.00903077
0.00902214
0.00902227
0.00902214
0.00902234
0.0180445
0.00902234
2.1753e-07
2.17814e-07
0.00902235
0.00902235
1.67116e-08
1.67116e-08
0.00902233
0.00901142
0.00902235
0.00902235
2.17814e-07
2.17814e-07
0.00902235
0.00902235
0.00902235
0.00898401
2.17814e-07
0.00902235
0.00902235
0.00902235
0.00902235
2.17814e-07
1.17109e-07
0.00902235
1.67116e-08
0.00902235
0.00902207
2.17814e-07
2.17814e-07
0.00902235
2.17814e-07
1.67116e-08
2.17814e-07
0.00902235
0.00902235
0.00902235
4.2628e-10
2.17814e-07
2.17814e-07
2.17814e-07
0.00902235
0.00902235
0.00902235
0.00904222
0.00902235
0.00902235
0.00902057
0.00902387
2.17814e-07
1.67116e-08
0.00902234
2.17814e-07
2.17814e-07
2.17814e-07
2.17814e-07
2.17814e-07
2.16678e-07
2.17814e-07
2.17814e-07
2.17814e-07
2.17814e-07
2.17814e-07
2.17814e-07
