0.0013018
0.00130177
5.53126e-06
0.00260358
5.78118e-19
5.53126e-06
8.77004e-16
3.2783e-10
0.00130177
6.02454e-08
0.00130177
7.83549e-07
0.00130177
5.53126e-06
0.00130177
0.00130177
8.77004e-16
0.00130177
0
5.53126e-06
5.53126e-06
0.00130177
2.1028e-09
0.00130177
0.00260358
0.0013018
0.00129894
5.53126e-06
1.07066e-08
7.05304e-17
0.0013018
0.00260358
0.00130177
0.00130177
0.0013018
0.00130177
0
4.25403e-09
0.00130177
0.00130177
0.00130181
0.00130177
4.914e-18
6.02454e-08
0.00130177
0.00130177
7.2684e-12
5.53126e-06
0.0013018
0
0.00130177
4.27071e-09
8.77004e-16
0.0013018
0
7.98412e-14
5.53126e-06
0.00130177
0.00130177
1.57621e-06
0.00130177
5.53126e-06
0.00130177
0.00130177
6.02454e-08
0.00130177
0.0013018
0
5.53126e-06
0.00130177
7.2684e-12
5.53126e-06
0.00130177
0.00130177
0.00130177
0.00130177
0.00130177
0.00130177
0
0.00130177
7.98412e-14
0.0013018
0.00130177
0.00130177
0.0013018
0
0.00130177
0.00130177
0.00260358
0.00130177
0.0013018
0.0013018
1.03603e-12
6.61686e-10
5.53126e-06
7.2684e-12
0
0
0.0013018
0.00130177
0
0.00130177
0.00130177
0.00130177
6.02454e-08
0.00130177
6.61686e-10
2.43063e-09
0.0013018
0.00130177
0.0013018
0.0013018
0.00130177
0.00130177
6.02454e-08
1.03603e-12
0.00130177
0.00130177
7.98412e-14
0.00130177
0.0013018
0.00130177
0.00130177
0.00130177
5.53126e-06
6.02454e-08
0.00130177
7.2684e-12
8.77004e-16
8.77004e-16
0.00130177
0.00260361
6.02454e-08
5.63838e-15
0
5.53126e-06
6.61686e-10
0.0013018
0
0.00130177
6.02454e-08
0.0013018
8.77004e-16
5.53126e-06
0
0.0013018
8.77004e-16
0.00130177
0.00130177
6.02454e-08
0.00130177
0.00130177
0.00130177
8.77004e-16
0.00260359
0
0.00130177
0
0
0.00260359
0.00130177
0.00130177
0.00130181
0.00130177
7.98412e-14
0.00130177
0.00138972
0
0
6.61686e-10
5.53126e-06
4.25403e-09
5.78118e-19
0
0.00130177
7.2684e-12
5.53126e-06
0.00260359
0.0013018
0
1.24695e-08
5.53126e-06
0.00130177
0.00130177
0
0
0.00130177
0.00130177
4.69118e-11
0
6.02454e-08
0.00130177
0.0013018
0.00130177
0
0
0
6.02454e-08
0.00130177
0.00130177
5.53126e-06
0
0.00260359
0.00130177
7.98412e-14
0.0013018
5.53126e-06
8.79225e-05
0.00130177
6.02454e-08
0
0.00130177
0.0013018
0.00130177
0.00130177
0
2.00034e-10
4.914e-18
6.61686e-10
0
0.00130177
6.61686e-10
0
0.00130177
6.02454e-08
0.00130177
0
0.00130177
5.53126e-06
0
0.0013018
0.00130177
0
3.03097e-05
3.27831e-10
0
0.00130177
6.02454e-08
0.00130177
7.2684e-12
0.00130177
0.00130177
0.00130177
0.00130177
0.0013018
5.53126e-06
0.00130177
0.00130177
0.00130177
0.0013018
0.00130177
9.53894e-18
0.00130177
0.0013018
0
0.00130177
0
0.00130177
7.98412e-14
0
1.03603e-12
0.0013018
0.00130177
0
8.79225e-05
0
0
2.1028e-09
0.00130177
0.00130181
0.00130177
8.77004e-16
7.98412e-14
0
0.0013018
8.77004e-16
0
5.63838e-15
0.00130177
0.00130177
0.00130177
0.00130177
0.00130177
8.77004e-16
9.53894e-18
0.0013018
0.00130177
0.00130177
0.00130177
0
6.02454e-08
0.00260358
0.00130159
0.0013018
7.98412e-14
0.0013018
0
0.0013018
0.00130177
5.53126e-06
0.00130177
0.00130177
3.2783e-10
0
0.0013018
5.53126e-06
0.0013018
0
0
0
8.77004e-16
0.00130177
6.61686e-10
0
0.00130177
0.00130177
0.0013018
0.00260358
6.02454e-08
0
0.00260076
0.00130177
0.00130177
0.00130177
0.00130177
0.00130177
0
0.00130177
5.53126e-06
0.00130177
0.00130177
6.02454e-08
0
0.00130177
0.00130177
0.00130177
0.0013018
0
7.2684e-12
7.98412e-14
0.00130177
0.00130177
0.00130177
8.77004e-16
0.00130177
9.53894e-18
0.00130177
6.02454e-08
0.0013018
6.61686e-10
0.0013018
0
7.98412e-14
7.98412e-14
7.98412e-14
7.98412e-14
7.98412e-14
7.98412e-14
7.98412e-14
5.78118e-19
0.00130177
0.00130177
0.00130177
0.00130177
0
0.00130177
0.00130177
0.00130177
0.00130177
0.00130177
0.00130177
0
7.2684e-12
0.00130177
0
0
0
0
0.00130177
0.00130177
5.53126e-06
5.53126e-06
0.0013018
0.0013018
0
0.00130177
5.53126e-06
7.2684e-12
0
0.0013018
7.98412e-14
7.54444e-17
0.0013018
0.00130177
5.53126e-06
8.77004e-16
0.00130177
0.00130177
5.53126e-06
0.00130177
0.00130137
0.0013018
0
0.00130177
0.0013018
0
0.00130177
0
0.00130177
0
0
0
0
0.00130177
0.0013018
0
0.00130177
0
0.00130177
0.00130177
0.00130177
8.77004e-16
0.0013018
0.00130177
9.53894e-18
0.00130177
0.00130177
0.00130177
5.53126e-06
0
0.00130177
0
0
0.0013018
0.0013018
0.00390538
5.53126e-06
0.00130177
0.0013018
0.00130177
0.00130177
0.00130177
6.02454e-08
0.00130177
0
8.77004e-16
0.00260358
0.00130177
0.00130177
8.77004e-16
5.53126e-06
8.77004e-16
0.00130177
0
0
0
5.53126e-06
5.53126e-06
0.00913411
3.2783e-10
0.00130177
0.00130177
9.53894e-18
0
0.00130177
0.00130177
7.98412e-14
7.98412e-14
0.00130177
1.79812e-06
0.0013018
5.53126e-06
0.00130177
4.69118e-11
0.00130177
0.0013018
0.00130177
0.00130177
0.00130177
0.0013018
6.61686e-10
0.00130178
0
0.00260357
7.2684e-12
0.00130177
0.00130177
5.53126e-06
0.00130177
7.98412e-14
0.00130177
0.00130177
0
0.00130177
0.0013018
6.02454e-08
0.00130177
0.0013018
0.00130177
0
0.00130177
5.53126e-06
7.98412e-14
0.0013018
0
0.0013018
0.00260358
5.53126e-06
0.00130177
0.0013018
0
0
0
0
7.98412e-14
0.00130177
4.69118e-11
6.61686e-10
0
0
0.00130177
5.53126e-06
0
0
0
3.27831e-10
0
0
0.00130177
0
0.00130177
0.00260358
0.0013018
8.77004e-16
0.00130177
0
8.77004e-16
0.0013018
0.00130177
0.0013018
0
0.00130181
6.61686e-10
5.63838e-15
0.00130177
6.02454e-08
0.00130177
0.00130177
7.98412e-14
0
0.00130177
0.0013018
7.2684e-12
0
0.00130177
8.77004e-16
0.0013018
0.00130177
0.00129894
0.00130177
0.00130177
0.00130177
0
0.00129894
0
7.98412e-14
0
0.00130177
0.00130177
0.0013018
0.00130177
2.5373e-13
0
0.0013018
0.00130177
0.00130177
0.0013018
0.00130177
0
0.00130177
1.97141e-08
0.00130177
0.00130177
5.53126e-06
0.00130177
0
0.00130177
0.0013018
0.0013018
0.00130177
0.00130177
0.0013018
0.00130177
0.00130177
5.53126e-06
0.00130177
0.00130177
9.53894e-18
0.00130159
5.53126e-06
0.00130177
5.53126e-06
0.00130177
0.00130177
0.00390539
0.00130181
0
0.0013018
7.98412e-14
0.00130168
0
0.00130177
0.00130177
5.63838e-15
0
5.78118e-19
0
0
6.02454e-08
0.00130177
6.61686e-10
0.00260359
5.53126e-06
0
0.00130177
0
0
2.56095e-07
6.02454e-08
0.00130177
0.00130177
0.00130177
0.00130177
7.98412e-14
0.00130177
0
7.2684e-12
0.00130177
0.00130177
5.53126e-06
0
0.00130177
0
7.2684e-12
0
5.53126e-06
0.00130177
5.63838e-15
0.00130177
0.00130177
0
0.00130177
0.00130177
0.0013018
0.00130177
5.53126e-06
0
0
0
0
0.00130177
0
0.00130177
0.00129972
0.0013018
6.02454e-08
0.0013018
0.00130177
0.00260358
0.00130177
0.0013018
7.2684e-12
0.00130177
8.77004e-16
7.05304e-17
0.00130177
0.00130177
0.00130177
0.00130177
0.00130177
0
0.0013018
0.00130177
0
0.0013018
0.00130177
0.00130177
4.27071e-09
5.53126e-06
0.00130177
0
0.0013018
0.00130177
1.03603e-12
0
0.00130159
0.00130178
0.00130177
0.00130177
5.53126e-06
0
0
0.00130177
0
0.00130177
0
0.00130177
0
0
0
5.53126e-06
7.98412e-14
5.53126e-06
0.00130177
0.00130177
7.2684e-12
0.0013018
0.00130177
0.00130177
0.00130181
1.99141e-08
3.2783e-10
0.00130177
0.0013018
0.0013018
0
0.0013018
0.00130177
0.00130177
7.98412e-14
7.05304e-17
5.53126e-06
5.53126e-06
0
0
5.78118e-19
0.00130177
0
6.02454e-08
0
0
0.0013018
6.02454e-08
0.00130177
0.00130177
0.00130177
0.00130177
0.00130177
0.00130177
0.00130177
0
0.00130177
0.00130177
0
0.0130148
7.98412e-14
0.0013018
0.00130177
0
0
0.00130177
0.00130177
0
7.98412e-14
0.0013018
0.00130177
0.00130136
0.0013018
0.00130177
0
7.98412e-14
0.0013018
7.98412e-14
0
0.00130176
0.0013018
0.00130177
2.00034e-10
0
0.00130177
0
0.00130177
0.00130177
0
0
0.00130177
0.00130177
0.00130177
0
0
0.00130177
0.00130177
0.00130177
0
7.98412e-14
0.00130177
0
0
0
0
0
6.02454e-08
0.0013018
0.00130177
5.53126e-06
0.00390539
0.00130177
7.2684e-12
0
5.53126e-06
6.61686e-10
7.98412e-14
0
6.61686e-10
0.00130177
0
0
0
0
0.00130177
0.0013018
0.00130177
0.0013018
7.2684e-12
0
0.00130177
0.0013018
4.25403e-09
0.00130178
0
5.63838e-15
0.0013018
0
0.00130177
0.00130177
0.00130177
7.98412e-14
0
5.53126e-06
0.00130177
0
0
0.0013018
0.00130177
6.02454e-08
0.00130136
5.53126e-06
6.02454e-08
0
0
0
0.0013018
0.00130177
0.00130177
0.00130177
0
0.0013018
0.00130177
0
0
0
0
0
0
0
0
0
0
6.02454e-08
0.00130177
8.77004e-16
5.53126e-06
0
0
0.00130177
0.00130177
0
0
0.0013018
0
0.00130177
0.00130177
0.00130177
0.00130177
0.00130177
0.00130177
0
0.0013018
0
6.02454e-08
0.00130177
0.00130177
0.00130177
0.00260359
3.2783e-10
0
0
0.00130177
7.98412e-14
0.00130177
0
0
0
0.00130177
0
0.00130177
7.2684e-12
0.00130177
7.2684e-12
0.0052072
8.77004e-16
0
7.98412e-14
0
0
0.0013018
0
0.00130177
0
0.00130177
0.0013018
8.77004e-16
0.0013018
9.53894e-18
0.00130177
6.55661e-10
0.0013018
1.15624e-18
0.0013018
0.00130177
1.97141e-08
0.0013018
0
0
0
0.00130177
0
8.77004e-16
0
0.0013018
0.00130177
0.0013018
0
0.00130177
0.00130177
0.0013018
7.2684e-12
0.0013018
7.98412e-14
0.00130177
0
0
0
0.00130177
0.0013018
5.53126e-06
0
0.00130177
0
3.2783e-10
0.00130177
0
0.00130177
2.05422e-06
0
0.00130177
6.61686e-10
5.53126e-06
0
0.00130177
0.00130177
0
0.00130177
0.00130177
5.53126e-06
0.00130177
0
0
0.00130177
0.00130177
0
8.77004e-16
0.00130177
0.0013018
0.00130177
0
0.00130177
0.0013018
5.53126e-06
0.0013018
0.00130177
0.00260358
0
0.00130177
0
0
0.00130177
0.00130177
0
0
6.02454e-08
0.00130177
0.00130177
7.98412e-14
0.00130177
0.00130177
0.00130177
0.0013018
0.00130177
7.98412e-14
7.98412e-14
7.98412e-14
0.00130177
0
7.2684e-12
0.00130177
0.00130177
2.9846e-08
5.53126e-06
0.00260359
1.24695e-08
0.00130177
5.53126e-06
0.00130177
6.02454e-08
5.53126e-06
6.61686e-10
5.53126e-06
5.53126e-06
0
0
0
2.00034e-10
0
0
0.00130177
0
0.0013018
0
0
0
0
0
0.0013018
0.00130177
7.83549e-07
0.00130177
0
0.00130177
0.00130177
0
0
8.77004e-16
7.98412e-14
7.98412e-14
0.00130177
0
7.98412e-14
0.00130177
0.00130177
0.00130177
0
0.0013018
3.2783e-10
0
0
0.0013018
0.00130177
0
0.00130177
8.77004e-16
0.00129913
0
0.00130177
0
0
0.00130177
0
6.02454e-08
0.00130177
0.0013018
0
0.00130177
0.0013018
0.00130177
1.93393e-07
0.00130177
4.27071e-09
0.00129894
7.2684e-12
0.00130177
0.00130177
0.00130177
0
1.97141e-08
0.0013018
0.00130177
5.53126e-06
0
0.00130177
0
0
0.0013018
0.00260359
0.00130177
0.00130177
7.2684e-12
0.00130177
0.0012992
0.00130177
0.00130177
7.98412e-14
0.0013018
6.02454e-08
0.00130177
0.0013018
1.03603e-12
0.00130177
0.00130177
0.00129894
0
0
0.00130177
0.0013018
2.5373e-13
6.02454e-08
6.02454e-08
0.00130177
0.00130177
0.00130177
0.00130177
0.00130177
0.00130177
0
0.00130177
0
0
0
9.53894e-18
0.00130177
0
0.00260358
0.00130181
0
0.00130177
0.0013018
0.00130177
0.0013018
0.00130177
6.02454e-08
5.53126e-06
7.98412e-14
7.2684e-12
0.00130177
6.02454e-08
0.0013018
0.00130177
0.0013018
0
7.05304e-17
0.00130177
0
0.00130177
0.00130177
3.2783e-10
6.02454e-08
0.00260358
0.00129894
2.53731e-13
5.53126e-06
0.00130178
0.00130177
0
0.00130177
0.00130177
0.00130177
0.00130177
0.00130177
0.00130177
0.00130177
0.00130177
6.61686e-10
0.00130177
0.00130177
3.03222e-05
0.00260359
0.00130177
5.78118e-19
0.00130177
7.98412e-14
0.00130177
0
7.98412e-14
0.00130177
6.61686e-10
0
0.00130177
0.00130177
0.00130177
0
0.00130177
0.0013018
0.0013018
5.53126e-06
6.02454e-08
0.0013018
0.00129602
0.0013018
0
8.77004e-16
8.77004e-16
8.77004e-16
8.77004e-16
0
0.00130177
0
0.0013018
0.0013018
0.00130177
8.77004e-16
8.77004e-16
8.77004e-16
8.77004e-16
6.02454e-08
0.00260359
0
0.00130177
0.00130177
0.0013018
0.00130177
0
0.00130177
0.00130177
5.53126e-06
7.83549e-07
0.00130177
0
0.00130177
6.61686e-10
0
0.00130177
0.00130177
0.00130177
0.00130177
0
0
1.15624e-18
0.00130177
7.98412e-14
6.02454e-08
0
0
0
0.00130177
0
7.2684e-12
0
0.00130177
0.00130177
0.00130177
0.00130177
0.00130177
5.53126e-06
5.53126e-06
0
0.00130177
7.98412e-14
0.00130181
0
0.0039054
0.00130177
0.00130177
4.914e-18
0
0
0.0013018
0
1.79812e-06
0.00130177
7.98412e-14
0.00130177
7.2684e-12
5.53126e-06
0.00130177
7.2684e-12
0.00130177
0.00260359
0.00130177
0.00130177
6.02454e-08
0.00130177
6.02454e-08
0.00130177
1.57621e-06
0.00130181
0.00130136
0.00130177
0
0.00130177
0.00130177
0.00130177
0.00130177
0.00260359
0.00130177
5.53126e-06
0
1.15624e-18
0
0.00130177
0.00130177
0.00130177
0.00130177
0.00260358
1.03603e-12
0.00130177
0.00130177
0.00130177
4.914e-18
0
0.00130177
6.02454e-08
0
0
0.00260358
0.0013018
0
3.27831e-10
0
0
5.53126e-06
0.00130177
0.00130159
0.00130177
0.0013018
0
0.00130177
1.93393e-07
8.77004e-16
0.00130177
0.00130177
0
5.53126e-06
0.00130177
0.00130177
0.00130177
1.24695e-08
0.00130177
0.0013018
1.07066e-08
2.5373e-13
0.00129894
0
0
0.00130177
7.98412e-14
5.53126e-06
0
0.00130177
0.00130177
0.00130177
1.15624e-18
0.00130177
0.00130177
0
0.00260358
0.00130177
7.2684e-12
5.53126e-06
0
5.53126e-06
5.53126e-06
4.27071e-09
0
0
0
0.00130177
0.0013018
0
5.53126e-06
0.00130177
0
0.0013018
0.00130177
0.0013018
0.00130177
0.00130177
0.00130177
1.15624e-18
0.00260358
8.77004e-16
0.00130177
7.98412e-14
6.61686e-10
2.5373e-13
0.00130177
0.0052072
0.0013018
0
0
0.00130181
0.00130177
0
0
0.0013018
0.00130177
0.00130177
0.00130177
7.98412e-14
0.0013018
9.53894e-18
4.914e-18
0.00129894
0
4.914e-18
8.77004e-16
3.27831e-10
0.0013018
0.0013018
0
7.2684e-12
0.00130177
5.53126e-06
0.00130177
4.69118e-11
0.00130177
0.0013017
0.00130178
0.0039054
0.00130181
0.0013018
0.00130177
0.00130177
6.02454e-08
0.00130177
0.00130177
0.00130177
0.0013018
0
0.00130177
5.53126e-06
0.0013018
0.00390538
0
0
0.0013018
0.00130177
0.00130159
0.00130177
6.02454e-08
6.02454e-08
6.02454e-08
6.02454e-08
5.78118e-19
0.0013018
0.0013018
0.0013018
0.00130177
7.16866e-17
5.53126e-06
0.0013018
4.69118e-11
0.00130177
0
0.00130177
0.00130177
0.00130177
0
0.00260359
0.0013018
3.27834e-10
1.07066e-08
0.00130177
1.93393e-07
0.00130177
0.00130177
0
0.00130177
5.53126e-06
5.53126e-06
0.00130177
0
0
0.0013018
0.00130177
0.00130177
4.25403e-09
0
0.00130177
0.0013018
0
0
0
0.00130177
0.00130177
1.15624e-18
0.00130177
0.00130177
0.0013018
0.00130177
6.02454e-08
0.00650781
2.9846e-08
1.07066e-08
2.9846e-08
3.27834e-10
3.01738e-08
3.27834e-10
0.00260358
0.00130177
0
0
0.0013018
0.0013018
2.1028e-09
1.57621e-06
7.05304e-17
0
0.00130177
0.00130177
0
7.98412e-14
0
5.53126e-06
0.00130177
0
0
0
0
0.00130177
0.00260359
0
0.0013018
0
0.00260365
0.00130177
0.00130177
0
0.00130177
0.0013018
0.00130177
0
0
0
0.00130181
0.00130177
0.00130177
0.00130177
2.5373e-13
7.2684e-12
0
0.00129894
5.78118e-19
5.78118e-19
2.56095e-07
0.00130159
0.00130177
0.0013018
3.27834e-10
0.00130177
0.00130177
0.00130177
0.00130177
0.00130177
0.00650899
0.00130177
0.00130177
0.00130177
0.00130177
0.00130177
0.00130177
