1	 0.00000	 0.00000	 0.00223	 1.00000
2	 0.00002	 0.00000	 0.00808	 1.00000
3	 0.99575	 0.00000	 1.00000	 1.00000
666893	 0.00001	 0.00000	 0.00404	 2.00000
759251	 1.00000	 0.00000	 1.00000	 1.00000
978741	 0.99575	 0.00000	 1.00000	 1.00000
1463111	 1.00000	 0.00000	 1.00000	 1.00000
3108351	 1.00000	 0.00000	 1.00000	 1.00000
3393781	 0.00002	 0.00000	 0.00808	 1.00000
4517951	 0.99995	 0.00000	 1.00000	 1.00000
8235612	 0.00002	 0.00000	 0.00808	 1.00000
12007872	 0.99940	 0.00000	 1.00000	 1.00000
12896172	 0.00002	 0.00000	 0.00808	 1.00000
13749282	 0.99575	 0.00000	 1.00000	 1.00000
14132503	 0.00002	 0.00000	 0.00808	 1.00000
14247924	 0.00002	 0.00000	 0.00808	 1.00000
14366386	 1.00000	 0.00000	 1.00000	 1.00000
14432176	 0.00002	 0.00000	 0.00808	 1.00000
14434063	 1.00000	 0.00000	 1.00000	 1.00000
14993272	 0.99575	 0.00000	 1.00000	 1.00000
15283484	 0.99575	 0.00000	 1.00000	 1.00000
15345563	 0.00002	 0.00000	 0.00808	 1.00000
15427912	 1.00000	 0.00000	 1.00000	 1.00000
15470514	 0.00002	 0.00000	 0.00808	 1.00000
15501326	 0.00001	 0.00000	 0.00404	 2.00000
15542226	 0.00000	 0.00000	 0.00223	 1.00000
15786332	 0.50110	 0.00000	 1.00000	 2.00000
15941226	 0.99575	 0.00000	 1.00000	 1.00000
16031185	 0.99999	 0.00000	 1.00000	 1.00000
16210388	 1.00000	 0.00000	 1.00000	 1.00000
16233448	 0.00000	 0.00000	 0.00223	 1.00000
16270415	 0.00001	 0.00000	 0.00404	 2.00000
16372832	 0.00002	 0.00000	 0.00808	 1.00000
16804541	 0.00002	 0.00000	 0.00808	 1.00000
16822681	 0.00000	 0.00000	 0.00223	 1.00000
17146560	 0.00002	 0.00000	 0.00808	 1.00000
17398510	 1.00000	 0.00000	 1.00000	 1.00000
17528683	 1.00000	 0.00000	 1.00000	 2.00000
17694306	 0.00002	 0.00000	 0.00808	 1.00000
18034923	 0.00002	 0.00000	 0.00808	 1.00000
18111605	 0.00000	 0.00000	 0.00044	 1.00000
18209314	 0.00002	 0.00000	 0.00808	 1.00000
18371238	 1.00000	 0.00000	 1.00000	 1.00000
18422538	 0.99995	 0.00000	 1.00000	 1.00000
18557458	 0.00002	 0.00000	 0.00808	 1.00000
18613988	 0.00002	 0.00000	 0.00808	 1.00000
18789285	 1.00000	 0.00000	 1.00000	 1.00000
18844955	 0.99575	 0.00000	 1.00000	 1.00000
19121098	 0.00000	 0.00000	 0.00223	 1.00000
19350230	 1.00000	 0.00000	 1.00000	 1.00000
19467392	 0.00002	 0.00000	 0.00808	 1.00000
19574947	 1.00000	 0.00000	 1.00000	 1.00000
19597460	 1.00000	 0.00000	 1.00000	 1.00000
19750998	 0.00001	 0.00000	 0.00390	 1.00000
19920823	 1.00000	 0.00000	 1.00000	 1.00000
19922357	 1.00000	 0.00000	 1.00000	 1.00000
19955376	 0.99575	 0.00000	 1.00000	 1.00000
20204796	 0.00002	 0.00000	 0.00808	 1.00000
20616198	 0.00002	 0.00000	 0.00808	 1.00000
20889358	 0.99879	 0.00000	 1.00000	 1.00000
20961189	 0.00002	 0.00000	 0.00808	 1.00000
21051380	 0.99575	 0.00000	 1.00000	 1.00000
21063595	 0.00002	 0.00000	 0.00808	 1.00000
21149162	 0.00002	 0.00000	 0.00808	 1.00000
21237679	 0.99995	 0.00000	 1.00000	 1.00000
21314314	 0.00002	 0.00000	 0.00808	 1.00000
21356492	 0.00000	 0.00000	 0.00223	 1.00000
21356555	 1.00000	 0.00000	 1.00000	 1.00000
21450106	 0.99575	 0.00000	 1.00000	 1.00000
21533462	 0.00002	 0.00000	 0.00808	 1.00000
21543751	 1.00000	 0.00000	 1.00000	 1.00000
21792170	 0.99575	 0.00000	 1.00000	 1.00000
21899643	 0.00002	 0.00000	 0.00808	 1.00000
21997211	 0.00002	 0.00000	 0.00808	 1.00000
22040252	 0.00002	 0.00000	 0.00808	 1.00000
22214198	 0.00002	 0.00000	 0.00808	 1.00000
22260296	 0.00002	 0.00000	 0.00808	 1.00000
22641061	 0.00002	 0.00000	 0.00808	 1.00000
22717757	 1.00000	 0.00000	 1.00000	 1.00000
22873554	 0.00002	 0.00000	 0.00808	 1.00000
22875037	 1.00000	 0.00000	 1.00000	 1.00000
22924291	 0.00000	 0.00000	 0.00223	 1.00000
23016348	 0.00002	 0.00000	 0.00808	 1.00000
23051490	 0.00002	 0.00000	 0.00808	 1.00000
23084977	 0.00000	 0.00000	 0.00223	 1.00000
23356283	 1.00000	 0.00000	 1.00000	 1.00000
23382447	 0.00002	 0.00000	 0.00808	 1.00000
23479954	 0.00002	 0.00000	 0.00808	 1.00000
23485848	 0.00001	 0.00000	 0.00404	 2.00000
23687301	 0.00002	 0.00000	 0.00808	 1.00000
23837667	 0.00000	 0.00000	 0.00223	 1.00000
23860063	 0.00000	 0.00000	 0.00223	 1.00000
24125045	 1.00000	 0.00000	 1.00000	 1.00000
24216744	 1.00000	 0.00000	 1.00000	 1.00000
24923433	 0.99575	 0.00000	 1.00000	 1.00000
25006277	 1.00000	 0.00000	 1.00000	 1.00000
25178041	 1.00000	 0.00000	 1.00000	 1.00000
25285450	 1.00000	 0.00000	 1.00000	 1.00000
25387393	 0.00000	 0.00000	 0.00223	 1.00000
25587936	 0.00002	 0.00000	 0.00808	 1.00000
25945980	 1.00000	 0.00000	 1.00000	 1.00000
27001391	 0.00002	 0.00000	 0.00808	 1.00000
27772492	 0.00002	 0.00000	 0.00808	 1.00000
27785930	 0.00002	 0.00000	 0.00808	 1.00000
27973393	 0.99995	 0.00000	 1.00000	 1.00000
28009377	 0.00002	 0.00000	 0.00808	 1.00000
28403414	 1.00000	 0.00000	 1.00000	 1.00000
28461146	 1.00000	 0.00000	 1.00000	 2.00000
28534205	 0.00000	 0.00000	 0.00223	 1.00000
28696273	 0.00002	 0.00000	 0.00808	 1.00000
28774609	 0.00000	 0.00000	 0.00111	 1.00000
28910203	 0.00000	 0.00000	 0.00223	 1.00000
29826440	 0.00002	 0.00000	 0.00808	 1.00000
29904592	 0.00002	 0.00000	 0.00808	 1.00000
30240712	 0.99995	 0.00000	 1.00000	 1.00000
30369661	 1.00000	 0.00000	 1.00000	 1.00000
30508936	 0.00002	 0.00000	 0.00808	 1.00000
30609689	 0.00002	 0.00000	 0.00808	 1.00000
30644500	 1.00000	 0.00000	 1.00000	 1.00000
31008542	 0.00002	 0.00000	 0.00808	 1.00000
31168189	 0.00000	 0.00000	 0.00223	 1.00000
31288110	 0.00002	 0.00000	 0.00808	 1.00000
31575939	 0.00002	 0.00000	 0.00808	 1.00000
31971828	 0.00002	 0.00000	 0.00808	 1.00000
32029132	 0.99575	 0.00000	 1.00000	 1.00000
32495439	 0.99995	 0.00000	 1.00000	 1.00000
32877018	 0.00002	 0.00000	 0.00808	 1.00000
33017812	 1.00000	 0.00000	 1.00000	 1.00000
33230785	 1.00000	 0.00000	 1.00000	 1.00000
33683283	 1.00000	 0.00000	 1.00000	 1.00000
33981571	 0.00002	 0.00000	 0.00808	 1.00000
34144959	 0.00000	 0.00000	 0.00082	 2.00000
34493952	 0.99995	 0.00000	 1.00000	 1.00000
34824846	 1.00000	 0.00000	 1.00000	 1.00000
35216825	 1.00000	 0.00000	 1.00000	 1.00000
35271925	 0.99575	 0.00000	 1.00000	 1.00000
35274824	 1.00000	 0.00000	 1.00000	 1.00000
35559041	 0.00000	 0.00000	 0.00158	 1.00000
36046325	 1.00000	 0.00000	 1.00000	 1.00000
36603872	 0.00002	 0.00000	 0.00808	 1.00000
36707431	 0.99995	 0.00000	 1.00000	 1.00000
36831201	 0.00000	 0.00000	 0.00223	 1.00000
36855964	 1.00000	 0.00000	 1.00000	 1.00000
37025524	 0.99575	 0.00000	 1.00000	 1.00000
37521325	 1.00000	 0.00000	 1.00000	 1.00000
38644197	 0.00000	 0.00000	 0.00223	 1.00000
38955690	 1.00000	 0.00000	 1.00000	 1.00000
39076082	 0.00002	 0.00000	 0.00808	 1.00000
39563453	 0.00002	 0.00000	 0.00808	 1.00000
39584513	 0.99995	 0.00000	 1.00000	 1.00000
40334543	 0.00002	 0.00000	 0.00808	 1.00000
40481481	 0.00002	 0.00000	 0.00808	 1.00000
40708919	 0.00002	 0.00000	 0.00808	 1.00000
40904965	 1.00000	 0.00000	 1.00000	 1.00000
41806188	 0.00001	 0.00000	 0.00296	 2.00000
42681790	 1.00000	 0.00000	 1.00000	 1.00000
43196022	 0.00002	 0.00000	 0.00808	 1.00000
43387220	 1.00000	 0.00000	 1.00000	 1.00000
44260891	 1.00000	 0.00000	 1.00000	 1.00000
44424185	 0.00001	 0.00000	 0.00296	 2.00000
44489520	 0.00002	 0.00000	 0.00808	 1.00000
45428374	 0.00002	 0.00000	 0.00808	 1.00000
45504625	 0.00000	 0.00000	 0.00044	 1.00000
46022512	 0.00002	 0.00000	 0.00808	 1.00000
46195585	 1.00000	 0.00000	 1.00000	 1.00000
47560583	 0.00002	 0.00000	 0.00808	 1.00000
47640654	 0.46623	 0.00000	 1.00000	 2.00000
47900566	 1.00000	 0.00000	 1.00000	 1.00000
48480495	 1.00000	 0.00000	 1.00000	 1.00000
48821169	 1.00000	 0.00000	 1.00000	 1.00000
48866739	 0.99575	 0.00000	 1.00000	 1.00000
48919285	 1.00000	 0.00000	 1.00000	 1.00000
49064060	 1.00000	 0.00000	 1.00000	 1.00000
49094502	 1.00000	 0.00000	 1.00000	 1.00000
49363929	 0.00002	 0.00000	 0.00808	 1.00000
49380679	 1.00000	 0.00000	 1.00000	 1.00000
49393232	 0.99575	 0.00000	 1.00000	 1.00000
49817093	 0.00001	 0.00000	 0.00346	 2.00000
50295201	 0.00000	 0.00000	 0.00223	 1.00000
50858455	 1.00000	 0.00000	 1.00000	 1.00000
50934748	 0.99999	 0.00000	 1.00000	 1.00000
53286259	 0.99575	 0.00000	 1.00000	 1.00000
53400136	 0.00002	 0.00000	 0.00808	 1.00000
54773913	 0.00002	 0.00000	 0.00808	 1.00000
54935632	 1.00000	 0.00000	 1.00000	 1.00000
54951528	 1.00000	 0.00000	 1.00000	 1.00000
55398808	 0.00002	 0.00000	 0.00808	 1.00000
55862002	 0.00002	 0.00000	 0.00808	 1.00000
55957953	 1.00000	 0.00000	 1.00000	 1.00000
57005415	 1.00000	 0.00000	 1.00000	 1.00000
57058641	 0.99995	 0.00000	 1.00000	 1.00000
57385693	 0.00002	 0.00000	 0.00808	 1.00000
57764851	 0.00000	 0.00000	 0.00223	 1.00000
58810973	 0.00002	 0.00000	 0.00808	 1.00000
59494483	 1.00000	 0.00000	 1.00000	 1.00000
59535892	 1.00000	 0.00000	 1.00000	 1.00000
60448759	 1.00000	 0.00000	 1.00000	 1.00000
61350866	 0.99995	 0.00000	 1.00000	 1.00000
61735353	 0.00002	 0.00000	 0.00808	 1.00000
61776465	 0.00002	 0.00000	 0.00808	 1.00000
61885589	 0.99575	 0.00000	 1.00000	 1.00000
62823229	 1.00000	 0.00000	 1.00000	 1.00000
62829146	 0.00001	 0.00000	 0.00286	 2.00000
62928766	 0.00002	 0.00000	 0.00808	 1.00000
63843485	 1.00000	 0.00000	 1.00000	 1.00000
64290676	 0.00000	 0.00000	 0.00223	 1.00000
64321697	 0.99575	 0.00000	 1.00000	 1.00000
64408317	 0.93246	 0.00000	 1.00000	 1.00000
64476100	 0.00002	 0.00000	 0.00808	 1.00000
64731945	 0.99995	 0.00000	 1.00000	 1.00000
64925480	 1.00000	 0.00000	 1.00000	 1.00000
65075709	 0.00002	 0.00000	 0.00808	 1.00000
65233495	 0.00000	 0.00000	 0.00223	 1.00000
66141008	 0.00002	 0.00000	 0.00808	 1.00000
66542737	 0.00002	 0.00000	 0.00808	 1.00000
66722060	 1.00000	 0.00000	 1.00000	 1.00000
67503749	 1.00000	 0.00000	 1.00000	 1.00000
68543202	 1.00000	 0.00000	 1.00000	 1.00000
70104455	 1.00000	 0.00000	 1.00000	 1.00000
70298551	 1.00000	 0.00000	 1.00000	 1.00000
71926170	 0.00002	 0.00000	 0.00808	 1.00000
72346578	 1.00000	 0.00000	 1.00000	 1.00000
72684249	 1.00000	 0.00000	 1.00000	 1.00000
72966788	 0.00002	 0.00000	 0.00808	 1.00000
73163090	 0.99995	 0.00000	 1.00000	 1.00000
73251712	 0.00002	 0.00000	 0.00808	 1.00000
74020768	 1.00000	 0.00000	 1.00000	 1.00000
75437441	 0.00002	 0.00000	 0.00808	 1.00000
76514412	 0.99575	 0.00000	 1.00000	 1.00000
76636688	 1.00000	 0.00000	 1.00000	 1.00000
76855943	 0.00000	 0.00000	 0.00129	 1.00000
79590446	 0.00002	 0.00000	 0.00808	 1.00000
79939566	 1.00000	 0.00000	 1.00000	 1.00000
80892130	 0.98836	 0.00000	 1.00000	 2.00000
81280305	 1.00000	 0.00000	 1.00000	 1.00000
81445091	 1.00000	 0.00000	 1.00000	 1.00000
82800544	 0.00002	 0.00000	 0.00808	 1.00000
83711992	 0.99995	 0.00000	 1.00000	 1.00000
84960857	 0.00002	 0.00000	 0.00808	 1.00000
85066655	 1.00000	 0.00000	 1.00000	 1.00000
86002401	 0.00002	 0.00000	 0.00808	 1.00000
88287944	 0.00002	 0.00000	 0.00808	 1.00000
88459400	 0.00002	 0.00000	 0.00808	 1.00000
88467528	 0.00002	 0.00000	 0.00808	 1.00000
88520998	 0.00000	 0.00000	 0.00223	 1.00000
88539966	 0.99575	 0.00000	 1.00000	 1.00000
91237627	 0.00002	 0.00000	 0.00808	 1.00000
91453718	 0.00002	 0.00000	 0.00808	 1.00000
92708877	 0.00002	 0.00000	 0.00808	 1.00000
93189340	 0.00000	 0.00000	 0.00223	 1.00000
94991572	 0.00002	 0.00000	 0.00808	 1.00000
95555223	 1.00000	 0.00000	 1.00000	 1.00000
97047728	 0.00002	 0.00000	 0.00808	 1.00000
97576122	 0.00000	 0.00000	 0.00223	 1.00000
97633280	 1.00000	 0.00000	 1.00000	 1.00000
97793731	 0.00002	 0.00000	 0.00808	 1.00000
97797825	 1.00000	 0.00000	 1.00000	 1.00000
100849636	 0.00002	 0.00000	 0.00808	 1.00000
102563306	 1.00000	 0.00000	 1.00000	 1.00000
105232611	 1.00000	 0.00000	 1.00000	 1.00000
107237287	 1.00000	 0.00000	 1.00000	 1.00000
107562348	 0.00000	 0.00000	 0.00223	 1.00000
109364382	 0.00002	 0.00000	 0.00808	 1.00000
110263832	 1.00000	 0.00000	 1.00000	 1.00000
111007227	 0.93246	 0.00000	 1.00000	 1.00000
111990519	 1.00000	 0.00000	 1.00000	 1.00000
112238167	 1.00000	 0.00000	 1.00000	 1.00000
112902058	 1.00000	 0.00000	 1.00000	 1.00000
113243806	 0.00002	 0.00000	 0.00808	 1.00000
116198288	 0.00000	 0.00000	 0.00044	 1.00000
116504222	 0.00002	 0.00000	 0.00808	 1.00000
119443804	 1.00000	 0.00000	 1.00000	 1.00000
120602898	 1.00000	 0.00000	 1.00000	 1.00000
121287538	 1.00000	 0.00000	 1.00000	 1.00000
124144602	 0.00000	 0.00000	 0.00223	 1.00000
124578114	 1.00000	 0.00000	 1.00000	 1.00000
125699508	 1.00000	 0.00000	 1.00000	 1.00000
125991454	 1.00000	 0.00000	 1.00000	 1.00000
128082323	 0.00002	 0.00000	 0.00808	 1.00000
128118246	 0.00002	 0.00000	 0.00808	 1.00000
128641320	 0.00002	 0.00000	 0.00808	 1.00000
129988166	 0.00002	 0.00000	 0.00808	 1.00000
130794511	 0.00002	 0.00000	 0.00808	 1.00000
130921198	 1.00000	 0.00000	 1.00000	 1.00000
131200020	 1.00000	 0.00000	 1.00000	 1.00000
132307995	 0.00000	 0.00000	 0.00223	 1.00000
132482815	 0.00002	 0.00000	 0.00808	 1.00000
133893157	 0.00002	 0.00000	 0.00808	 1.00000
134460106	 0.00002	 0.00000	 0.00808	 1.00000
134507326	 1.00000	 0.00000	 1.00000	 1.00000
134959712	 0.99995	 0.00000	 1.00000	 1.00000
135092899	 0.00001	 0.00000	 0.00404	 2.00000
135376922	 0.00017	 0.00000	 0.02147	 1.00000
136296636	 0.00000	 0.00000	 0.00223	 1.00000
137448208	 1.00000	 0.00000	 1.00000	 1.00000
138236592	 0.00000	 0.00000	 0.00111	 1.00000
140384540	 1.00000	 0.00000	 1.00000	 1.00000
142067146	 0.00000	 0.00000	 0.00223	 1.00000
144189766	 0.00002	 0.00000	 0.00808	 1.00000
150653567	 0.99575	 0.00000	 1.00000	 1.00000
157918768	 0.00002	 0.00000	 0.00808	 1.00000
159163352	 0.00002	 0.00000	 0.00808	 1.00000
162491255	 1.00000	 0.00000	 1.00000	 1.00000
163774609	 1.00000	 0.00000	 1.00000	 1.00000
165145111	 0.00000	 0.00000	 0.00223	 1.00000
165465546	 0.99575	 0.00000	 1.00000	 1.00000
166754564	 0.00000	 0.00000	 0.00223	 1.00000
167305932	 1.00000	 0.00000	 1.00000	 1.00000
169985197	 1.00000	 0.00000	 1.00000	 1.00000
170736216	 1.00000	 0.00000	 1.00000	 1.00000
171798895	 1.00000	 0.00000	 1.00000	 1.00000
173249499	 0.00002	 0.00000	 0.00808	 1.00000
173479473	 1.00000	 0.00000	 1.00000	 1.00000
174839732	 1.00000	 0.00000	 1.00000	 1.00000
175422625	 0.00002	 0.00000	 0.00808	 1.00000
176156892	 0.00002	 0.00000	 0.00808	 1.00000
177087665	 0.00000	 0.00000	 0.00223	 1.00000
179700715	 0.00001	 0.00000	 0.00404	 2.00000
180619848	 0.99995	 0.00000	 1.00000	 1.00000
180965632	 1.00000	 0.00000	 1.00000	 1.00000
182505017	 0.33406	 0.00000	 0.87885	 3.00000
183268305	 0.00002	 0.00000	 0.00808	 1.00000
186278633	 0.00002	 0.00000	 0.00808	 1.00000
187595854	 0.00002	 0.00000	 0.00808	 1.00000
188040212	 0.00002	 0.00000	 0.00808	 1.00000
190044015	 0.00002	 0.00000	 0.00808	 1.00000
190319515	 1.00000	 0.00000	 1.00000	 1.00000
190499664	 0.00002	 0.00000	 0.00808	 1.00000
190575877	 0.99575	 0.00000	 1.00000	 1.00000
191538028	 0.00002	 0.00000	 0.00808	 1.00000
194824088	 0.00002	 0.00000	 0.00808	 1.00000
196669323	 0.99995	 0.00000	 1.00000	 1.00000
198253165	 1.00000	 0.00000	 1.00000	 1.00000
199636296	 0.00002	 0.00000	 0.00808	 1.00000
201532288	 0.00002	 0.00000	 0.00808	 1.00000
204441048	 0.00002	 0.00000	 0.00808	 1.00000
204939715	 0.00000	 0.00000	 0.00223	 1.00000
205208302	 1.00000	 0.00000	 1.00000	 1.00000
205877676	 1.00000	 0.00000	 1.00000	 1.00000
206550591	 1.00000	 0.00000	 1.00000	 1.00000
208549449	 0.00002	 0.00000	 0.00808	 1.00000
210235686	 0.00002	 0.00000	 0.00808	 1.00000
214131069	 0.00002	 0.00000	 0.00808	 1.00000
214643291	 1.00000	 0.00000	 1.00000	 1.00000
215154964	 0.00002	 0.00000	 0.00808	 1.00000
215475487	 1.00000	 0.00000	 1.00000	 1.00000
216123608	 0.00002	 0.00000	 0.00808	 1.00000
216587627	 0.99995	 0.00000	 1.00000	 1.00000
216788638	 0.00000	 0.00000	 0.00223	 1.00000
217504935	 1.00000	 0.00000	 1.00000	 1.00000
218305050	 0.00000	 0.00000	 0.00223	 1.00000
219060645	 1.00000	 0.00000	 1.00000	 1.00000
219250404	 1.00000	 0.00000	 1.00000	 1.00000
219250960	 1.00000	 0.00000	 1.00000	 1.00000
219252749	 1.00000	 0.00000	 1.00000	 1.00000
219252939	 1.00000	 0.00000	 1.00000	 1.00000
219253172	 1.00000	 0.00000	 1.00000	 1.00000
219253588	 1.00000	 0.00000	 1.00000	 1.00000
219254190	 1.00000	 0.00000	 1.00000	 1.00000
220251523	 1.00000	 0.00000	 1.00000	 1.00000
221609294	 0.00002	 0.00000	 0.00808	 1.00000
221612917	 0.00002	 0.00000	 0.00808	 1.00000
221780826	 0.00002	 0.00000	 0.00808	 1.00000
221852815	 0.00002	 0.00000	 0.00808	 1.00000
222242894	 1.00000	 0.00000	 1.00000	 1.00000
223681368	 0.00002	 0.00000	 0.00808	 1.00000
227315294	 0.00002	 0.00000	 0.00808	 1.00000
227362599	 0.00002	 0.00000	 0.00808	 1.00000
227410667	 0.00002	 0.00000	 0.00808	 1.00000
228134082	 0.00002	 0.00000	 0.00808	 1.00000
228141402	 0.00002	 0.00000	 0.00808	 1.00000
228156734	 1.00000	 0.00000	 1.00000	 1.00000
228855824	 1.00000	 0.00000	 1.00000	 1.00000
229713280	 0.00002	 0.00000	 0.00808	 1.00000
229992790	 1.00000	 0.00000	 1.00000	 1.00000
230454700	 1.00000	 0.00000	 1.00000	 1.00000
230673965	 1.00000	 0.00000	 1.00000	 1.00000
232769907	 1.00000	 0.00000	 1.00000	 1.00000
233042708	 0.00002	 0.00000	 0.00808	 1.00000
237862156	 0.00002	 0.00000	 0.00808	 1.00000
238898057	 0.99575	 0.00000	 1.00000	 1.00000
239360845	 0.99575	 0.00000	 1.00000	 1.00000
240504212	 0.00000	 0.00000	 0.00223	 1.00000
240923196	 0.00000	 0.00000	 0.00223	 1.00000
242482757	 1.00000	 0.00000	 1.00000	 1.00000
242577651	 0.00002	 0.00000	 0.00808	 1.00000
243331278	 0.99575	 0.00000	 1.00000	 1.00000
243912778	 1.00000	 0.00000	 1.00000	 1.00000
244355354	 1.00000	 0.00000	 1.00000	 1.00000
245158105	 0.00000	 0.00000	 0.00223	 1.00000
246590464	 1.00000	 0.00000	 1.00000	 1.00000
249690709	 1.00000	 0.00000	 1.00000	 2.00000
249832494	 0.00000	 0.00000	 0.00223	 1.00000
249846613	 0.00002	 0.00000	 0.00808	 1.00000
250184352	 0.99575	 0.00000	 1.00000	 1.00000
251968824	 1.00000	 0.00000	 1.00000	 1.00000
253838052	 0.00002	 0.00000	 0.00808	 1.00000
255014229	 0.00002	 0.00000	 0.00808	 1.00000
255255722	 0.99575	 0.00000	 1.00000	 1.00000
255718502	 0.00002	 0.00000	 0.00808	 1.00000
256780164	 0.66678	 0.00000	 1.00000	 3.00000
258133070	 0.00000	 0.00000	 0.00111	 1.00000
258958072	 1.00000	 0.00000	 1.00000	 1.00000
260076391	 0.00002	 0.00000	 0.00808	 1.00000
260819116	 0.00000	 0.00000	 0.00158	 1.00000
261048107	 1.00000	 0.00000	 1.00000	 1.00000
262524638	 0.00002	 0.00000	 0.00808	 1.00000
262775854	 1.00000	 0.00000	 1.00000	 1.00000
262882371	 0.00002	 0.00000	 0.00808	 1.00000
265271953	 1.00000	 0.00000	 1.00000	 1.00000
265664887	 1.00000	 0.00000	 1.00000	 1.00000
266989727	 1.00000	 0.00000	 1.00000	 1.00000
267839944	 1.00000	 0.00000	 1.00000	 2.00000
268482867	 0.00002	 0.00000	 0.00808	 1.00000
269487992	 0.00000	 0.00000	 0.00223	 1.00000
270263265	 1.00000	 0.00000	 1.00000	 1.00000
271074488	 0.00002	 0.00000	 0.00808	 1.00000
272250791	 1.00000	 0.00000	 1.00000	 1.00000
273190130	 0.00002	 0.00000	 0.00808	 1.00000
274422511	 0.00002	 0.00000	 0.00808	 1.00000
275651065	 0.00002	 0.00000	 0.00808	 1.00000
276316683	 1.00000	 0.00000	 1.00000	 1.00000
276532187	 0.00000	 0.00000	 0.00223	 1.00000
276704821	 0.00002	 0.00000	 0.00808	 1.00000
278030569	 1.00000	 0.00000	 1.00000	 1.00000
279134171	 0.00002	 0.00000	 0.00808	 1.00000
280172113	 0.00002	 0.00000	 0.00808	 1.00000
280513912	 0.00002	 0.00000	 0.00808	 1.00000
281667926	 0.99575	 0.00000	 1.00000	 1.00000
282281380	 1.00000	 0.00000	 1.00000	 1.00000
284049839	 0.00002	 0.00000	 0.00808	 1.00000
285068866	 1.00000	 0.00000	 1.00000	 1.00000
285957240	 1.00000	 0.00000	 1.00000	 1.00000
288254085	 0.00000	 0.00000	 0.00223	 1.00000
288837868	 0.00000	 0.00000	 0.00223	 1.00000
288931091	 0.00001	 0.00000	 0.00269	 3.00000
289063865	 0.99575	 0.00000	 1.00000	 1.00000
290720646	 0.00002	 0.00000	 0.00808	 1.00000
290874745	 0.00000	 0.00000	 0.00223	 1.00000
291832799	 0.00002	 0.00000	 0.00808	 1.00000
292732274	 0.00002	 0.00000	 0.00808	 1.00000
295738132	 0.00002	 0.00000	 0.00808	 1.00000
296038013	 0.99995	 0.00000	 1.00000	 1.00000
298758408	 0.00002	 0.00000	 0.00808	 1.00000
299893741	 1.00000	 0.00000	 1.00000	 1.00000
304133662	 1.00000	 0.00000	 1.00000	 1.00000
304140582	 0.00001	 0.00000	 0.00404	 2.00000
306539030	 0.00002	 0.00000	 0.00808	 1.00000
309685354	 0.00002	 0.00000	 0.00808	 1.00000
310538494	 1.00000	 0.00000	 1.00000	 1.00000
313421375	 0.99575	 0.00000	 1.00000	 1.00000
313591162	 1.00000	 0.00000	 1.00000	 1.00000
313621379	 0.00002	 0.00000	 0.00808	 1.00000
314024921	 1.00000	 0.00000	 1.00000	 1.00000
314259711	 1.00000	 0.00000	 1.00000	 1.00000
314931816	 1.00000	 0.00000	 1.00000	 1.00000
315885790	 0.99575	 0.00000	 1.00000	 1.00000
315914797	 0.99575	 0.00000	 1.00000	 1.00000
315994858	 0.36214	 0.06997	 0.65431	 11.00000
316116530	 1.00000	 0.00000	 1.00000	 1.00000
317907582	 0.00002	 0.00000	 0.00808	 1.00000
320046092	 0.00002	 0.00000	 0.00808	 1.00000
320560300	 1.00000	 0.00000	 1.00000	 1.00000
321315235	 1.00000	 0.00000	 1.00000	 1.00000
321760414	 0.00002	 0.00000	 0.00808	 1.00000
322282526	 0.00002	 0.00000	 0.00808	 1.00000
324706106	 1.00000	 0.00000	 1.00000	 1.00000
325280206	 1.00000	 0.00000	 1.00000	 1.00000
325862777	 0.00002	 0.00000	 0.00808	 1.00000
326221932	 0.99862	 0.00000	 1.00000	 1.00000
329141413	 0.00000	 0.00000	 0.00223	 1.00000
329195365	 0.99575	 0.00000	 1.00000	 1.00000
330109951	 0.00002	 0.00000	 0.00808	 1.00000
331890004	 1.00000	 0.00000	 1.00000	 1.00000
332086871	 0.00002	 0.00000	 0.00808	 1.00000
332428875	 0.00000	 0.00000	 0.00223	 1.00000
333761856	 0.00002	 0.00000	 0.00808	 1.00000
334626794	 0.00002	 0.00000	 0.00808	 1.00000
337398572	 0.00002	 0.00000	 0.00808	 1.00000
339821379	 0.00000	 0.00000	 0.00223	 1.00000
339969174	 1.00000	 0.00000	 1.00000	 1.00000
340355500	 0.00002	 0.00000	 0.00672	 1.00000
342422999	 1.00000	 0.00000	 1.00000	 1.00000
344811563	 0.00002	 0.00000	 0.00477	 2.00000
345415088	 1.00000	 0.00000	 1.00000	 1.00000
345592846	 0.00002	 0.00000	 0.00808	 1.00000
345650937	 0.00002	 0.00000	 0.00808	 1.00000
347573501	 0.99575	 0.00000	 1.00000	 1.00000
348247367	 0.00002	 0.00000	 0.00808	 1.00000
349641506	 1.00000	 0.00000	 1.00000	 1.00000
350647841	 0.00002	 0.00000	 0.00808	 1.00000
352367157	 0.00002	 0.00000	 0.00808	 1.00000
354583267	 1.00000	 0.00000	 1.00000	 1.00000
355458302	 0.00002	 0.00000	 0.00808	 1.00000
357528269	 0.00000	 0.00000	 0.00223	 1.00000
357754274	 0.99995	 0.00000	 1.00000	 1.00000
359257346	 0.00002	 0.00000	 0.00808	 1.00000
360209216	 0.00000	 0.00000	 0.00223	 1.00000
360574121	 0.00002	 0.00000	 0.00808	 1.00000
362318561	 1.00000	 0.00000	 1.00000	 1.00000
362939553	 0.00002	 0.00000	 0.00808	 1.00000
363268180	 0.99575	 0.00000	 1.00000	 1.00000
363405423	 1.00000	 0.00000	 1.00000	 1.00000
364307547	 0.00000	 0.00000	 0.00223	 1.00000
365214457	 1.00000	 0.00000	 1.00000	 1.00000
367638912	 0.00000	 0.00000	 0.00158	 1.00000
368895138	 0.00001	 0.00000	 0.00404	 2.00000
369214755	 0.99575	 0.00000	 1.00000	 1.00000
369844120	 0.00002	 0.00000	 0.00808	 1.00000
370340379	 0.00000	 0.00000	 0.00223	 1.00000
370354643	 1.00000	 0.00000	 1.00000	 2.00000
371719848	 1.00000	 0.00000	 1.00000	 1.00000
372193908	 1.00000	 0.00000	 1.00000	 1.00000
372999079	 1.00000	 0.00000	 1.00000	 1.00000
373403084	 1.00000	 0.00000	 1.00000	 1.00000
374075080	 0.00002	 0.00000	 0.00808	 1.00000
374304322	 1.00000	 0.00000	 1.00000	 1.00000
375893545	 1.00000	 0.00000	 1.00000	 1.00000
377902961	 1.00000	 0.00000	 1.00000	 1.00000
378105203	 1.00000	 0.00000	 1.00000	 1.00000
378844127	 0.00002	 0.00000	 0.00808	 1.00000
379824602	 0.99575	 0.00000	 1.00000	 1.00000
381181221	 1.00000	 0.00000	 1.00000	 1.00000
381212420	 1.00000	 0.00000	 1.00000	 1.00000
381314077	 1.00000	 0.00000	 1.00000	 1.00000
383753164	 1.00000	 0.00000	 1.00000	 1.00000
384005220	 1.00000	 0.00000	 1.00000	 1.00000
384035399	 1.00000	 0.00000	 1.00000	 1.00000
385167969	 0.00002	 0.00000	 0.00808	 1.00000
385598858	 1.00000	 0.00000	 1.00000	 1.00000
389987139	 0.00002	 0.00000	 0.00808	 1.00000
394392730	 0.00001	 0.00000	 0.00404	 2.00000
395500653	 0.00000	 0.00000	 0.00223	 1.00000
396125147	 1.00000	 0.00000	 1.00000	 1.00000
401522244	 0.00002	 0.00000	 0.00808	 1.00000
401796971	 1.00000	 0.00000	 1.00000	 1.00000
403777479	 1.00000	 0.00000	 1.00000	 1.00000
403803805	 0.00000	 0.00000	 0.00223	 1.00000
403821436	 0.00002	 0.00000	 0.00808	 1.00000
404411314	 0.00000	 0.00000	 0.00223	 1.00000
406832944	 1.00000	 0.00000	 1.00000	 1.00000
409492754	 0.00000	 0.00000	 0.00044	 1.00000
410135192	 1.00000	 0.00000	 1.00000	 1.00000
410313167	 1.00000	 0.00000	 1.00000	 1.00000
411733595	 0.00002	 0.00000	 0.00808	 1.00000
413603991	 0.99995	 0.00000	 1.00000	 1.00000
415169910	 0.00002	 0.00000	 0.00808	 1.00000
417301762	 0.00002	 0.00000	 0.00808	 1.00000
421081811	 1.00000	 0.00000	 1.00000	 1.00000
428031272	 1.00000	 0.00000	 1.00000	 1.00000
429989368	 0.00002	 0.00000	 0.00808	 1.00000
430269849	 0.00000	 0.00000	 0.00223	 1.00000
430441399	 1.00000	 0.00000	 1.00000	 1.00000
430778848	 1.00000	 0.00000	 1.00000	 1.00000
430794222	 0.00002	 0.00000	 0.00808	 1.00000
431764167	 1.00000	 0.00000	 1.00000	 1.00000
433014039	 0.00000	 0.00000	 0.00223	 1.00000
434497796	 0.00002	 0.00000	 0.00808	 1.00000
434746776	 0.50110	 0.00000	 1.00000	 2.00000
436839080	 0.00002	 0.00000	 0.00808	 1.00000
437022709	 0.00002	 0.00000	 0.00808	 1.00000
437969311	 0.00002	 0.00000	 0.00808	 1.00000
439593004	 1.00000	 0.00000	 1.00000	 1.00000
445811224	 0.50110	 0.00000	 1.00000	 2.00000
446352213	 1.00000	 0.00000	 1.00000	 1.00000
446815492	 1.00000	 0.00000	 1.00000	 1.00000
449580615	 1.00000	 0.00000	 1.00000	 1.00000
451800982	 0.00002	 0.00000	 0.00808	 1.00000
453670580	 0.00002	 0.00000	 0.00808	 1.00000
456120823	 0.00000	 0.00000	 0.00223	 1.00000
456364218	 0.00002	 0.00000	 0.00808	 1.00000
456775778	 1.00000	 0.00000	 1.00000	 1.00000
457214356	 1.00000	 0.00000	 1.00000	 1.00000
458085775	 0.00000	 0.00000	 0.00223	 1.00000
458124665	 0.00002	 0.00000	 0.00808	 1.00000
460252983	 0.00002	 0.00000	 0.00808	 1.00000
461533861	 0.00000	 0.00000	 0.00223	 1.00000
461646101	 0.00002	 0.00000	 0.00808	 1.00000
461677954	 1.00000	 0.00000	 1.00000	 1.00000
465821423	 0.00002	 0.00000	 0.00808	 1.00000
469381281	 0.99998	 0.00000	 1.00000	 1.00000
469541278	 0.00002	 0.00000	 0.00808	 1.00000
469580025	 0.00002	 0.00000	 0.00808	 1.00000
469944668	 0.99575	 0.00000	 1.00000	 1.00000
470847932	 0.00002	 0.00000	 0.00808	 1.00000
478387478	 1.00000	 0.00000	 1.00000	 1.00000
480605885	 0.00002	 0.00000	 0.00808	 1.00000
480901401	 0.00000	 0.00000	 0.00223	 1.00000
481099687	 0.00000	 0.00000	 0.00223	 1.00000
485903965	 0.00002	 0.00000	 0.00808	 1.00000
487191523	 0.00002	 0.00000	 0.00808	 1.00000
494619030	 0.00000	 0.00000	 0.00223	 1.00000
496321332	 0.00002	 0.00000	 0.00808	 1.00000
497567786	 0.00002	 0.00000	 0.00808	 1.00000
498479642	 0.99575	 0.00000	 1.00000	 1.00000
498984206	 0.00002	 0.00000	 0.00808	 1.00000
499234484	 0.00002	 0.00000	 0.00808	 1.00000
499365298	 1.00000	 0.00000	 1.00000	 1.00000
502225187	 0.00017	 0.00000	 0.02147	 1.00000
505010709	 0.99575	 0.00000	 1.00000	 1.00000
505064522	 0.00002	 0.00000	 0.00808	 1.00000
509430719	 0.99575	 0.00000	 1.00000	 1.00000
514156852	 0.00002	 0.00000	 0.00808	 1.00000
519628826	 0.00002	 0.00000	 0.00808	 1.00000
519974177	 0.00001	 0.00000	 0.00224	 3.00000
521522515	 0.00000	 0.00000	 0.00044	 1.00000
525289452	 1.00000	 0.00000	 1.00000	 1.00000
527041602	 0.00000	 0.00000	 0.00158	 1.00000
527576217	 1.00000	 0.00000	 1.00000	 1.00000
531478369	 0.00010	 0.00000	 0.01630	 1.00000
531706752	 1.00000	 0.00000	 1.00000	 1.00000
531887269	 0.00002	 0.00000	 0.00808	 1.00000
531903960	 0.00002	 0.00000	 0.00808	 1.00000
532554400	 1.00000	 0.00000	 1.00000	 1.00000
532757292	 1.00000	 0.00000	 1.00000	 1.00000
533444481	 1.00000	 0.00000	 1.00000	 1.00000
537650547	 1.00000	 0.00000	 1.00000	 1.00000
538379576	 1.00000	 0.00000	 1.00000	 1.00000
539178100	 0.99995	 0.00000	 1.00000	 1.00000
539561368	 0.00002	 0.00000	 0.00808	 1.00000
540378346	 1.00000	 0.00000	 1.00000	 1.00000
541927005	 0.00001	 0.00000	 0.00296	 2.00000
546007788	 0.99575	 0.00000	 1.00000	 1.00000
546744362	 1.00000	 0.00000	 1.00000	 1.00000
547130202	 0.00002	 0.00000	 0.00808	 1.00000
547179777	 1.00000	 0.00000	 1.00000	 1.00000
547486337	 1.00000	 0.00000	 1.00000	 1.00000
548462015	 0.99980	 0.00000	 1.00000	 1.00000
553011288	 0.99995	 0.00000	 1.00000	 1.00000
553276371	 0.00002	 0.00000	 0.00808	 1.00000
557410546	 0.00002	 0.00000	 0.00808	 1.00000
561571246	 0.00002	 0.00000	 0.00808	 1.00000
562619875	 0.00002	 0.00000	 0.00808	 1.00000
565034151	 1.00000	 0.00000	 1.00000	 1.00000
565680884	 0.00002	 0.00000	 0.00808	 1.00000
566700592	 1.00000	 0.00000	 1.00000	 1.00000
570969690	 1.00000	 0.00000	 1.00000	 1.00000
572903678	 0.00002	 0.00000	 0.00808	 1.00000
574915137	 0.00002	 0.00000	 0.00808	 1.00000
575403832	 0.99575	 0.00000	 1.00000	 1.00000
577642934	 1.00000	 0.00000	 1.00000	 1.00000
579539113	 0.00002	 0.00000	 0.00808	 1.00000
586234465	 1.00000	 0.00000	 1.00000	 1.00000
588617041	 1.00000	 0.00000	 1.00000	 1.00000
588945219	 1.00000	 0.00000	 1.00000	 1.00000
589404933	 0.99575	 0.00000	 1.00000	 1.00000
591964833	 0.00002	 0.00000	 0.00808	 1.00000
594870096	 1.00000	 0.00000	 1.00000	 1.00000
596837281	 0.00002	 0.00000	 0.00808	 1.00000
596974994	 0.00002	 0.00000	 0.00808	 1.00000
597919736	 1.00000	 0.00000	 1.00000	 1.00000
599428287	 0.00002	 0.00000	 0.00808	 1.00000
600814751	 0.00002	 0.00000	 0.00808	 1.00000
604263357	 0.00000	 0.00000	 0.00223	 1.00000
604726301	 0.00002	 0.00000	 0.00808	 1.00000
606555644	 0.99575	 0.00000	 1.00000	 1.00000
607427450	 1.00000	 0.00000	 1.00000	 1.00000
615082994	 1.00000	 0.00000	 1.00000	 1.00000
615239689	 1.00000	 0.00000	 1.00000	 1.00000
619884931	 1.00000	 0.00000	 1.00000	 1.00000
620187233	 0.00002	 0.00000	 0.00808	 1.00000
620646681	 1.00000	 0.00000	 1.00000	 1.00000
621102350	 0.00002	 0.00000	 0.00808	 1.00000
621468996	 0.50080	 0.00000	 1.00000	 2.00000
623935082	 0.00000	 0.00000	 0.00223	 1.00000
625034035	 0.99995	 0.00000	 1.00000	 1.00000
625574133	 0.00000	 0.00000	 0.00223	 1.00000
627448121	 0.00002	 0.00000	 0.00808	 1.00000
634516667	 0.00001	 0.00000	 0.00404	 2.00000
700148293	 0.00002	 0.00000	 0.00808	 1.00000
700687899	 0.00000	 0.00000	 0.00223	 1.00000
704469028	 1.00000	 0.00000	 1.00000	 1.00000
713352030	 0.00002	 0.00000	 0.00808	 1.00000
715609046	 1.00000	 0.00000	 1.00000	 1.00000
716403872	 1.00000	 0.00000	 1.00000	 1.00000
718489813	 0.00002	 0.00000	 0.00808	 1.00000
718721640	 0.00002	 0.00000	 0.00808	 1.00000
720784502	 0.00002	 0.00000	 0.00808	 1.00000
721542444	 0.00002	 0.00000	 0.00808	 1.00000
728299849	 0.00002	 0.00000	 0.00808	 1.00000
734561726	 1.00000	 0.00000	 1.00000	 1.00000
736098319	 0.00000	 0.00000	 0.00223	 1.00000
745210315	 0.00002	 0.00000	 0.00808	 1.00000
747239054	 1.00000	 0.00000	 1.00000	 1.00000
752526390	 0.00000	 0.00000	 0.00223	 1.00000
755605345	 0.00002	 0.00000	 0.00808	 1.00000
756260832	 0.00002	 0.00000	 0.00808	 1.00000
772465922	 1.00000	 0.00000	 1.00000	 1.00000
779066251	 0.99575	 0.00000	 1.00000	 1.00000
779146050	 0.00002	 0.00000	 0.00808	 1.00000
784865526	 1.00000	 0.00000	 1.00000	 1.00000
789738380	 0.00000	 0.00000	 0.00223	 1.00000
793999634	 0.00002	 0.00000	 0.00808	 1.00000
805209888	 1.00000	 0.00000	 1.00000	 1.00000
806810437	 1.00000	 0.00000	 1.00000	 1.00000
807446946	 0.00017	 0.00000	 0.02147	 1.00000
809505366	 0.00002	 0.00000	 0.00672	 1.00000
818211571	 0.00002	 0.00000	 0.00808	 1.00000
820596079	 0.00002	 0.00000	 0.00808	 1.00000
825445747	 0.99575	 0.00000	 1.00000	 1.00000
836864414	 1.00000	 0.00000	 1.00000	 1.00000
840802392	 1.00000	 0.00000	 1.00000	 1.00000
842845338	 0.00002	 0.00000	 0.00808	 1.00000
844904516	 1.00000	 0.00000	 1.00000	 1.00000
846581161	 0.00002	 0.00000	 0.00808	 1.00000
850058922	 1.00000	 0.00000	 1.00000	 1.00000
852152114	 0.00002	 0.00000	 0.00808	 1.00000
857547398	 1.00000	 0.00000	 1.00000	 1.00000
858914791	 1.00000	 0.00000	 1.00000	 1.00000
860311272	 1.00000	 0.00000	 1.00000	 1.00000
861387236	 0.99575	 0.00000	 1.00000	 1.00000
863510078	 1.00000	 0.00000	 1.00000	 1.00000
865321086	 0.99575	 0.00000	 1.00000	 1.00000
865589096	 0.00002	 0.00000	 0.00808	 1.00000
866636064	 0.00002	 0.00000	 0.00808	 1.00000
874919084	 1.00000	 0.00000	 1.00000	 1.00000
880427526	 0.00000	 0.00000	 0.00129	 1.00000
882184184	 0.00002	 0.00000	 0.00808	 1.00000
885737311	 0.00002	 0.00000	 0.00808	 1.00000
889980282	 0.00000	 0.00000	 0.00044	 1.00000
897841765	 0.99999	 0.06604	 1.00000	 3.00000
898817220	 1.00000	 0.00000	 1.00000	 1.00000
898923308	 0.00002	 0.00000	 0.00808	 1.00000
899942774	 0.00000	 0.00000	 0.00223	 1.00000
900024708	 0.00000	 0.00000	 0.00223	 1.00000
904941565	 1.00000	 0.00000	 1.00000	 1.00000
906669510	 0.00000	 0.00000	 0.00223	 1.00000
911264599	 0.00002	 0.00000	 0.00808	 1.00000
920411250	 0.00002	 0.00000	 0.00808	 1.00000
928220095	 1.00000	 0.00000	 1.00000	 1.00000
929963226	 1.00000	 0.00000	 1.00000	 1.00000
942773174	 0.99575	 0.00000	 1.00000	 1.00000
948671419	 0.99575	 0.00000	 1.00000	 1.00000
949038876	 1.00000	 0.00000	 1.00000	 1.00000
950806208	 1.00000	 0.00000	 1.00000	 1.00000
954877584	 1.00000	 0.00000	 1.00000	 1.00000
958021771	 0.00002	 0.00000	 0.00808	 1.00000
967100605	 1.00000	 0.00000	 1.00000	 1.00000
971702970	 0.99995	 0.00000	 1.00000	 1.00000
972875484	 1.00000	 0.00000	 1.00000	 1.00000
973542925	 1.00000	 0.00000	 1.00000	 1.00000
979485488	 0.00000	 0.00000	 0.00223	 1.00000
984587252	 0.99995	 0.00000	 1.00000	 1.00000
996221600	 0.00002	 0.00000	 0.00808	 1.00000
997657117	 0.00002	 0.00000	 0.00808	 1.00000
1016733578	 0.00002	 0.00000	 0.00808	 1.00000
1020993247	 0.00002	 0.00000	 0.00808	 1.00000
1021542205	 0.00002	 0.00000	 0.00808	 1.00000
1022202049	 0.00002	 0.00000	 0.00808	 1.00000
1031407339	 0.00002	 0.00000	 0.00808	 1.00000
1045995583	 1.00000	 0.00000	 1.00000	 1.00000
1051490480	 0.00002	 0.00000	 0.00808	 1.00000
1051614434	 0.00002	 0.00000	 0.00808	 1.00000
1054188066	 1.00000	 0.00000	 1.00000	 1.00000
1063586514	 0.09114	 0.00000	 0.23973	 11.00000
1064581544	 1.00000	 0.00000	 1.00000	 1.00000
1070272051	 0.00000	 0.00000	 0.00223	 1.00000
1075277724	 0.00002	 0.00000	 0.00808	 1.00000
1081616862	 1.00000	 0.00000	 1.00000	 1.00000
1099604119	 1.00000	 0.00000	 1.00000	 1.00000
1113245791	 0.00002	 0.00000	 0.00808	 1.00000
1120584673	 0.00002	 0.00000	 0.00808	 1.00000
1122884552	 1.00000	 0.00000	 1.00000	 1.00000
1135703724	 1.00000	 0.00000	 1.00000	 1.00000
1137668384	 0.00000	 0.00000	 0.00223	 1.00000
1137932402	 0.00002	 0.00000	 0.00808	 1.00000
1149552324	 0.00034	 0.00000	 0.03060	 1.00000
1149986492	 0.00000	 0.00000	 0.00223	 1.00000
1165173890	 0.00002	 0.00000	 0.00808	 1.00000
1166724798	 1.00000	 0.00000	 1.00000	 1.00000
1168800463	 1.00000	 0.00000	 1.00000	 1.00000
1175836148	 0.00000	 0.00000	 0.00223	 1.00000
1177232095	 1.00000	 0.00000	 1.00000	 1.00000
1180520826	 1.00000	 0.00000	 1.00000	 1.00000
1187272675	 0.00003	 0.00000	 0.00954	 1.00000
1198733616	 0.00000	 0.00000	 0.00158	 1.00000
1205764537	 0.00002	 0.00000	 0.00808	 1.00000
1212020275	 1.00000	 0.00000	 1.00000	 1.00000
1217128070	 1.00000	 0.00000	 1.00000	 1.00000
1225565430	 0.00002	 0.00000	 0.00808	 1.00000
1231777375	 1.00000	 0.00000	 1.00000	 1.00000
1241860640	 0.00002	 0.00000	 0.00808	 1.00000
1247372246	 0.00002	 0.00000	 0.00808	 1.00000
1259869164	 1.00000	 0.00000	 1.00000	 1.00000
1265488057	 1.00000	 0.00000	 1.00000	 1.00000
1266434857	 0.00002	 0.00000	 0.00808	 1.00000
1270440024	 0.00002	 0.00000	 0.00808	 1.00000
1270735232	 0.00002	 0.00000	 0.00808	 1.00000
1276431668	 1.00000	 0.00000	 1.00000	 1.00000
1278221215	 1.00000	 0.00000	 1.00000	 1.00000
1280437867	 0.00002	 0.00000	 0.00808	 1.00000
1282317128	 0.00002	 0.00000	 0.00808	 1.00000
1283223626	 0.00002	 0.00000	 0.00808	 1.00000
1285958504	 1.00000	 0.00000	 1.00000	 1.00000
1287022826	 1.00000	 0.00000	 1.00000	 1.00000
1293538381	 0.00002	 0.00000	 0.00808	 1.00000
1293721104	 1.00000	 0.00000	 1.00000	 1.00000
1296717120	 1.00000	 0.00000	 1.00000	 1.00000
1301230057	 1.00000	 0.00000	 1.00000	 1.00000
1309174238	 1.00000	 0.00000	 1.00000	 1.00000
1312015447	 1.00000	 0.00000	 1.00000	 1.00000
1312271894	 0.99995	 0.00000	 1.00000	 1.00000
1318918958	 0.00000	 0.00000	 0.00223	 1.00000
1332824174	 0.00002	 0.00000	 0.00808	 1.00000
1339060338	 0.99575	 0.00000	 1.00000	 1.00000
1340907289	 0.00001	 0.00000	 0.00221	 3.00000
1341962646	 0.00002	 0.00000	 0.00808	 1.00000
1343025260	 1.00000	 0.00000	 1.00000	 1.00000
1346552654	 1.00000	 0.00000	 1.00000	 1.00000
1355621358	 0.99575	 0.00000	 1.00000	 1.00000
1357605896	 1.00000	 0.00000	 1.00000	 1.00000
1359491899	 1.00000	 0.00000	 1.00000	 1.00000
1365820224	 1.00000	 0.00000	 1.00000	 1.00000
1365974167	 1.00000	 0.00000	 1.00000	 1.00000
1370818670	 0.00002	 0.00000	 0.00808	 1.00000
1375853106	 1.00000	 0.00000	 1.00000	 1.00000
1383101287	 1.00000	 0.00000	 1.00000	 1.00000
1383871064	 1.00000	 0.00000	 1.00000	 1.00000
1392626750	 1.00000	 0.00000	 1.00000	 1.00000
1393625407	 0.00002	 0.00000	 0.00808	 1.00000
1396151052	 0.00000	 0.00000	 0.00223	 1.00000
1397955115	 0.00002	 0.00000	 0.00808	 1.00000
1398680502	 0.00000	 0.00000	 0.00223	 1.00000
1400905896	 1.00000	 0.00000	 1.00000	 1.00000
1400909844	 1.00000	 0.00000	 1.00000	 1.00000
1406643876	 0.00002	 0.00000	 0.00808	 1.00000
1413222336	 0.00000	 0.00000	 0.00223	 1.00000
1414709185	 1.00000	 0.00000	 1.00000	 1.00000
1416860036	 0.00002	 0.00000	 0.00672	 1.00000
1418680524	 1.00000	 0.00000	 1.00000	 1.00000
1424561394	 1.00000	 0.00000	 1.00000	 1.00000
1426710036	 0.00000	 0.00000	 0.00223	 1.00000
1427249293	 1.00000	 0.00000	 1.00000	 1.00000
1431661122	 0.00002	 0.00000	 0.00808	 1.00000
1437056378	 0.00002	 0.00000	 0.00808	 1.00000
1439641495	 0.00002	 0.00000	 0.00808	 1.00000
1445000592	 1.00000	 0.00000	 1.00000	 1.00000
1446021164	 1.00000	 0.00000	 1.00000	 1.00000
1456008674	 0.99575	 0.00000	 1.00000	 1.00000
1465917079	 0.00002	 0.00000	 0.00808	 1.00000
1473389984	 1.00000	 0.00000	 1.00000	 1.00000
1484946193	 1.00000	 0.00000	 1.00000	 1.00000
1489796270	 0.00000	 0.00000	 0.00223	 1.00000
1491698456	 0.00002	 0.00000	 0.00808	 1.00000
1493135106	 0.99995	 0.00000	 1.00000	 1.00000
1496571493	 0.66678	 0.00000	 1.00000	 3.00000
1512642086	 0.99575	 0.00000	 1.00000	 1.00000
1520582701	 0.99995	 0.00000	 1.00000	 1.00000
1523681029	 1.00000	 0.00000	 1.00000	 1.00000
1536611755	 1.00000	 0.00000	 1.00000	 1.00000
1541720180	 1.00000	 0.00000	 1.00000	 1.00000
1541989867	 0.00000	 0.00000	 0.00223	 1.00000
1548489476	 0.00002	 0.00000	 0.00808	 1.00000
1553444053	 0.00002	 0.00000	 0.00808	 1.00000
1560086869	 0.00002	 0.00000	 0.00808	 1.00000
1561323888	 1.00000	 0.00000	 1.00000	 1.00000
1566087175	 0.00000	 0.00000	 0.00223	 1.00000
1582113792	 0.00002	 0.00000	 0.00808	 1.00000
1591650229	 1.00000	 0.00000	 1.00000	 1.00000
1594970970	 1.00000	 0.00000	 1.00000	 1.00000
1594972488	 1.00000	 0.00000	 1.00000	 1.00000
1594972824	 1.00000	 0.00000	 1.00000	 1.00000
1595002988	 1.00000	 0.00000	 1.00000	 1.00000
1595003198	 1.00000	 0.00000	 1.00000	 1.00000
1595004308	 1.00000	 0.00000	 1.00000	 1.00000
1595018899	 1.00000	 0.00000	 1.00000	 1.00000
1595021803	 1.00000	 0.00000	 1.00000	 1.00000
1595364620	 1.00000	 0.00000	 1.00000	 1.00000
1596355154	 0.99995	 0.00000	 1.00000	 1.00000
1599562578	 0.00002	 0.00000	 0.00808	 1.00000
1600299654	 1.00000	 0.00000	 1.00000	 1.00000
1601118390	 0.99575	 0.00000	 1.00000	 1.00000
1608147499	 1.00000	 0.00000	 1.00000	 1.00000
1611521869	 1.00000	 0.00000	 1.00000	 1.00000
1616058758	 0.00002	 0.00000	 0.00808	 1.00000
1618667491	 0.00002	 0.00000	 0.00808	 1.00000
1622852226	 1.00000	 0.00000	 1.00000	 1.00000
1623725695	 1.00000	 0.00000	 1.00000	 1.00000
1624532640	 0.00000	 0.00000	 0.00223	 1.00000
1626650569	 1.00000	 0.00000	 1.00000	 1.00000
1627987590	 0.00002	 0.00000	 0.00808	 1.00000
1639499521	 0.00002	 0.00000	 0.00808	 1.00000
1640403109	 0.00002	 0.00000	 0.00808	 1.00000
1643193716	 0.00002	 0.00000	 0.00808	 1.00000
1648909459	 0.00002	 0.00000	 0.00808	 1.00000
1653906158	 0.00002	 0.00000	 0.00808	 1.00000
1654361412	 1.00000	 0.00000	 1.00000	 1.00000
1656836088	 0.00000	 0.00000	 0.00223	 1.00000
1657636730	 1.00000	 0.00000	 1.00000	 1.00000
1669830355	 0.99995	 0.00000	 1.00000	 1.00000
1670864880	 0.00002	 0.00000	 0.00808	 1.00000
1674075386	 0.00002	 0.00000	 0.00808	 1.00000
1683882428	 0.00002	 0.00000	 0.00808	 1.00000
1691350526	 0.00001	 0.00000	 0.00286	 2.00000
1691499066	 1.00000	 0.00000	 1.00000	 1.00000
1692540942	 1.00000	 0.00000	 1.00000	 1.00000
1696894963	 1.00000	 0.00000	 1.00000	 1.00000
1700087322	 0.00002	 0.00000	 0.00808	 1.00000
1702818866	 1.00000	 0.00000	 1.00000	 1.00000
1711193490	 0.00002	 0.00000	 0.00808	 1.00000
1712814720	 1.00000	 0.00000	 1.00000	 1.00000
1713476124	 1.00000	 0.00000	 1.00000	 1.00000
1723681932	 1.00000	 0.00000	 1.00000	 1.00000
1734277734	 0.00002	 0.00000	 0.00808	 1.00000
1831460233	 1.00000	 0.00000	 1.00000	 1.00000
1832395477	 0.00002	 0.00000	 0.00808	 1.00000
1835022709	 1.00000	 0.00000	 1.00000	 1.00000
1855983920	 0.00002	 0.00000	 0.00808	 1.00000
1861885849	 1.00000	 0.00000	 1.00000	 1.00000
1873539488	 0.00000	 0.00000	 0.00177	 4.00000
1888091312	 1.00000	 0.00000	 1.00000	 1.00000
1889174611	 1.00000	 0.00000	 1.00000	 1.00000
1897478768	 1.00000	 0.00000	 1.00000	 1.00000
1898664086	 1.00000	 0.00000	 1.00000	 1.00000
1912612958	 1.00000	 0.00000	 1.00000	 1.00000
1912872918	 0.00000	 0.00000	 0.00223	 1.00000
1922935801	 1.00000	 0.00000	 1.00000	 1.00000
1931676528	 0.00002	 0.00000	 0.00808	 1.00000
1944466086	 1.00000	 0.00000	 1.00000	 1.00000
1948190760	 0.00002	 0.00000	 0.00808	 1.00000
1950365394	 0.00000	 0.00000	 0.00223	 1.00000
1951964720	 1.00000	 0.00000	 1.00000	 1.00000
1952676332	 0.00000	 0.00000	 0.00223	 1.00000
1952887824	 1.00000	 0.00000	 1.00000	 1.00000
1954870249	 0.00002	 0.00000	 0.00808	 1.00000
1955109913	 1.00000	 0.00000	 1.00000	 2.00000
1957296564	 0.00000	 0.00000	 0.00223	 1.00000
1957549567	 1.00000	 0.00000	 1.00000	 1.00000
1959422996	 0.00000	 0.00000	 0.00223	 1.00000
1962929653	 0.00002	 0.00000	 0.00808	 1.00000
1963411928	 0.99998	 0.00000	 1.00000	 1.00000
1963571004	 0.00000	 0.00000	 0.00223	 1.00000
2149406424	 1.00000	 0.00000	 1.00000	 1.00000
2149868270	 1.00000	 0.00000	 1.00000	 1.00000
2151966532	 1.00000	 0.00000	 1.00000	 1.00000
2152381201	 0.00002	 0.00000	 0.00808	 1.00000
2156841142	 1.00000	 0.00000	 1.00000	 1.00000
2157985902	 1.00000	 0.00000	 1.00000	 1.00000
2160939249	 1.00000	 0.00000	 1.00000	 1.00000
2161031268	 0.00000	 0.00000	 0.00223	 1.00000
2162024552	 0.00002	 0.00000	 0.00808	 1.00000
2162084917	 0.00000	 0.00000	 0.00223	 1.00000
2163879806	 1.00000	 0.00000	 1.00000	 1.00000
2169030391	 0.00002	 0.00000	 0.00808	 1.00000
2169632166	 0.00002	 0.00000	 0.00808	 1.00000
2171200586	 0.00000	 0.00000	 0.00223	 1.00000
2174509045	 1.00000	 0.00000	 1.00000	 1.00000
2191793006	 0.00000	 0.00000	 0.00223	 1.00000
2202371624	 1.00000	 0.00000	 1.00000	 1.00000
2205980419	 0.00002	 0.00000	 0.00808	 1.00000
2208869320	 1.00000	 0.00000	 1.00000	 1.00000
2208887315	 1.00000	 0.00000	 1.00000	 1.00000
2208892756	 1.00000	 0.00000	 1.00000	 1.00000
2209519381	 0.00002	 0.00000	 0.00808	 1.00000
2214400040	 0.00000	 0.00000	 0.00223	 1.00000
2225640678	 0.99575	 0.00000	 1.00000	 1.00000
2232820545	 1.00000	 0.00000	 1.00000	 1.00000
2233478133	 0.00002	 0.00000	 0.00808	 1.00000
2239410013	 1.00000	 0.00000	 1.00000	 1.00000
2239864518	 1.00000	 0.00000	 1.00000	 1.00000
2241717492	 0.00002	 0.00000	 0.00808	 1.00000
2242205326	 1.00000	 0.00000	 1.00000	 1.00000
2242844317	 0.00002	 0.00000	 0.00808	 1.00000
2242866050	 0.99947	 0.06576	 1.00000	 3.00000
2246822378	 1.00000	 0.00000	 1.00000	 1.00000
2248555140	 0.00002	 0.00000	 0.00808	 1.00000
2249636695	 1.00000	 0.00000	 1.00000	 1.00000
2255143533	 0.99575	 0.00000	 1.00000	 1.00000
2256862758	 1.00000	 0.00000	 1.00000	 1.00000
2257106779	 0.00002	 0.00000	 0.00808	 1.00000
2264621571	 0.00002	 0.00000	 0.00808	 1.00000
2276010046	 1.00000	 0.00000	 1.00000	 1.00000
2279446670	 0.00002	 0.00000	 0.00808	 1.00000
2279449999	 0.00002	 0.00000	 0.00808	 1.00000
2280313122	 0.99575	 0.00000	 1.00000	 1.00000
2281176655	 0.00002	 0.00000	 0.00808	 1.00000
2289550082	 1.00000	 0.00000	 1.00000	 1.00000
2290694664	 1.00000	 0.00000	 1.00000	 1.00000
2291906304	 0.00002	 0.00000	 0.00808	 1.00000
2293108472	 0.00002	 0.00000	 0.00808	 1.00000
2293534680	 1.00000	 0.00000	 1.00000	 1.00000
2294652500	 1.00000	 0.00000	 1.00000	 1.00000
2298584603	 0.00002	 0.00000	 0.00808	 1.00000
2299570604	 0.00000	 0.00000	 0.00223	 1.00000
2300378299	 0.00002	 0.00000	 0.00808	 1.00000
2306234779	 1.00000	 0.00000	 1.00000	 1.00000
2309015089	 0.00002	 0.00000	 0.00808	 1.00000
2309280084	 0.00000	 0.00000	 0.00223	 1.00000
2310081317	 0.99575	 0.00000	 1.00000	 1.00000
2314248248	 0.00000	 0.00000	 0.00223	 1.00000
2316531060	 0.00002	 0.00000	 0.00808	 1.00000
2317369195	 0.00001	 0.00000	 0.00404	 2.00000
2317954243	 1.00000	 0.00000	 1.00000	 1.00000
2325012199	 0.00002	 0.00000	 0.00808	 1.00000
2325522757	 1.00000	 0.00000	 1.00000	 1.00000
2330468346	 1.00000	 0.00000	 1.00000	 1.00000
2331622893	 0.00002	 0.00000	 0.00808	 1.00000
2332877198	 0.00002	 0.00000	 0.00808	 1.00000
2337999540	 1.00000	 0.00000	 1.00000	 1.00000
2341153723	 1.00000	 0.00000	 1.00000	 1.00000
2344547420	 0.99995	 0.00000	 1.00000	 1.00000
2348873155	 0.00002	 0.00000	 0.00808	 1.00000
2352485604	 0.00002	 0.00000	 0.00808	 1.00000
2359585806	 1.00000	 0.00000	 1.00000	 1.00000
2360513220	 0.00002	 0.00000	 0.00808	 1.00000
2363724007	 0.00002	 0.00000	 0.00808	 1.00000
2369118367	 0.00002	 0.00000	 0.00808	 1.00000
2369354528	 0.00000	 0.00000	 0.00223	 1.00000
2369627804	 0.00002	 0.00000	 0.00808	 1.00000
2370160088	 1.00000	 0.00000	 1.00000	 1.00000
2372399574	 1.00000	 0.00000	 1.00000	 1.00000
2373040536	 1.00000	 0.00000	 1.00000	 1.00000
2374450446	 0.00002	 0.00000	 0.00808	 1.00000
2374885363	 1.00000	 0.00000	 1.00000	 1.00000
2375728898	 1.00000	 0.00000	 1.00000	 1.00000
2385072082	 0.00002	 0.00000	 0.00808	 1.00000
2395852828	 0.00002	 0.00000	 0.00808	 1.00000
2396919763	 0.99998	 0.00000	 1.00000	 1.00000
2398549044	 0.99575	 0.00000	 1.00000	 1.00000
2400350617	 0.00001	 0.00000	 0.00286	 2.00000
2410196159	 0.99999	 0.00000	 1.00000	 1.00000
2414927882	 0.00002	 0.00000	 0.00808	 1.00000
2415053456	 0.99575	 0.00000	 1.00000	 1.00000
2415311274	 0.00002	 0.00000	 0.00808	 1.00000
2415359708	 0.99995	 0.00000	 1.00000	 1.00000
2419130796	 0.99575	 0.00000	 1.00000	 1.00000
2421269768	 1.00000	 0.00000	 1.00000	 1.00000
2423768908	 0.99575	 0.00000	 1.00000	 1.00000
2426082024	 0.99575	 0.00000	 1.00000	 1.00000
2429726874	 1.00000	 0.00000	 1.00000	 1.00000
2431107457	 1.00000	 0.00000	 1.00000	 1.00000
2431951535	 1.00000	 0.00000	 1.00000	 1.00000
2433048841	 1.00000	 0.00000	 1.00000	 1.00000
2434948873	 1.00000	 0.00000	 1.00000	 1.00000
2440894236	 1.00000	 0.00000	 1.00000	 1.00000
2445654851	 0.00002	 0.00000	 0.00808	 1.00000
2446024961	 1.00000	 0.00000	 1.00000	 1.00000
2449609358	 0.00000	 0.00000	 0.00223	 1.00000
2450635056	 1.00000	 0.00000	 1.00000	 1.00000
2455682402	 1.00000	 0.00000	 1.00000	 1.00000
2455802329	 1.00000	 0.00000	 1.00000	 1.00000
2455810098	 1.00000	 0.00000	 1.00000	 1.00000
2456996545	 1.00000	 0.00000	 1.00000	 1.00000
2458560666	 0.00000	 0.00000	 0.00223	 1.00000
2463580141	 0.00002	 0.00000	 0.00808	 1.00000
2466807613	 0.99940	 0.00000	 1.00000	 1.00000
2471481007	 0.00002	 0.00000	 0.00808	 1.00000
2480039432	 1.00000	 0.00000	 1.00000	 1.00000
2481146024	 0.00002	 0.00000	 0.00808	 1.00000
2489316914	 0.00002	 0.00000	 0.00808	 1.00000
2492095681	 1.00000	 0.00000	 1.00000	 1.00000
2492699251	 1.00000	 0.00000	 1.00000	 1.00000
2493989687	 1.00000	 0.00000	 1.00000	 1.00000
2495398026	 1.00000	 0.00000	 1.00000	 1.00000
2495443460	 1.00000	 0.00000	 1.00000	 1.00000
2497768063	 0.00002	 0.00000	 0.00808	 1.00000
2499988093	 1.00000	 0.00000	 1.00000	 1.00000
2502231853	 1.00000	 0.00000	 1.00000	 1.00000
2506199450	 0.00002	 0.00000	 0.00808	 1.00000
2509197942	 0.00002	 0.00000	 0.00808	 1.00000
2512833607	 0.00002	 0.00000	 0.00808	 1.00000
2517785937	 1.00000	 0.00000	 1.00000	 1.00000
2521350702	 0.00000	 0.00000	 0.00223	 1.00000
2524668681	 1.00000	 0.00000	 1.00000	 1.00000
2539400531	 1.00000	 0.00000	 1.00000	 1.00000
2546797034	 1.00000	 0.00000	 1.00000	 1.00000
2555646577	 0.00000	 0.00000	 0.00223	 1.00000
2557515127	 0.00002	 0.00000	 0.00808	 1.00000
2558176983	 1.00000	 0.00000	 1.00000	 1.00000
2559582960	 0.00002	 0.00000	 0.00808	 1.00000
2562089220	 1.00000	 0.00000	 1.00000	 1.00000
2562154980	 0.50103	 0.00000	 1.00000	 2.00000
2563122133	 1.00000	 0.00000	 1.00000	 1.00000
2564490607	 0.00002	 0.00000	 0.00808	 1.00000
2567949536	 1.00000	 0.00000	 1.00000	 1.00000
2573418584	 1.00000	 0.00000	 1.00000	 1.00000
2580127375	 0.00002	 0.00000	 0.00808	 1.00000
2580423060	 1.00000	 0.00000	 1.00000	 1.00000
2587572310	 0.99995	 0.00000	 1.00000	 1.00000
2595995550	 0.00002	 0.00000	 0.00808	 1.00000
2601852176	 0.00000	 0.00000	 0.00223	 1.00000
2605449213	 1.00000	 0.00000	 1.00000	 1.00000
2609979854	 0.00002	 0.00000	 0.00808	 1.00000
2612952497	 0.00000	 0.00000	 0.00223	 1.00000
2617775651	 0.00002	 0.00000	 0.00808	 1.00000
2631285391	 0.99985	 0.00000	 1.00000	 1.00000
2631894097	 0.00002	 0.00000	 0.00808	 1.00000
2639302925	 1.00000	 0.00000	 1.00000	 1.00000
2645291986	 0.50110	 0.00000	 1.00000	 2.00000
2658733264	 1.00000	 0.00000	 1.00000	 1.00000
2671624065	 0.00002	 0.00000	 0.00808	 1.00000
2690771791	 0.00002	 0.00000	 0.00808	 1.00000
2691309440	 0.00002	 0.00000	 0.00808	 1.00000
2692107079	 1.00000	 0.00000	 1.00000	 1.00000
2696359013	 0.99998	 0.00000	 1.00000	 1.00000
2707708966	 0.00000	 0.00000	 0.00223	 1.00000
2718347636	 0.00002	 0.00000	 0.00808	 1.00000
2722863769	 0.99575	 0.00000	 1.00000	 1.00000
2725704808	 1.00000	 0.00000	 1.00000	 1.00000
2727388919	 0.00002	 0.00000	 0.00808	 1.00000
2732357994	 1.00000	 0.00000	 1.00000	 1.00000
2732524995	 1.00000	 0.00000	 1.00000	 1.00000
2734161869	 0.00000	 0.00000	 0.00223	 1.00000
2735511486	 0.00001	 0.00000	 0.00296	 2.00000
2736117492	 0.00002	 0.00000	 0.00808	 1.00000
2748659728	 0.00002	 0.00000	 0.00808	 1.00000
2753966602	 1.00000	 0.00000	 1.00000	 1.00000
2762757606	 0.00002	 0.00000	 0.00808	 1.00000
2763687557	 0.50100	 0.00000	 1.00000	 2.00000
2765148210	 0.00002	 0.00000	 0.00808	 1.00000
2765964711	 0.00002	 0.00000	 0.00808	 1.00000
2773941384	 1.00000	 0.00000	 1.00000	 1.00000
2779706217	 0.00000	 0.00000	 0.00223	 1.00000
2781392290	 0.99995	 0.00000	 1.00000	 1.00000
2786628256	 0.00002	 0.00000	 0.00808	 1.00000
2792358054	 0.00000	 0.00000	 0.00158	 1.00000
2795517045	 1.00000	 0.00000	 1.00000	 1.00000
2810956423	 0.00002	 0.00000	 0.00808	 1.00000
2812521016	 0.00002	 0.00000	 0.00808	 1.00000
2819021406	 0.50110	 0.00000	 1.00000	 2.00000
2821237415	 1.00000	 0.00000	 1.00000	 1.00000
2822259777	 1.00000	 0.00000	 1.00000	 1.00000
2826311679	 0.00002	 0.00000	 0.00808	 1.00000
2828846315	 0.00000	 0.00000	 0.00223	 1.00000
2829196009	 1.00000	 0.00000	 1.00000	 1.00000
2832071262	 0.99995	 0.00000	 1.00000	 1.00000
2834620568	 0.99995	 0.00000	 1.00000	 1.00000
2836743269	 0.00002	 0.00000	 0.00808	 1.00000
2837232529	 0.00002	 0.00000	 0.00808	 1.00000
2840798923	 0.00002	 0.00000	 0.00808	 1.00000
2850030400	 0.00002	 0.00000	 0.00808	 1.00000
2856077158	 0.00002	 0.00000	 0.00808	 1.00000
2858151700	 0.00002	 0.00000	 0.00808	 1.00000
2868479584	 1.00000	 0.00000	 1.00000	 1.00000
2869481037	 0.00002	 0.00000	 0.00808	 1.00000
2884880494	 1.00000	 0.00000	 1.00000	 1.00000
2893678493	 1.00000	 0.00000	 1.00000	 1.00000
2902841197	 1.00000	 0.00000	 1.00000	 1.00000
2902938645	 1.00000	 0.00000	 1.00000	 1.00000
2903199730	 0.00002	 0.00000	 0.00808	 1.00000
2904387199	 1.00000	 0.00000	 1.00000	 1.00000
2906238876	 0.00001	 0.00000	 0.00404	 2.00000
2906382661	 0.00000	 0.00000	 0.00044	 1.00000
2907149823	 1.00000	 0.00000	 1.00000	 1.00000
2909641047	 0.00002	 0.00000	 0.00808	 1.00000
2915698086	 0.00000	 0.00000	 0.00223	 1.00000
2916777955	 0.00002	 0.00000	 0.00808	 1.00000
2918909254	 0.00000	 0.00000	 0.00223	 1.00000
2922125538	 0.00002	 0.00000	 0.00808	 1.00000
2926331865	 0.99995	 0.00000	 1.00000	 1.00000
2931883160	 0.99575	 0.00000	 1.00000	 1.00000
2932911240	 1.00000	 0.00000	 1.00000	 1.00000
2934530681	 1.00000	 0.00000	 1.00000	 1.00000
2940816362	 0.00002	 0.00000	 0.00808	 1.00000
2951261387	 0.99995	 0.00000	 1.00000	 1.00000
2962676996	 0.00000	 0.00000	 0.00223	 1.00000
2964254992	 0.00002	 0.00000	 0.00808	 1.00000
2966702890	 0.00000	 0.00000	 0.00223	 1.00000
2973910185	 1.00000	 0.00000	 1.00000	 1.00000
2986022960	 1.00000	 0.00000	 1.00000	 1.00000
2986474797	 0.00002	 0.00000	 0.00808	 1.00000
2987988915	 1.00000	 0.00000	 1.00000	 1.00000
2990529215	 0.00002	 0.00000	 0.00808	 1.00000
2996737755	 0.00002	 0.00000	 0.00808	 1.00000
2997013028	 1.00000	 0.00000	 1.00000	 1.00000
2999031340	 0.99995	 0.00000	 1.00000	 1.00000
2999234655	 0.00001	 0.00000	 0.00404	 2.00000
3003765995	 0.50110	 0.00000	 1.00000	 2.00000
3003999514	 1.00000	 0.00000	 1.00000	 2.00000
3017344580	 0.99575	 0.00000	 1.00000	 1.00000
3020425427	 0.00002	 0.00000	 0.00672	 1.00000
3023562529	 0.00002	 0.00000	 0.00808	 1.00000
3024525039	 1.00000	 0.00000	 1.00000	 1.00000
3029150542	 0.00002	 0.00000	 0.00808	 1.00000
3029498212	 0.00002	 0.00000	 0.00808	 1.00000
3043836040	 0.00002	 0.00000	 0.00808	 1.00000
3050482897	 0.00002	 0.00000	 0.00808	 1.00000
3053309394	 0.00002	 0.00000	 0.00808	 1.00000
3060980592	 0.00002	 0.00000	 0.00808	 1.00000
3065793067	 0.00002	 0.00000	 0.00808	 1.00000
3070156578	 0.00002	 0.00000	 0.00808	 1.00000
3075070059	 1.00000	 0.00000	 1.00000	 1.00000
3078140266	 0.00002	 0.00000	 0.00808	 1.00000
3082525590	 0.00002	 0.00000	 0.00808	 1.00000
3082672136	 0.98835	 0.00000	 1.00000	 2.00000
3091382410	 0.00001	 0.00000	 0.00286	 2.00000
3091683551	 0.00002	 0.00000	 0.00808	 1.00000
3094819375	 1.00000	 0.00000	 1.00000	 2.00000
3096856021	 0.00002	 0.00000	 0.00808	 1.00000
3096963156	 1.00000	 0.00000	 1.00000	 1.00000
3097956848	 0.00002	 0.00000	 0.00808	 1.00000
3101929189	 1.00000	 0.00000	 1.00000	 1.00000
3105979194	 1.00000	 0.00000	 1.00000	 1.00000
3107757899	 0.00002	 0.00000	 0.00808	 1.00000
3108394558	 1.00000	 0.00000	 1.00000	 1.00000
3112197549	 1.00000	 0.00000	 1.00000	 1.00000
3118536115	 0.00002	 0.00000	 0.00808	 1.00000
3121709958	 0.00002	 0.00000	 0.00808	 1.00000
3122063347	 0.00002	 0.00000	 0.00808	 1.00000
3124986791	 1.00000	 0.00000	 1.00000	 1.00000
3131253213	 0.00002	 0.00000	 0.00808	 1.00000
3133488306	 0.00000	 0.00000	 0.00223	 1.00000
3145945858	 0.00000	 0.00000	 0.00223	 1.00000
3148643336	 0.99575	 0.00000	 1.00000	 1.00000
3163008944	 0.99995	 0.00000	 1.00000	 1.00000
3164833168	 0.00000	 0.00000	 0.00223	 1.00000
3170577155	 0.66815	 0.00000	 1.00000	 3.00000
3173549422	 0.00000	 0.00000	 0.00223	 1.00000
3177764109	 1.00000	 0.00000	 1.00000	 1.00000
3181463130	 1.00000	 0.00000	 1.00000	 1.00000
3181508768	 1.00000	 0.00000	 1.00000	 1.00000
3181561521	 1.00000	 0.00000	 1.00000	 1.00000
3181561801	 1.00000	 0.00000	 1.00000	 1.00000
3189203270	 1.00000	 0.00000	 1.00000	 1.00000
3190848134	 0.00002	 0.00000	 0.00808	 1.00000
3192576070	 1.00000	 0.00000	 1.00000	 1.00000
3193870345	 0.00000	 0.00000	 0.00158	 1.00000
3197007257	 0.00000	 0.00000	 0.00223	 1.00000
3208302957	 0.00002	 0.00000	 0.00808	 1.00000
3225990201	 1.00000	 0.00000	 1.00000	 1.00000
3225990861	 1.00000	 0.00000	 1.00000	 1.00000
3225995733	 1.00000	 0.00000	 1.00000	 1.00000
3226033925	 1.00000	 0.00000	 1.00000	 1.00000
3232395292	 0.99995	 0.00000	 1.00000	 1.00000
3234206654	 0.00001	 0.00000	 0.00296	 2.00000
3238389710	 1.00000	 0.00000	 1.00000	 1.00000
3242542428	 0.00002	 0.00000	 0.00808	 1.00000
3243525635	 0.00002	 0.00000	 0.00808	 1.00000
3244308861	 0.00000	 0.00000	 0.00223	 1.00000
3247184042	 0.00002	 0.00000	 0.00808	 1.00000
3252255721	 1.00000	 0.00000	 1.00000	 1.00000
3254815560	 0.00002	 0.00000	 0.00808	 1.00000
3255866731	 0.00002	 0.00000	 0.00808	 1.00000
3260262169	 0.99575	 0.00000	 1.00000	 1.00000
3264926959	 0.99940	 0.00000	 1.00000	 1.00000
3267126170	 0.00002	 0.00000	 0.00808	 1.00000
3268242872	 1.00000	 0.00000	 1.00000	 1.00000
3272308752	 0.00002	 0.00000	 0.00808	 1.00000
3273754730	 1.00000	 0.00000	 1.00000	 1.00000
3277943083	 1.00000	 0.00000	 1.00000	 1.00000
3278715702	 0.00002	 0.00000	 0.00808	 1.00000
3278905076	 0.00002	 0.00000	 0.00808	 1.00000
3279126097	 0.00002	 0.00000	 0.00808	 1.00000
3280384898	 0.00002	 0.00000	 0.00808	 1.00000
3283126316	 1.00000	 0.00000	 1.00000	 1.00000
3286876237	 1.00000	 0.00000	 1.00000	 1.00000
3287679715	 1.00000	 0.00000	 1.00000	 1.00000
3288154075	 0.00002	 0.00000	 0.00808	 1.00000
3291649887	 1.00000	 0.00000	 1.00000	 1.00000
3296425320	 0.99995	 0.00000	 1.00000	 1.00000
3302929613	 1.00000	 0.00000	 1.00000	 1.00000
3304222109	 1.00000	 0.00000	 1.00000	 1.00000
3306310528	 1.00000	 0.00000	 1.00000	 1.00000
3309414913	 0.00002	 0.00000	 0.00808	 1.00000
3309444697	 1.00000	 0.00000	 1.00000	 1.00000
3311850538	 1.00000	 0.00000	 1.00000	 1.00000
3316301578	 1.00000	 0.00000	 1.00000	 1.00000
3318884137	 0.00002	 0.00000	 0.00808	 1.00000
3319527775	 0.00002	 0.00000	 0.00808	 1.00000
3329462953	 0.00002	 0.00000	 0.00808	 1.00000
3332956334	 0.00002	 0.00000	 0.00808	 1.00000
3338273164	 0.00002	 0.00000	 0.00808	 1.00000
3345285443	 0.99575	 0.00000	 1.00000	 1.00000
3351043517	 0.99575	 0.00000	 1.00000	 1.00000
3353434768	 1.00000	 0.00000	 1.00000	 1.00000
3353964741	 0.00002	 0.00000	 0.00808	 1.00000
3355890119	 1.00000	 0.00000	 1.00000	 1.00000
3357896117	 0.00000	 0.00000	 0.00044	 1.00000
3362792789	 1.00000	 0.00000	 1.00000	 1.00000
3364994806	 0.00000	 0.00000	 0.00158	 3.00000
3369911715	 0.00002	 0.00000	 0.00808	 1.00000
3374126201	 0.00002	 0.00000	 0.00808	 1.00000
3378101476	 1.00000	 0.00000	 1.00000	 1.00000
3383747145	 1.00000	 0.00000	 1.00000	 1.00000
3384068592	 1.00000	 0.00000	 1.00000	 1.00000
3385408715	 0.00000	 0.00000	 0.00158	 1.00000
3386303999	 1.00000	 0.00000	 1.00000	 1.00000
3389329545	 0.99862	 0.00000	 1.00000	 1.00000
3393088392	 0.00002	 0.00000	 0.00808	 1.00000
3394716311	 1.00000	 0.00000	 1.00000	 1.00000
3398533873	 0.00002	 0.00000	 0.00808	 1.00000
3400153995	 1.00000	 0.00000	 1.00000	 1.00000
3406500304	 0.99575	 0.00000	 1.00000	 1.00000
3408840784	 0.00002	 0.00000	 0.00808	 1.00000
3411313300	 1.00000	 0.00000	 1.00000	 1.00000
3413240373	 0.00002	 0.00000	 0.00808	 1.00000
3414944049	 0.00001	 0.00000	 0.00296	 2.00000
3419229712	 0.00002	 0.00000	 0.00808	 1.00000
3421339115	 0.00002	 0.00000	 0.00808	 1.00000
3430974621	 0.99995	 0.00000	 1.00000	 1.00000
3431594854	 0.00002	 0.00000	 0.00808	 1.00000
3435940588	 0.99995	 0.00000	 1.00000	 1.00000
3437384955	 0.00002	 0.00000	 0.00808	 1.00000
3439012153	 0.99879	 0.00000	 1.00000	 1.00000
3448205183	 0.00000	 0.00000	 0.00044	 1.00000
3448420935	 0.00034	 0.00000	 0.03060	 1.00000
3463241362	 0.00002	 0.00000	 0.00808	 1.00000
3467526672	 1.00000	 0.00000	 1.00000	 1.00000
3485051965	 0.00002	 0.00000	 0.00808	 1.00000
3490454713	 0.00002	 0.00000	 0.00808	 1.00000
3532891032	 0.00002	 0.00000	 0.00808	 1.00000
3533759234	 0.00002	 0.00000	 0.00808	 1.00000
3537693677	 0.00001	 0.00000	 0.00296	 2.00000
3589284502	 0.00002	 0.00000	 0.00808	 1.00000
3695866156	 0.99575	 0.00000	 1.00000	 1.00000
3707361493	 1.00000	 0.00000	 1.00000	 1.00000
3712288516	 1.00000	 0.00000	 1.00000	 1.00000
3712539975	 1.00000	 0.00000	 1.00000	 1.00000
3716922026	 0.00002	 0.00000	 0.00808	 1.00000
3720173895	 0.00002	 0.00000	 0.00808	 1.00000
3728172931	 0.00002	 0.00000	 0.00808	 1.00000
3749872277	 0.00002	 0.00000	 0.00808	 1.00000
3762604933	 0.00001	 0.00000	 0.00404	 2.00000
3765807320	 1.00000	 0.00000	 1.00000	 1.00000
3771043037	 0.00002	 0.00000	 0.00808	 1.00000
3794736614	 0.00002	 0.00000	 0.00808	 1.00000
3808229832	 0.00002	 0.00000	 0.00808	 1.00000
3817413628	 1.00000	 0.00000	 1.00000	 1.00000
3867438557	 1.00000	 0.00000	 1.00000	 1.00000
3884205253	 0.00002	 0.00000	 0.00808	 1.00000
3885934632	 0.99995	 0.00000	 1.00000	 1.00000
3887318353	 1.00000	 0.00000	 1.00000	 1.00000
3896298147	 1.00000	 0.00000	 1.00000	 1.00000
3910540895	 0.00001	 0.00000	 0.00404	 2.00000
3928095387	 0.00000	 0.00000	 0.00158	 1.00000
3950016887	 1.00000	 0.00000	 1.00000	 1.00000
3950174721	 1.00000	 0.00000	 1.00000	 1.00000
3977384236	 1.00000	 0.00000	 1.00000	 1.00000
3998703557	 1.00000	 0.00000	 1.00000	 1.00000
4009886297	 0.99575	 0.00000	 1.00000	 1.00000
4028942592	 0.00002	 0.00000	 0.00808	 1.00000
4029836772	 0.50008	 0.00000	 1.00000	 2.00000
4039606756	 0.00002	 0.00000	 0.00808	 1.00000
4041511396	 0.00000	 0.00000	 0.00223	 1.00000
4043322563	 1.00000	 0.00000	 1.00000	 1.00000
4048180366	 0.00002	 0.00000	 0.00808	 1.00000
4064981488	 0.99985	 0.00000	 1.00000	 1.00000
4070111489	 1.00000	 0.00000	 1.00000	 1.00000
4084149335	 0.00002	 0.00000	 0.00808	 1.00000
4098937934	 0.00002	 0.00000	 0.00808	 1.00000
4129514953	 1.00000	 0.00000	 1.00000	 1.00000
4164291149	 0.99575	 0.00000	 1.00000	 1.00000
4171809861	 0.00002	 0.00000	 0.00808	 1.00000
4176255214	 0.00002	 0.00000	 0.00808	 1.00000
4176301173	 0.00002	 0.00000	 0.00808	 1.00000
4183085298	 0.99999	 0.00000	 1.00000	 1.00000
4194543252	 0.00002	 0.00000	 0.00808	 1.00000
4223772134	 0.00000	 0.00000	 0.00223	 1.00000
4236726047	 0.99999	 0.00000	 1.00000	 1.00000
4251850093	 1.00000	 0.00000	 1.00000	 1.00000
4267265183	 0.50110	 0.00000	 1.00000	 2.00000
4269005832	 1.00000	 0.00000	 1.00000	 1.00000
4269174679	 1.00000	 0.00000	 1.00000	 1.00000
4273408655	 0.00002	 0.00000	 0.00808	 1.00000
4278683955	 1.00000	 0.00000	 1.00000	 1.00000
4282375092	 0.99575	 0.00000	 1.00000	 1.00000
4292406268	 1.00000	 0.00000	 1.00000	 1.00000
4306962433	 0.00002	 0.00000	 0.00808	 1.00000
4326291374	 0.00002	 0.00000	 0.00808	 1.00000
4330871369	 0.00002	 0.00000	 0.00808	 1.00000
4376979677	 1.00000	 0.00000	 1.00000	 1.00000
4382400263	 0.00002	 0.00000	 0.00808	 1.00000
4390759937	 0.00002	 0.00000	 0.00808	 1.00000
4391005874	 1.00000	 0.00000	 1.00000	 1.00000
4397021841	 0.00001	 0.00000	 0.00404	 2.00000
4411015760	 0.00002	 0.00000	 0.00808	 1.00000
4417256847	 1.00000	 0.00000	 1.00000	 1.00000
4447613913	 0.99575	 0.00000	 1.00000	 1.00000
4470233659	 1.00000	 0.00000	 1.00000	 1.00000
4476084275	 0.99575	 0.00000	 1.00000	 1.00000
4480906040	 0.99575	 0.00000	 1.00000	 1.00000
4491996682	 1.00000	 0.00000	 1.00000	 1.00000
4504368613	 1.00000	 0.00000	 1.00000	 1.00000
4516701494	 1.00000	 0.00000	 1.00000	 1.00000
4551433697	 1.00000	 0.00000	 1.00000	 1.00000
4573353138	 0.00002	 0.00000	 0.00808	 1.00000
4599697702	 0.00000	 0.00000	 0.00223	 1.00000
4608401418	 1.00000	 0.00000	 1.00000	 1.00000
4616646316	 0.99575	 0.00000	 1.00000	 1.00000
4618544234	 0.00002	 0.00000	 0.00808	 1.00000
4634008947	 1.00000	 0.00000	 1.00000	 1.00000
4635054085	 0.00000	 0.00000	 0.00223	 1.00000
4651989925	 0.00002	 0.00000	 0.00808	 1.00000
4687471266	 0.00000	 0.00000	 0.00223	 1.00000
4691005178	 0.00002	 0.00000	 0.00808	 1.00000
4698002720	 0.00002	 0.00000	 0.00808	 1.00000
4707023833	 0.00002	 0.00000	 0.00808	 1.00000
4716475529	 1.00000	 0.00000	 1.00000	 1.00000
4719313943	 0.00001	 0.00000	 0.00404	 2.00000
4721500298	 1.00000	 0.00000	 1.00000	 1.00000
4725178176	 0.00002	 0.00000	 0.00808	 1.00000
4725247467	 1.00000	 0.00000	 1.00000	 1.00000
4725769413	 1.00000	 0.00000	 1.00000	 1.00000
4726269672	 1.00000	 0.00000	 1.00000	 1.00000
4726320474	 0.00002	 0.00000	 0.00808	 1.00000
4729714512	 0.00000	 0.00000	 0.00148	 4.00000
4753886827	 0.00000	 0.00000	 0.00223	 1.00000
4754043476	 1.00000	 0.00000	 1.00000	 1.00000
4778305466	 1.00000	 0.00000	 1.00000	 1.00000
4781576424	 0.00000	 0.00000	 0.00036	 1.00000
4785055514	 0.00002	 0.00000	 0.00808	 1.00000
4799232863	 1.00000	 0.00000	 1.00000	 1.00000
4804273755	 1.00000	 0.00000	 1.00000	 1.00000
4805112715	 0.00000	 0.00000	 0.00223	 1.00000
4808934493	 0.00002	 0.00000	 0.00808	 1.00000
4814142505	 0.00002	 0.00000	 0.00808	 1.00000
4816289549	 0.00002	 0.00000	 0.00808	 1.00000
4818110147	 1.00000	 0.00000	 1.00000	 1.00000
4818419842	 0.00000	 0.00000	 0.00158	 1.00000
4821627857	 1.00000	 0.00000	 1.00000	 1.00000
4827439747	 1.00000	 0.00000	 1.00000	 1.00000
4827809970	 0.50110	 0.00000	 1.00000	 2.00000
4827941893	 1.00000	 0.00000	 1.00000	 1.00000
4828311314	 1.00000	 0.00000	 1.00000	 1.00000
4828957012	 1.00000	 0.00000	 1.00000	 1.00000
4840654073	 1.00000	 0.00000	 1.00000	 1.00000
4845531627	 0.00000	 0.00000	 0.00223	 1.00000
4846558071	 0.00000	 0.00000	 0.00223	 1.00000
4848245457	 1.00000	 0.00000	 1.00000	 1.00000
4851646786	 1.00000	 0.00000	 1.00000	 1.00000
4851749565	 0.00002	 0.00000	 0.00808	 1.00000
4852229441	 0.99575	 0.00000	 1.00000	 1.00000
4854202961	 0.00002	 0.00000	 0.00808	 1.00000
4854541359	 1.00000	 0.00000	 1.00000	 1.00000
4854822338	 0.00002	 0.00000	 0.00808	 1.00000
4855348395	 0.00008	 0.00000	 0.01513	 1.00000
4855352961	 0.00002	 0.00000	 0.00672	 1.00000
4855687055	 0.00000	 0.00000	 0.00167	 3.00000
4855883563	 0.00000	 0.00000	 0.00044	 1.00000
4856145406	 0.00000	 0.00000	 0.00223	 1.00000
4858254633	 0.00002	 0.00000	 0.00808	 1.00000
4862085552	 0.00002	 0.00000	 0.00808	 1.00000
4868300675	 0.99995	 0.00000	 1.00000	 1.00000
4869486875	 0.00002	 0.00000	 0.00808	 1.00000
4872606291	 0.00002	 0.00000	 0.00808	 1.00000
4872648885	 0.00002	 0.00000	 0.00808	 1.00000
4874688476	 0.00000	 0.00000	 0.00223	 1.00000
4874869758	 1.00000	 0.00000	 1.00000	 1.00000
4875318501	 0.00002	 0.00000	 0.00808	 1.00000
4876872112	 0.99575	 0.00000	 1.00000	 1.00000
4880736665	 0.00000	 0.00000	 0.00223	 1.00000
4883847269	 0.00001	 0.00000	 0.00269	 3.00000
4883869587	 1.00000	 0.00000	 1.00000	 1.00000
4886213447	 1.00000	 0.00000	 1.00000	 1.00000
4888990768	 0.00000	 0.00000	 0.00223	 1.00000
4894427593	 0.00002	 0.00000	 0.00808	 1.00000
4905243038	 0.50008	 0.00000	 1.00000	 2.00000
4909892111	 0.00002	 0.00000	 0.00808	 1.00000
4910862510	 0.99995	 0.00000	 1.00000	 1.00000
4919568978	 0.99995	 0.00000	 1.00000	 1.00000
4919581838	 0.99995	 0.00000	 1.00000	 1.00000
4919728466	 0.99995	 0.00000	 1.00000	 1.00000
699924196126756865	 1.00000	 0.00000	 1.00000	 1.00000
700244391101771777	 0.00000	 0.00000	 0.00223	 1.00000
700693962798067712	 0.00000	 0.00000	 0.00223	 1.00000
701135446831661056	 0.00000	 0.00000	 0.00223	 1.00000
701154837841494018	 0.00002	 0.00000	 0.00808	 1.00000
701285115574378496	 1.00000	 0.00000	 1.00000	 2.00000
701419368043962368	 0.99575	 0.00000	 1.00000	 1.00000
701471076958732288	 0.00000	 0.00000	 0.00223	 1.00000
701530709962395648	 1.00000	 0.00000	 1.00000	 1.00000
701556562238828544	 0.00002	 0.00000	 0.00808	 1.00000
701789312157929474	 1.00000	 0.00000	 1.00000	 1.00000
701840040327061504	 0.00002	 0.00000	 0.00808	 1.00000
701973547778973698	 0.00002	 0.00000	 0.00808	 1.00000
701979404411523072	 0.00002	 0.00000	 0.00808	 1.00000
702154047181053952	 1.00000	 0.00000	 1.00000	 1.00000
702530571734351872	 0.00001	 0.00000	 0.00296	 2.00000
702712232958947328	 0.00000	 0.00000	 0.00223	 1.00000
702809670159876097	 1.00000	 0.00000	 1.00000	 1.00000
702895208497856512	 0.99999	 0.00000	 1.00000	 1.00000
703092014607241216	 0.00002	 0.00000	 0.00808	 1.00000
703157869042995200	 0.99985	 0.00000	 1.00000	 1.00000
703313838586761216	 0.00002	 0.00000	 0.00808	 1.00000
703334512214695936	 0.00002	 0.00000	 0.00808	 1.00000
703770759194386432	 1.00000	 0.00000	 1.00000	 1.00000
703788786854010880	 0.00002	 0.00000	 0.00808	 1.00000
703832021957619712	 0.99575	 0.00000	 1.00000	 1.00000
704087161667088384	 0.99575	 0.00000	 1.00000	 1.00000
704147410944036864	 0.00002	 0.00000	 0.00808	 1.00000
704155233853702144	 1.00000	 0.00000	 1.00000	 1.00000
704298359004241920	 1.00000	 0.00000	 1.00000	 1.00000
704519691075608576	 0.00000	 0.00000	 0.00223	 1.00000
704853563067858944	 0.00002	 0.00000	 0.00808	 1.00000
704941969433346048	 0.00002	 0.00000	 0.00808	 1.00000
705060931487686656	 1.00000	 0.00000	 1.00000	 1.00000
705210966011736064	 1.00000	 0.00000	 1.00000	 1.00000
705223032139345920	 0.00002	 0.00000	 0.00808	 1.00000
705441738391838720	 0.00000	 0.00000	 0.00129	 1.00000
705449093146005510	 1.00000	 0.00000	 1.00000	 1.00000
705450548359733249	 1.00000	 0.00000	 1.00000	 1.00000
705541526755999744	 1.00000	 0.00000	 1.00000	 1.00000
705547402774712320	 0.00002	 0.00000	 0.00808	 1.00000
705782902655684608	 0.00002	 0.00000	 0.00808	 1.00000
705887221795168259	 1.00000	 0.00000	 1.00000	 1.00000
705896328698662919	 0.00002	 0.00000	 0.00808	 1.00000
706261339572977664	 0.00002	 0.00000	 0.00808	 1.00000
706338463872897024	 0.00000	 0.00000	 0.00223	 1.00000
706380210854297600	 0.00002	 0.00000	 0.00808	 1.00000
706702624117002241	 0.99995	 0.00000	 1.00000	 1.00000
706714132762918912	 0.16682	 0.00000	 0.43905	 6.00000
706781116343164928	 0.99998	 0.00000	 1.00000	 1.00000
706878851671040000	 0.99999	 0.00000	 1.00000	 1.00000
707150321542414336	 0.99998	 0.00000	 1.00000	 1.00000
707156999465799680	 1.00000	 0.00000	 1.00000	 1.00000
707170122771906560	 0.99999	 0.00000	 1.00000	 2.00000
707172608400347136	 1.00000	 0.00000	 1.00000	 1.00000
707443206284255232	 0.00001	 0.00000	 0.00404	 2.00000
707850926846046208	 0.00002	 0.00000	 0.00808	 1.00000
707946968656400385	 1.00000	 0.00000	 1.00000	 1.00000
708391853251428352	 1.00000	 0.00000	 1.00000	 1.00000
708463832989995008	 0.00000	 0.00000	 0.00223	 1.00000
708472142707499008	 0.00000	 0.00000	 0.00223	 1.00000
708476530913968129	 1.00000	 0.00000	 1.00000	 1.00000
708504580850495488	 0.99879	 0.00000	 1.00000	 1.00000
708668343075672064	 1.00000	 0.00000	 1.00000	 1.00000
708711310750584832	 1.00000	 0.00000	 1.00000	 1.00000
708719520920113152	 0.00002	 0.00000	 0.00808	 1.00000
709133160437686273	 0.00002	 0.00000	 0.00808	 1.00000
709150271050530817	 1.00000	 0.00000	 1.00000	 1.00000
709539484136828928	 1.00000	 0.00000	 1.00000	 1.00000
709599386334957568	 1.00000	 0.00000	 1.00000	 1.00000
709776957110489088	 0.99575	 0.00000	 1.00000	 1.00000
709838339277508609	 0.00002	 0.00000	 0.00808	 1.00000
710111374362353664	 1.00000	 0.00000	 1.00000	 1.00000
710116900370419712	 1.00000	 0.00000	 1.00000	 1.00000
710152830300991488	 1.00000	 0.00000	 1.00000	 1.00000
710157916502753280	 1.00000	 0.00000	 1.00000	 1.00000
710192322751897601	 0.00002	 0.00000	 0.00808	 1.00000
710361627992924160	 0.00001	 0.00000	 0.00296	 2.00000
710471144638287872	 1.00000	 0.00000	 1.00000	 1.00000
710623332157284352	 0.00000	 0.00000	 0.00223	 1.00000
711254401936019456	 1.00000	 0.00000	 1.00000	 1.00000
711349816110895104	 0.33332	 0.00000	 0.87751	 3.00000
711393841295859713	 0.00002	 0.00000	 0.00808	 1.00000
711576455306743808	 0.00002	 0.00000	 0.00808	 1.00000
711707487335010304	 1.00000	 0.00000	 1.00000	 1.00000
712099255348023296	 0.00002	 0.00000	 0.00808	 1.00000
712235488422334464	 0.00000	 0.00000	 0.00223	 1.00000
712368879113216000	 0.00002	 0.00000	 0.00808	 1.00000
712387674204545024	 1.00000	 0.00000	 1.00000	 1.00000
712396720148099072	 1.00000	 0.00000	 1.00000	 1.00000
712440727607709696	 1.00000	 0.00000	 1.00000	 1.00000
712625110016864256	 0.00000	 0.00000	 0.00036	 1.00000
713039021518118921	 0.00002	 0.00000	 0.00808	 1.00000
713143274631000064	 0.00002	 0.00000	 0.00808	 1.00000
713269200924467200	 0.00002	 0.00000	 0.00808	 1.00000
713362547987124225	 1.00000	 0.00000	 1.00000	 1.00000
713426483566522370	 1.00000	 0.00000	 1.00000	 1.00000
713549199669915648	 1.00000	 0.00000	 1.00000	 1.00000
713554669549654016	 0.50110	 0.00000	 1.00000	 2.00000
713805186624520193	 1.00000	 0.00000	 1.00000	 1.00000
713962407551451136	 1.00000	 0.00000	 1.00000	 1.00000
714633790749077505	 0.99980	 0.00000	 1.00000	 1.00000
714989079021006848	 0.50008	 0.00000	 1.00000	 2.00000
715507162764689408	 0.00002	 0.00000	 0.00808	 1.00000
715624311139086336	 0.00000	 0.00000	 0.00223	 1.00000
715771769320259584	 1.00000	 0.00000	 1.00000	 1.00000
715773514398171136	 0.00002	 0.00000	 0.00808	 1.00000
715978465653166080	 0.00002	 0.00000	 0.00808	 1.00000
716054156767678464	 0.00002	 0.00000	 0.00808	 1.00000
716507024389963777	 0.00002	 0.00000	 0.00808	 1.00000
716708603005177862	 0.00002	 0.00000	 0.00808	 1.00000
717632581827764224	 0.00000	 0.00000	 0.00161	 5.00000
718189956590505984	 0.00002	 0.00000	 0.00808	 1.00000
718241901145690112	 0.00002	 0.00000	 0.00808	 1.00000
718247118612336640	 0.00002	 0.00000	 0.00808	 1.00000
718253776688254977	 0.00002	 0.00000	 0.00808	 1.00000
718254475899703298	 0.00002	 0.00000	 0.00808	 1.00000
718259608146616321	 0.00002	 0.00000	 0.00808	 1.00000
