 0.          8.56357372  0.          5.        
  0.          17.12714744   0.          10.        
  0.          25.69072116   0.          15.        
  0.          34.25429488   0.          20.        
  0.29330593  35.           4.56460635  20.43539365
  0.61458877  35.           9.56460635  20.43539365
  0.9358716   35.          14.56460635  20.43539365
  1.25715443  35.          19.56460635  20.43539365
  1.57843727  35.          24.56460635  20.43539365
  1.8997201   35.          29.56460635  20.43539365
  2.22100294  35.          34.56460635  20.43539365
  2.54228577  35.          39.56460635  20.43539365
  2.86356861  35.          44.56460635  20.43539365
  3.18485144  35.          49.56460635  20.43539365
  3.50613427  35.          54.56460635  20.43539365
  3.82741711  35.          59.56460635  20.43539365
  4.14869994  35.          64.56460635  20.43539365
  4.46998278  35.          69.56460635  20.43539365
  4.79126561  35.          74.56460635  20.43539365
  5.11254844  35.          79.56460635  20.43539365
