 0.          4.78998365  0.          5.        
  0.           9.57996729   0.          10.        
  0.          14.36995094   0.          15.        
  0.          19.15993458   0.          20.        
  0.          23.94991823   0.          25.        
  0.          28.73990188   0.          30.        
  0.          33.52988552   0.          35.        
  0.21720792  35.           3.4654285   36.5345715 
  0.53060052  35.           8.4654285   36.5345715 
  0.84399311  35.          13.4654285   36.5345715 
  1.15738571  35.          18.4654285   36.5345715 
  1.4707783  35.         23.4654285  36.5345715
  1.78417089  35.          28.4654285   36.5345715 
  2.09756349  35.          33.4654285   36.5345715 
  2.41095608  35.          38.4654285   36.5345715 
  2.72434867  35.          43.4654285   36.5345715 
  3.03774127  35.          48.4654285   36.5345715 
  3.35113386  35.          53.4654285   36.5345715 
  3.66452645  35.          58.4654285   36.5345715 
  3.97791905  35.          63.4654285   36.5345715 
