0.85964 0332 
0.85964 0362 
0.85964 0942 
0.85964 1975 
0.85964 0618 
0.85964 0426 
0.85964 1836 
0.85964 1650 
0.85964 0496 
0.85964 0827 
0.85964 0496 1836 
0.85964 0248 0832 
0.85964 2478 
0.85964 0117 
0.85964 0832 
0.85964 0330 
0.82011 1263 
0.76653 0619 
0.76377 0642 
0.74379 0706 
0.72606 0829 
0.71525 0748 
0.71063 0987 
0.69650 0752 
0.62346 1789 
0.55793 0458 
0.53192 0655 
0.52385 1083 
0.51172 0355 
0.42968 0248 
0.42747 0626 
0.39800 0045 
0.38004 0177 
0.36088 1043 
0.35611 0051 
0.35555 0116 
0.34998 0040 
0.34396 0418 
0.26295 0118 
0.21397 1201 
0.20983 0755 
0.16150 0093 
0.13596 1835 
0.10129 0501 
0.09307 0134 
0.06672 0525 
0.04319 0617 
0.01012 0245 
-0.02555 0416 
-0.03215 0180 
-0.04400 0174 
-0.12615 0284 
-0.24707 0387 
-0.26785 0442 
-0.29475 0088 
-0.31576 0374 
-0.32613 0495 
-0.33766 0453 
-0.42781 0152 
-0.48377 0298 
-0.58146 0003 
-0.75981 0067 
-0.81753 0060 
-0.82342 0122 
-1.01538 0473 
-1.04129 0066 
-1.40924 0025 
