0.79356 0524 
0.79356 0590 
0.79356 0397 0481 
0.79356 0250 
0.79356 0479 
0.79356 0544 
0.79356 0031 
0.79356 0686 
0.79356 0889 
0.79356 1076 
0.79356 0881 
0.79356 0084 0784 
0.79356 0625 
0.79356 0792 
0.79356 0621 
0.77040 0025 0397 
0.73698 0084 0387 
0.72658 0784 
0.72599 0591 
0.71513 0191 
0.70915 0481 
0.69002 0000 
0.68946 0395 
0.67462 0376 
0.62974 0610 
0.60092 0030 
0.59257 0397 
0.58460 0757 
0.57746 0036 
0.54439 0007 
0.52932 0767 
0.49099 0547 
0.45037 0880 
0.40156 0190 0397 
0.38664 0982 
0.33356 0764 
0.30974 0034 
0.28128 0104 
0.26349 0084 
0.26040 0627 
0.23717 0909 
0.20797 0183 
0.19896 0573 
0.15435 0137 
0.14791 0204 
0.07754 0193 
0.06567 0190 
0.02508 0025 
-0.03112 0374 
-0.03513 1022 
-0.04004 0233 
-0.04754 0088 
-0.05981 0211 
-0.08352 0325 
-0.08435 0060 
-0.08642 0387 
-0.18921 0067 
-0.21119 0234 
-0.27223 0488 
-0.28239 0174 
-0.30312 0416 
-0.35510 0018 
-0.41114 0559 
-0.53169 0027 
-0.58321 0323 
-0.81030 0003 
-0.88600 0418 
-1.04040 0028 
-1.66234 0026 
-1.89283 0382 
-1.98182 0390 
-3.65621 0105 
