0.74473 0181 0390 
0.74473 0298 1832 
0.74473 0382 0723 
0.74473 0382 0407 
0.74473 0425 
0.74473 1832 
0.74473 0225 0382 0407 
0.74473 0181 
0.74473 0317 0563 
0.74473 0400 
0.74473 0225 0407 
0.74473 0317 0473 
0.74473 0422 
0.74473 0225 0382 
0.74473 0066 0400 
0.74473 0382 0422 
0.74473 0390 0425 
0.74473 0407 
0.74473 2068 
0.73231 0390 0473 
0.70146 0078 
0.67699 0317 
0.66921 0576 
0.66484 0317 0448 
0.66159 0874 
0.64103 0797 
0.60730 0317 0390 
0.57387 0723 
0.56364 0038 0317 
0.53344 0382 
0.52961 0225 
0.51426 1219 
0.50434 0565 
0.47217 0731 
0.46861 0537 
0.43884 0474 
0.42847 0563 
0.36261 0526 
0.35667 1259 
0.34715 0382 0390 
0.32298 1048 
0.31750 0435 
0.30504 0066 
0.30281 0473 
0.29380 0394 
0.26061 0447 
0.23665 0448 
0.20575 0038 0066 
0.20430 0601 
0.16910 0661 
0.15893 0548 
0.15189 0745 
0.12830 0492 
0.08532 0096 
0.07981 1102 
0.05180 0298 
0.04089 0389 
0.01619 0152 
-0.03410 0083 
-0.05474 0495 
-0.10995 0559 
-0.12697 0488 
-0.24754 0390 
-0.31897 0180 
-0.32511 0234 
-0.34415 0339 
-0.36651 0245 
-0.40422 0453 
-0.41389 0003 
-0.43509 0525 
-0.44328 0025 
-0.54767 0038 
-0.63328 0137 
-0.64597 1201 
-0.73171 0174 
-0.86345 0149 
-0.96408 0177 
-0.98552 0060 
-1.24410 0248 
-1.47403 0458 
-1.51370 0441 
-1.58955 0067 
