0.0052487850189209
0.0061991214752197
0.011653184890747
0.010854959487915
0.007627010345459
0.023635864257812
0.015973091125488
0.018193960189819
0.015915155410767
0.0090639591217041
0.0075199604034424
0.0071520805358887
0.0050020217895508
0.0053050518035889
0.0065310001373291
0.0064041614532471
0.0056791305541992
0.0052268505096436
0.021956920623779
0.0086770057678223
0.0058948993682861
0.0073080062866211
0.0047991275787354
0.010174036026001
0.0071539878845215
0.0051460266113281
0.0049772262573242
0.0053489208221436
0.011343002319336
0.0090501308441162
0.0068910121917725
0.044161081314087
0.0099039077758789
0.038182973861694
0.0071749687194824
0.023087978363037
0.0086119174957275
0.016901016235352
0.013758897781372
0.036022901535034
0.012222051620483
0.0075109004974365
0.016613960266113
0.013850927352905
0.0058331489562988
0.018785953521729
0.0065879821777344
0.0090858936309814
4.9609570503235
4.5819940567017
4.5835230350494
4.2536649703979
1.3981158733368
1.5995059013367
3.3861031532288
0.65220308303833
0.66307902336121
2.466463804245
3.6773898601532
0.056051969528198
0.057065963745117
0.029245853424072
0.044413089752197
0.07774806022644
0.035725116729736
0.045262813568115
0.082488059997559
0.063571929931641
0.040893077850342
0.018553018569946
0.017884969711304
0.039769887924194
0.065823793411255
0.059082984924316
0.087822198867798
0.092133045196533
0.13487505912781
0.069483041763306
0.082871198654175
0.091217041015625
0.038867950439453
0.055636882781982
0.055796146392822
0.048785924911499
0.11023807525635
0.083241939544678
0.060166835784912
0.054138898849487
0.14000415802002
0.065304040908813
0.16170477867126
0.16996192932129
0.14022207260132
0.069846868515015
0.09357213973999
0.091861963272095
0.10941696166992
0.17023515701294
0.055375099182129
0.10864305496216
0.12743592262268
0.15232014656067
0.12913179397583
0.12786602973938
0.13189888000488
0.10683107376099
0.079730033874512
0.063431024551392
0.033817052841187
0.236496925354
0.080084800720215
0.075246095657349
0.09955620765686
0.10867285728455
0.23014092445374
0.26046109199524
0.44860100746155
0.26099705696106
0.10355496406555
0.21140694618225
0.095324039459229
0.16090703010559
0.21541810035706
0.25806713104248
0.17577385902405
0.1222710609436
0.15135312080383
0.073797941207886
0.091120958328247
0.1524920463562
0.1648690700531
0.15283918380737
0.2687668800354
0.037425994873047
0.20228910446167
0.24946999549866
0.33010482788086
0.133465051651
0.1222128868103
0.1207959651947
0.28004312515259
0.14150905609131
0.013890027999878
0.19073295593262
0.30107307434082
0.69669699668884
0.19218301773071
0.14694595336914
0.084996938705444
0.26547884941101
0.22069001197815
0.19683003425598
0.11725902557373
0.043715953826904
0.15779805183411
0.11354899406433
0.1080629825592
0.24103188514709
0.24537587165833
0.36846494674683
0.27639198303223
0.11861681938171
0.36013698577881
0.096665859222412
0.067218065261841
0.069004058837891
0.22657608985901
0.1278510093689
0.33593487739563
0.12106680870056
0.098654985427856
0.25366902351379
0.76682901382446
0.35082292556763
0.1200270652771
0.16417598724365
0.22532105445862
0.29918885231018
0.21345090866089
0.021054983139038
0.22657108306885
0.16983699798584
0.31983804702759
0.17852878570557
0.074624061584473
0.25242590904236
0.13458609580994
0.15109205245972
0.16512179374695
0.2191801071167
0.34462809562683
0.047215223312378
0.17673897743225
0.11720895767212
0.21988606452942
0.12492799758911
0.0087368488311768
0.16781187057495
0.10956215858459
0.22629189491272
