0.0079250335693359
0.0063309669494629
0.0058341026306152
0.0073001384735107
0.0065000057220459
0.011104106903076
0.0060319900512695
0.047437906265259
0.022506952285767
0.0089759826660156
0.021531820297241
0.005713939666748
0.054414987564087
0.036149024963379
0.017989873886108
0.070150852203369
0.027554988861084
0.018805027008057
0.0054550170898438
0.009458065032959
0.0079991817474365
0.0061788558959961
0.028248071670532
0.054244995117188
0.034848928451538
0.041029930114746
0.015244960784912
0.04297399520874
0.021837949752808
0.056479930877686
0.034361124038696
0.085969209671021
0.059724092483521
0.051522970199585
0.10030317306519
0.09604811668396
0.03031587600708
0.057666063308716
0.03735089302063
0.061688899993896
0.07022500038147
0.048748016357422
0.050255060195923
0.037068128585815
0.070277214050293
0.093362092971802
0.045574903488159
0.061901092529297
0.053478956222534
0.081549882888794
0.087476015090942
0.01599907875061
3.7249360084534
1.2272260189056
2.8408100605011
2.2354950904846
0.69911313056946
1.2006480693817
0.77994012832642
0.30955195426941
2.9433829784393
0.029137849807739
0.059189081192017
0.029500961303711
0.070231914520264
0.026757955551147
0.022850036621094
0.027263879776001
0.016645908355713
0.01620888710022
1.0004799365997
0.047443151473999
0.006087064743042
0.024522066116333
0.014657020568848
0.022897005081177
0.078278064727783
0.11076807975769
1.4127349853516
0.024311065673828
0.04345703125
0.031980991363525
0.040514945983887
0.020731925964355
0.010678052902222
0.045914888381958
0.0244300365448
0.0053999423980713
0.013641834259033
0.0059669017791748
0.0066711902618408
0.014707088470459
0.0051770210266113
0.0073559284210205
0.0053989887237549
0.0063350200653076
0.0054800510406494
0.0074810981750488
0.0083060264587402
0.0058910846710205
0.006746768951416
0.011873006820679
0.006479024887085
0.0055348873138428
0.018103122711182
0.011268854141235
0.022906064987183
0.0071449279785156
0.065921783447266
0.046597003936768
0.017476797103882
0.031131982803345
0.034617900848389
0.029995918273926
0.015305042266846
0.019451856613159
0.025136947631836
0.027040958404541
0.046261072158813
0.022718906402588
0.010285139083862
0.022351980209351
0.036348819732666
0.035881042480469
0.040661811828613
0.029359102249146
0.051102876663208
0.016052961349487
0.019720077514648
0.071178913116455
0.030327081680298
0.056815147399902
0.028903961181641
0.013878107070923
0.0082919597625732
0.040657043457031
0.075275897979736
0.045809030532837
0.029165029525757
0.067132949829102
0.045042037963867
0.023821115493774
0.030822992324829
0.022485017776489
0.038031101226807
0.075396060943604
0.033740997314453
0.032264947891235
0.071133136749268
0.019757032394409
0.027781009674072
0.021306037902832
0.02827000617981
0.048245191574097
0.023869037628174
0.039927959442139
0.070257902145386
0.040359973907471
0.052870035171509
0.047677040100098
0.041162967681885
0.054872035980225
0.050455093383789
0.038618087768555
0.048755884170532
0.075748920440674
0.05281400680542
0.01932692527771
0.080692052841187
0.069879055023193
0.048730850219727
0.0057549476623535
0.13078808784485
0.074396848678589
0.050348997116089
0.10003900527954
0.069540023803711
0.064181089401245
0.030352830886841
0.050222873687744
0.076849937438965
0.038800001144409
0.060230016708374
0.045657873153687
0.13833689689636
0.10314702987671
0.11800789833069
0.22537803649902
0.24674987792969
0.069225072860718
0.057354927062988
0.06145191192627
0.083866119384766
0.058234930038452
0.069400072097778
0.10303092002869
0.079837799072266
0.060015916824341
0.038068056106567
0.10737013816833
