
0.72458600997925
0.71200609207153
0.83667993545532
0.96161699295044
1.1687750816345
1.3498940467834
1.4971420764923
1.335018157959
1.4669909477234
1.0087690353394
0.78096294403076
1.1093549728394
1.2065789699554
1.2070119380951
0.94608020782471
0.80555200576782
1.3703849315643
1.5249030590057
1.7224149703979
2.0780880451202
2.0575318336487
2.2441778182983
2.2203259468079
2.5342519283295
2.5053539276123
2.9442641735077
2.872663974762
3.3748860359192
3.2551350593567
3.5085170269012
3.4870448112488
3.2705070972443
3.8210270404816
3.5586698055267
3.8382890224457
4.0048611164093
3.757630109787
4.0953919887543
4.3246099948883
4.7988929748535
4.8139200210571
5.2709019184113
5.4339230060577
5.3368718624115
4.8868989944458
5.1880609989166
4.9110960960388
5.4801621437073
5.5588190555573
5.0906991958618
4.8751051425934
5.6215260028839
5.080470085144
4.9163038730621
5.0009980201721
4.8557150363922
4.4138250350952
4.455060005188
5.0449838638306
4.7199399471283
3.9205269813538
3.6324920654297
3.8462729454041
3.7370059490204
4.0058708190918
4.01606798172
3.912045955658
3.4946479797363
3.6507329940796
3.7083349227905
3.7048361301422
3.6579768657684
3.4187939167023
2.825413942337
2.6038489341736
0.66851210594177
0.76951694488525
0.94429898262024
0.38996696472168
0.39688801765442
0.64966702461243
1.0825009346008
1.143247127533
1.1851799488068
1.0400211811066
0.85652494430542
0.38392519950867
0.72776794433594
0.64402794837952
0.38609194755554
0.39162302017212
0.3668749332428
0.43332195281982
0.79774904251099
1.1388568878174
1.1296870708466
0.9633641242981
0.47710108757019
0.35867691040039
0.47372984886169
1.1131839752197
1.3402869701385
1.4407238960266
1.2830698490143
1.0746119022369
1.2128608226776
1.4417150020599
1.1160500049591
0.81581211090088
0.90638494491577
1.1193039417267
1.1743252277374
0.67237901687622
0.63231086730957
0.52645802497864
0.39329099655151
0.3727970123291
0.39053201675415
0.37162899971008
0.38480997085571
0.87125682830811
0.80666995048523
0.36991190910339
0.4055700302124
0.36483097076416
0.40466713905334
1.4585800170898
0.55764102935791
0.53908395767212
0.82816910743713
0.6388988494873
0.71997404098511
0.98989081382751
0.78475499153137
0.96759700775146
1.2133848667145
1.5127558708191
1.3729300498962
1.4660568237305
1.8031220436096
1.9094429016113
1.9438831806183
2.0393159389496
2.3675229549408
2.3425891399384
2.4148271083832
2.7106781005859
2.4394588470459
2.5287020206451
2.6394882202148
2.4388058185577
2.1717000007629
2.1074159145355
1.733108997345
1.4868018627167
0.37599587440491
0.37105989456177
0.57611989974976
1.0909028053284
1.2067339420319
1.1154069900513
1.0646340847015
1.5732901096344
1.6400640010834
1.7508709430695
1.8148419857025
1.996267080307
1.9328610897064
2.0718150138855
1.6987860202789
1.5210988521576
1.5868377685547
1.59366106987
1.8736209869385
1.9610300064087
2.2420918941498
2.719587802887
2.6465740203857
2.6413540840149
3.1267449855804
2.3297729492188
2.0988910198212
1.3284540176392
0.36336994171143
0.36683893203735
0.62970018386841
0.86982607841492
0.94657611846924
1.5058701038361
1.7193260192871
1.4943089485168
1.4111461639404
0.78312397003174
0.7329409122467
0.96177887916565
0.92012405395508
0.84201788902283
0.36715412139893
0.59802794456482
