0.0052628517150879
0.0058748722076416
0.0073339939117432
0.0063328742980957
0.0052061080932617
0.011279821395874
0.0068368911743164
0.0049691200256348
0.01164698600769
0.0056130886077881
0.011873006820679
0.010767936706543
0.014283895492554
0.0051069259643555
0.012161016464233
0.01029109954834
0.010172843933105
0.0067269802093506
0.0050640106201172
0.005000114440918
0.0067429542541504
0.0054340362548828
0.019196033477783
0.0052688121795654
0.015156030654907
0.030699014663696
0.036752939224243
0.032896041870117
0.0082859992980957
0.058734893798828
0.015174865722656
0.024523973464966
0.0058071613311768
0.0053319931030273
0.0056371688842773
0.011399984359741
0.0056631565093994
0.0061910152435303
0.0064880847930908
0.011121988296509
0.0057070255279541
0.0086891651153564
0.0083510875701904
0.0056359767913818
0.0050508975982666
0.0060088634490967
0.0061419010162354
0.0054049491882324
0.00547194480896
0.017387866973877
0.0053958892822266
0.0062470436096191
0.0053369998931885
0.0084958076477051
0.0057051181793213
0.012372016906738
0.013623952865601
0.0055978298187256
0.0055630207061768
0.020336866378784
0.005605936050415
0.005587100982666
0.0059411525726318
0.0058650970458984
0.0063040256500244
0.0055320262908936
0.0057270526885986
0.017879009246826
0.044581890106201
0.017928838729858
0.020174026489258
0.0052351951599121
0.0063958168029785
0.0061779022216797
0.012802839279175
0.0090570449829102
0.005295991897583
0.0090370178222656
0.01031494140625
0.0053839683532715
0.010354995727539
0.0095641613006592
0.00673508644104
0.0061478614807129
0.0091729164123535
0.0051350593566895
0.0052530765533447
0.012249946594238
0.00642991065979
0.0049779415130615
0.017926931381226
0.018806934356689
0.0071179866790771
0.0060799121856689
0.010555982589722
0.0058550834655762
0.0072500705718994
0.0053520202636719
0.0055489540100098
0.054198980331421
0.022706031799316
0.014436960220337
0.0080649852752686
0.019560098648071
0.0054559707641602
0.015496015548706
0.015321016311646
0.037332057952881
0.0081021785736084
0.036078214645386
0.017433166503906
0.050313234329224
0.016866207122803
0.05735182762146
0.016361951828003
0.005403995513916
0.013466119766235
0.0087900161743164
0.017756938934326
0.0046060085296631
0.032583951950073
0.059640884399414
0.0044310092926025
0.011334180831909
0.032827854156494
0.0078258514404297
0.004547119140625
0.0071051120758057
0.023497104644775
0.010004043579102
0.0045750141143799
0.0049588680267334
0.0072731971740723
0.0051560401916504
0.028778791427612
0.0067341327667236
0.009253978729248
0.033380031585693
0.0054287910461426
0.00760817527771
0.0054399967193604
0.0058159828186035
0.0049810409545898
0.0065391063690186
0.015898942947388
0.015252113342285
0.006303071975708
0.0060348510742188
0.031851053237915
0.005734920501709
0.022068023681641
0.028434991836548
0.031114816665649
0.011737108230591
0.0056898593902588
0.0055930614471436
0.0060651302337646
0.0055060386657715
0.023993968963623
0.0072519779205322
0.0053169727325439
0.0059139728546143
0.006091833114624
0.0051019191741943
0.024816989898682
0.0065319538116455
0.0054278373718262
0.0058770179748535
0.0062549114227295
0.005620002746582
0.0048089027404785
0.0053629875183105
0.020611047744751
0.00537109375
0.011947154998779
0.013341903686523
0.033156156539917
0.030380964279175
0.014912843704224
0.01342511177063
0.0073690414428711
0.015846967697144
0.020153045654297
0.013459205627441
0.0053918361663818
0.014942169189453
0.0051059722900391
0.0060079097747803
0.0093369483947754
0.017542839050293
0.0082628726959229
0.02066707611084
0.011785984039307
0.044432878494263
0.018585920333862
0.035208940505981
0.0052189826965332
0.015618085861206
0.0049858093261719
0.0051908493041992
