0.0054528713226318
0.0058448314666748
0.022439956665039
0.041632175445557
0.0094971656799316
0.0063629150390625
0.0053961277008057
0.036046028137207
0.01789402961731
0.0053651332855225
0.0056478977203369
0.023703098297119
0.024945020675659
0.021007061004639
0.013283014297485
0.021608114242554
0.0085761547088623
0.048002958297729
0.019640922546387
0.017723798751831
0.036595106124878
0.013386964797974
0.032378911972046
0.038693189620972
0.030586004257202
0.044193983078003
0.022541999816895
0.068453788757324
0.053071975708008
0.03945517539978
0.029284954071045
0.037988185882568
0.081829071044922
0.050198078155518
0.080312967300415
0.054002046585083
0.056399822235107
0.033376932144165
0.052244186401367
0.067929029464722
5.0109529495239
0.65193581581116
3.2248568534851
0.90215086936951
1.1310269832611
3.9870898723602
0.79925012588501
0.027724981307983
0.061371088027954
0.026245832443237
0.01426887512207
0.037823915481567
0.08734393119812
0.069236040115356
0.041823148727417
0.082401990890503
0.031811952590942
0.035655975341797
0.053175926208496
0.070180892944336
0.066076040267944
0.015212059020996
0.035094976425171
0.049515008926392
0.011987924575806
0.016144990921021
0.040421009063721
0.035279035568237
0.043960809707642
0.033322095870972
0.021517038345337
0.025701999664307
0.01429009437561
0.029247999191284
0.028788805007935
0.0074100494384766
0.040315866470337
0.010742902755737
0.0345618724823
0.019702911376953
0.032413005828857
0.025920867919922
0.019612789154053
0.017666101455688
0.033812999725342
0.020649909973145
0.039103984832764
0.030378818511963
0.0090539455413818
0.0049259662628174
0.0057709217071533
0.030242919921875
0.035804033279419
0.0053229331970215
0.012218952178955
0.0052127838134766
0.017519950866699
0.010251045227051
0.016443014144897
0.023258924484253
0.023404121398926
0.050279140472412
0.030361175537109
0.033509969711304
0.013907909393311
0.01461386680603
0.029508113861084
0.052197933197021
0.051414012908936
0.070082902908325
0.067792892456055
0.050210952758789
0.049542903900146
0.061407089233398
0.034916162490845
0.059199094772339
0.065702199935913
0.03324818611145
0.036536931991577
0.057760953903198
0.048849105834961
0.085516929626465
0.059056043624878
0.057801008224487
0.080345869064331
0.07820200920105
0.06930685043335
0.052436113357544
0.030745983123779
0.06701397895813
0.059262990951538
0.069375991821289
0.060184001922607
0.073421001434326
0.038229942321777
0.063499927520752
0.077763080596924
0.057862997055054
0.070596933364868
0.090248107910156
0.050318956375122
0.072559118270874
0.051370143890381
0.033028125762939
0.057715892791748
0.091063976287842
0.050165891647339
0.1064670085907
0.055862903594971
0.090034961700439
0.04320502281189
0.047883987426758
0.047122001647949
0.053198099136353
0.046300888061523
0.030287981033325
0.091823101043701
0.1189980506897
0.15596795082092
0.070178985595703
0.031964063644409
0.040102005004883
0.042279005050659
0.040268182754517
0.026233911514282
0.026203155517578
0.01699686050415
0.02045202255249
0.05976414680481
0.030317068099976
0.058704137802124
0.040317058563232
0.029312133789062
0.015017986297607
0.056766033172607
0.041094064712524
0.06200909614563
0.041010856628418
0.056908130645752
0.062073945999146
0.051136016845703
0.053794145584106
0.078943014144897
0.029993057250977
0.031439065933228
0.056253910064697
0.11401104927063
0.079092979431152
0.072774887084961
0.051454067230225
0.047829151153564
0.096606016159058
0.062654972076416
0.050532102584839
0.076460838317871
0.052558183670044
0.045650005340576
0.075615167617798
0.20013618469238
0.13512206077576
