0.0051958560943604
0.0048332214355469
0.0060560703277588
0.0049660205841064
0.004863977432251
0.0049870014190674
0.010622978210449
0.0053260326385498
0.0064949989318848
0.020005941390991
0.0067670345306396
0.0050561428070068
0.01071572303772
0.0048038959503174
0.018656969070435
0.0045230388641357
0.013457775115967
0.019073247909546
0.0155348777771
0.0068109035491943
0.005842924118042
0.0052039623260498
0.004601001739502
0.2717981338501
0.0061831474304199
0.0069820880889893
0.0054390430450439
0.0057730674743652
0.0066540241241455
0.0056841373443604
0.0058927536010742
0.004802942276001
0.0052211284637451
0.0045139789581299
0.0047502517700195
0.0046451091766357
0.010936975479126
0.009746789932251
0.0060021877288818
0.015794038772583
0.017715930938721
0.01316499710083
0.020847797393799
0.0046582221984863
0.0055179595947266
0.0046830177307129
0.0086352825164795
0.0049240589141846
0.0079891681671143
0.020133018493652
0.0048990249633789
0.0047650337219238
0.011047124862671
0.0049691200256348
0.0059421062469482
0.0062251091003418
0.004734992980957
0.0056068897247314
0.022423028945923
0.0043840408325195
0.0047581195831299
0.0065360069274902
0.0052449703216553
0.0060749053955078
0.0048019886016846
0.0084149837493896
0.011667966842651
0.006119966506958
0.0046570301055908
0.01640510559082
0.0047519207000732
0.0098230838775635
0.0052368640899658
0.011613845825195
0.0074539184570312
0.01433277130127
0.014792919158936
0.0061640739440918
0.0059618949890137
0.0056519508361816
0.0047731399536133
0.0051901340484619
0.0058178901672363
0.01731014251709
0.005206823348999
0.0087752342224121
0.0074841976165771
0.0047929286956787
0.0052130222320557
0.012487888336182
0.024580717086792
0.013134717941284
0.0055041313171387
0.011820077896118
0.013582944869995
0.0060501098632812
0.0069208145141602
0.031177997589111
0.0047709941864014
0.023746252059937
0.006314754486084
0.0064089298248291
0.012378931045532
0.0083160400390625
0.0054948329925537
0.0048718452453613
0.0052471160888672
0.0060129165649414
0.007030725479126
0.016602277755737
0.038211107254028
0.0048561096191406
0.039713144302368
0.0061829090118408
0.0058639049530029
0.006256103515625
0.0046401023864746
0.011070013046265
0.0047340393066406
0.0047791004180908
0.0067329406738281
0.0092611312866211
0.0058162212371826
0.0043468475341797
0.01410984992981
0.010101079940796
0.0092236995697021
0.020304918289185
0.0043258666992188
0.0060880184173584
0.005842924118042
0.00494384765625
0.0063800811767578
0.013672828674316
0.032524108886719
0.0050761699676514
0.0050370693206787
0.0046830177307129
0.0051400661468506
0.0058510303497314
0.017223834991455
0.024873971939087
0.013844966888428
0.0075807571411133
0.0052847862243652
0.0049920082092285
0.0046789646148682
0.0048978328704834
0.022918939590454
0.0056700706481934
0.01636815071106
0.013418912887573
0.0049149990081787
0.0065431594848633
0.01539421081543
0.0068590641021729
0.0051732063293457
0.006641149520874
0.011622190475464
0.005389928817749
0.014113664627075
0.009166955947876
0.26340508460999
0.018419981002808
0.0046958923339844
0.012754917144775
0.0063388347625732
0.013412952423096
0.018038749694824
0.027182817459106
0.012567043304443
0.0068180561065674
0.0056350231170654
0.01662802696228
0.0056607723236084
0.0071618556976318
0.038161039352417
0.005094051361084
0.018413782119751
0.014281034469604
0.012404918670654
0.00465989112854
0.0065140724182129
0.012917995452881
0.0077500343322754
0.012222290039062
0.005831241607666
0.0076470375061035
0.01524806022644
0.0061979293823242
0.0046439170837402
0.0070412158966064
0.0063159465789795
0.005079984664917
0.013466119766235
0.038108825683594
0.0052661895751953
0.0045359134674072
0.01525092124939
0.016232252120972
