0.028126001358032
0.32171487808228
0.32479405403137
0.29116106033325
0.25432896614075
0.43861198425293
0.28661322593689
0.30254197120667
0.28151798248291
0.34244394302368
0.39808487892151
0.37547206878662
0.48932790756226
0.45112991333008
0.20784902572632
0.21883797645569
0.25712919235229
0.37844920158386
0.27115106582642
0.27437019348145
0.3194591999054
0.30894303321838
0.26402282714844
0.46054363250732
0.99224090576172
0.25311398506165
0.30300712585449
0.96627020835876
0.11129188537598
0.10710310935974
0.18037462234497
0.13003301620483
0.15678095817566
0.15777015686035
0.12026691436768
0.19103002548218
0.53342986106873
0.10986495018005
0.27631402015686
0.38379192352295
0.2744140625
0.55979013442993
0.19983220100403
0.22778296470642
0.31727004051208
0.23301720619202
2.0142931938171
0.26946401596069
0.2740650177002
0.22256183624268
0.31914520263672
0.3440682888031
0.24028205871582
0.33307504653931
0.54565477371216
0.35527896881104
0.29313707351685
0.81637620925903
0.34839105606079
0.39052724838257
0.57625007629395
0.02434778213501
0.48153829574585
0.49685096740723
0.26336717605591
0.42274498939514
0.33042311668396
0.31405591964722
0.27647495269775
0.10849404335022
0.25098490715027
0.16698384284973
0.1623113155365
0.58277010917664
0.18882584571838
0.6210458278656
0.011450290679932
0.26539993286133
0.31382703781128
0.26166176795959
0.92248797416687
0.17623925209045
0.36107277870178
0.15417718887329
0.096262216567993
0.333340883255
0.28527617454529
0.20779395103455
0.14650583267212
0.13721203804016
0.14946627616882
0.1225700378418
0.10665607452393
0.19464707374573
0.17207193374634
0.099029064178467
0.13785433769226
0.20970225334167
0.38108897209167
1.3873510360718
0.42144203186035
0.32104992866516
0.37772607803345
0.36543798446655
0.17519998550415
0.20635294914246
0.50622391700745
0.18060517311096
0.082427024841309
0.30144596099854
0.23154401779175
0.14092302322388
0.27966284751892
0.37560319900513
0.23081111907959
0.25811314582825
0.52068114280701
0.37870907783508
0.14131808280945
0.5091917514801
0.2596218585968
0.2395133972168
0.47690200805664
0.14847803115845
0.12998008728027
0.23093199729919
0.23135709762573
0.27458906173706
0.38909101486206
0.19072985649109
0.38733196258545
0.10843920707703
0.16767001152039
0.12608194351196
0.29786324501038
0.24623131752014
0.29800200462341
0.22327375411987
0.29895424842834
0.33480095863342
0.24234890937805
0.18337202072144
0.14294624328613
0.13883185386658
0.12083983421326
0.13141989707947
0.19037389755249
0.14124703407288
0.19893193244934
0.24171304702759
0.22298908233643
0.3214099407196
0.31784200668335
0.39794206619263
0.22688508033752
0.38309597969055
0.40630674362183
0.19272089004517
0.22556400299072
0.29388403892517
0.24916911125183
0.22196197509766
0.12414193153381
0.19678211212158
0.13240003585815
0.1600239276886
0.31480503082275
0.13104701042175
0.13697981834412
0.11401796340942
0.10695004463196
0.2607262134552
0.43803977966309
0.31101298332214
0.12411785125732
0.16140818595886
0.16520309448242
0.14403796195984
0.11880993843079
0.22296118736267
0.21371674537659
0.21838426589966
0.32129669189453
0.25026106834412
0.14579010009766
0.31373310089111
0.30448698997498
0.18901515007019
0.15205192565918
0.25040817260742
0.22065281867981
0.20030212402344
0.1402382850647
0.14786386489868
0.09863018989563
0.3390781879425
0.12386608123779
0.080470085144043
0.34885096549988
0.34339308738708
