0.0054528713226318
0.01159405708313
0.0095319747924805
0.040914058685303
0.0057470798492432
0.005450963973999
0.0062379837036133
0.015866041183472
0.0082249641418457
0.023501873016357
0.030328989028931
0.012922048568726
0.019452095031738
0.0089359283447266
0.018391132354736
0.0052762031555176
0.0057621002197266
0.013202905654907
0.0052700042724609
0.0073838233947754
0.0052249431610107
0.0051929950714111
0.0056910514831543
0.0068378448486328
0.0080258846282959
0.0050230026245117
0.028154850006104
0.015044212341309
0.0055758953094482
0.006101131439209
0.0070440769195557
0.0051889419555664
0.033513069152832
0.008836030960083
0.0071101188659668
0.0054090023040771
0.0049901008605957
0.013206958770752
0.0055129528045654
0.0052289962768555
0.0055959224700928
0.03709602355957
0.014508962631226
0.032142162322998
0.0056278705596924
0.010624885559082
0.0056378841400146
1.2088580131531
0.020226955413818
0.025657892227173
0.0072939395904541
0.0053009986877441
0.0058469772338867
0.0054819583892822
0.0084130764007568
0.0057148933410645
0.025938987731934
0.014820098876953
0.027293920516968
0.017866849899292
0.013662099838257
0.011723041534424
0.018602132797241
0.0051798820495605
0.0052409172058105
0.0058109760284424
0.0052099227905273
0.010113000869751
0.0074870586395264
0.0051259994506836
0.0055420398712158
0.02203106880188
0.0054879188537598
0.0057830810546875
0.0076699256896973
0.0060911178588867
0.011685848236084
0.0063838958740234
0.0066399574279785
0.0061850547790527
0.005216121673584
0.0092859268188477
0.0056159496307373
0.0057010650634766
0.01276683807373
0.030982971191406
0.010284900665283
0.013758182525635
0.008465051651001
0.020339965820312
0.011685132980347
0.020742893218994
0.005634069442749
0.019769906997681
0.028884887695312
0.027242183685303
0.012006044387817
0.014549016952515
0.015613079071045
0.0075259208679199
0.014614820480347
0.0092980861663818
0.0062170028686523
0.0055110454559326
0.0053749084472656
0.070375919342041
0.0902259349823
0.034501075744629
0.023473024368286
0.0097560882568359
0.035897970199585
0.060426950454712
0.012552976608276
0.04586386680603
0.060204982757568
0.081216096878052
0.050440073013306
0.022585153579712
0.018470048904419
0.026232957839966
0.02985692024231
0.0072798728942871
0.05378794670105
0.015327930450439
0.034514188766479
0.024822950363159
0.037745952606201
0.070292949676514
0.015121936798096
0.021152019500732
0.014986991882324
0.012160062789917
0.0055911540985107
0.0052452087402344
0.0062451362609863
0.0089030265808105
0.0048480033874512
0.008491039276123
0.018257141113281
0.0058221817016602
0.0048270225524902
0.0047547817230225
0.0090169906616211
0.0049340724945068
0.0052690505981445
0.0047399997711182
0.0057201385498047
0.019037008285522
0.024003028869629
0.004749059677124
0.013694047927856
0.010412931442261
0.0044999122619629
0.0049741268157959
0.014020919799805
0.033481121063232
0.021738052368164
0.018624067306519
0.028689861297607
0.0175940990448
0.0055978298187256
0.0057010650634766
0.01640796661377
0.0052030086517334
0.0055458545684814
0.00547194480896
0.0052640438079834
0.0054409503936768
0.005263090133667
0.0049169063568115
0.0057492256164551
0.0053279399871826
0.012755155563354
0.011309146881104
0.012783050537109
0.026044130325317
0.0053369998931885
0.016103029251099
0.010982036590576
0.0078098773956299
0.0059468746185303
0.0051898956298828
0.0054600238800049
0.0053079128265381
0.0095689296722412
0.011857032775879
0.0052340030670166
0.0053389072418213
0.0053789615631104
0.032565116882324
0.012681007385254
0.052775144577026
0.031347990036011
0.011721134185791
0.031991958618164
0.030025959014893
0.04032301902771
0.017147064208984
0.020058870315552
0.035243034362793
