0.0077090263366699
0.0083320140838623
0.005418062210083
0.0063278675079346
0.011971950531006
0.0057129859924316
0.0050780773162842
0.0061390399932861
0.0077278614044189
0.0056548118591309
0.26739311218262
0.0050849914550781
0.015069007873535
0.018965005874634
0.0056378841400146
0.0095081329345703
0.082799911499023
0.0056700706481934
0.0086650848388672
0.005141019821167
0.012441873550415
0.0053441524505615
0.014003992080688
0.0053629875183105
0.0099818706512451
0.0051701068878174
0.0050852298736572
0.0055110454559326
0.0055599212646484
0.0057880878448486
0.0057170391082764
0.016983985900879
0.0089619159698486
0.0053200721740723
0.0058889389038086
0.0053539276123047
0.0073549747467041
0.005748987197876
0.0053169727325439
0.0067329406738281
0.020402908325195
0.0072891712188721
0.014394044876099
0.014894008636475
0.012732028961182
0.0053050518035889
0.0057179927825928
0.0053699016571045
0.0056259632110596
0.0078399181365967
0.0056078433990479
0.006784200668335
0.016557931900024
0.0052239894866943
0.0072529315948486
0.0084331035614014
0.0081820487976074
0.0090169906616211
0.014235019683838
0.012860059738159
0.018067121505737
0.0051991939544678
0.0058610439300537
0.0050480365753174
0.0055580139160156
0.0057539939880371
0.024694204330444
0.015295028686523
0.0082778930664062
0.0062339305877686
0.02436089515686
0.0064210891723633
0.0056240558624268
0.0047409534454346
0.0049979686737061
0.0052621364593506
0.006295919418335
0.0058939456939697
0.0061540603637695
0.0056540966033936
0.0058939456939697
0.023423194885254
0.0056910514831543
0.0063920021057129
0.0056240558624268
0.0049750804901123
0.014864921569824
0.0056898593902588
0.0053400993347168
0.0062339305877686
0.0053780078887939
0.031810998916626
0.01279091835022
0.010915040969849
0.015935897827148
0.0053582191467285
0.0055429935455322
0.022595167160034
0.0054380893707275
0.006281852722168
0.0065338611602783
0.0057170391082764
0.0096211433410645
0.0057358741760254
0.035474061965942
0.0058629512786865
0.0057699680328369
0.005791187286377
0.0055990219116211
0.0055489540100098
0.010119915008545
0.0052030086517334
0.0080490112304688
0.0057809352874756
0.0050680637359619
0.0054521560668945
0.0051841735839844
0.0080850124359131
0.010501861572266
0.015053987503052
0.011454820632935
0.012362003326416
0.005094051361084
0.0051758289337158
0.0065860748291016
0.0067300796508789
0.0054478645324707
0.0051901340484619
0.010387182235718
0.0053660869598389
0.00555419921875
0.027688026428223
0.0053269863128662
0.0080559253692627
0.0060009956359863
0.0052099227905273
0.010169982910156
0.0052409172058105
0.0066370964050293
0.0085170269012451
0.023186206817627
0.005418062210083
0.0050859451293945
0.0082612037658691
0.017230987548828
0.005094051361084
0.0087740421295166
0.0056459903717041
0.0052258968353271
0.0057449340820312
0.0061211585998535
0.019504070281982
0.0099949836730957
0.0056850910186768
0.0054278373718262
0.0078761577606201
0.014005184173584
0.0053198337554932
0.0053651332855225
0.0052011013031006
0.0055677890777588
0.21292209625244
0.0048739910125732
0.030910968780518
0.0049238204956055
0.0064680576324463
0.007004976272583
0.0065500736236572
0.0078561305999756
0.010128021240234
0.039222002029419
0.033675909042358
0.043206930160522
0.01478910446167
0.030466079711914
0.015547037124634
0.023032903671265
0.011626005172729
0.024933099746704
0.0055868625640869
0.0050539970397949
0.0063769817352295
0.0068619251251221
0.0062770843505859
0.0052111148834229
0.016011953353882
0.01210880279541
0.043339014053345
0.00531005859375
0.0054769515991211
0.0053839683532715
0.031142950057983
0.0055289268493652
0.0060451030731201
0.0080380439758301
0.0052409172058105
0.0056540966033936
0.032291889190674
0.0056400299072266
0.0060298442840576
