0.042418003082275
0.013154983520508
0.0071468353271484
0.005983829498291
0.0066721439361572
0.010695934295654
0.0093588829040527
0.013200759887695
0.026893854141235
0.022953033447266
0.029808759689331
0.0070469379425049
0.030653953552246
0.019260883331299
0.037689924240112
0.0059959888458252
0.0069711208343506
0.015573024749756
0.0061321258544922
0.036573886871338
0.006965160369873
0.0060348510742188
0.0052270889282227
0.017822980880737
0.014274120330811
0.017225980758667
0.017772912979126
0.021399974822998
0.010852813720703
0.0048267841339111
0.011341094970703
0.030367851257324
0.013377904891968
0.015899896621704
0.019629955291748
0.013725280761719
0.0047318935394287
0.0080599784851074
0.0069761276245117
0.018500089645386
0.027067899703979
0.023487091064453
0.013853788375854
0.017798900604248
0.01340126991272
0.017908096313477
0.01634407043457
0.0047171115875244
0.0054280757904053
0.043001174926758
0.021147966384888
0.018931865692139
0.039933919906616
0.02289891242981
0.032012224197388
0.028679132461548
0.015052080154419
0.063488960266113
0.0047037601470947
0.0048141479492188
0.0067038536071777
0.027935981750488
0.014153957366943
0.031177997589111
0.021590948104858
0.024780035018921
0.053350925445557
0.040563821792603
0.028476238250732
0.053623199462891
0.072429895401001
0.040283203125
0.045344591140747
0.022758007049561
0.059415817260742
0.013581991195679
0.012948036193848
0.021703004837036
0.019123315811157
0.0049858093261719
0.0062019824981689
0.03234601020813
0.035648107528687
0.0065279006958008
0.0094699859619141
0.022364139556885
0.015986919403076
0.012884140014648
0.0070250034332275
0.0055420398712158
0.01335597038269
0.024778127670288
0.0047006607055664
0.0056579113006592
0.015301942825317
0.0048239231109619
0.013331890106201
0.0069630146026611
0.013966083526611
0.026902914047241
0.01662802696228
0.025418758392334
0.015602111816406
0.21830105781555
0.0062320232391357
0.02074408531189
0.022751092910767
0.0065500736236572
0.0045437812805176
0.0070269107818604
0.016046047210693
0.033225059509277
0.010985136032104
0.01774001121521
0.022651672363281
0.033137083053589
0.0057930946350098
0.019649028778076
0.0096597671508789
0.031065225601196
0.038747072219849
0.12524390220642
0.011376142501831
0.023952960968018
0.01883602142334
0.10675573348999
0.012020111083984
0.022993087768555
0.032967090606689
0.0047910213470459
0.011445999145508
0.047790050506592
0.017261028289795
0.0051758289337158
0.010678052902222
0.013030767440796
0.017240762710571
0.0056741237640381
0.006187915802002
0.011991024017334
0.015205860137939
0.23666071891785
0.0075039863586426
0.0074467658996582
0.023863077163696
0.026237010955811
0.028297901153564
0.029489040374756
0.027078866958618
0.0094597339630127
0.022764205932617
0.045237064361572
0.046017169952393
0.023324012756348
0.02948522567749
0.016885995864868
0.029246091842651
0.0060832500457764
0.010093927383423
0.0052390098571777
0.005950927734375
0.0051898956298828
0.0082390308380127
0.0091621875762939
0.0052287578582764
0.0088939666748047
0.010180234909058
0.0048260688781738
0.0066039562225342
0.0052518844604492
0.021862983703613
0.0087621212005615
0.020703315734863
0.018685817718506
0.0050160884857178
0.014006614685059
0.02451229095459
0.0062367916107178
0.044818162918091
0.03293514251709
0.047444105148315
0.013863086700439
0.029515743255615
0.024178266525269
0.049984216690063
0.012037754058838
0.043287992477417
0.020216703414917
0.0092339515686035
0.03830099105835
0.045655965805054
0.036476135253906
0.031859874725342
0.016150951385498
0.012872934341431
0.0056500434875488
0.033132076263428
0.005612850189209
0.03161883354187
0.013484954833984
