0.5088 24210 1462515025.2754 1462515025.7843 0
0.7394 114854 1462515025.3761 1462515026.1156 1
0.9246 86787 1462515025.4768 1462515026.4014 2
0.5661 250347 1462515025.8792 1462515026.4454 6
0.3757 8574 1462515026.1816 1462515026.5574 9
1.0135 34011 1462515025.5775 1462515026.5910 3
0.9557 14085 1462515025.6781 1462515026.6339 4
0.5629 36556 1462515026.0809 1462515026.6439 8
0.9022 8132 1462515025.7785 1462515026.6808 5
0.9534 26671 1462515025.9800 1462515026.9336 7
0.7492 4554 1462515026.2828 1462515027.0321 10
0.5894 49848 1462515026.4841 1462515027.0737 12
0.3683 17195 1462515026.8876 1462515027.2559 16
0.7596 7454 1462515026.5853 1462515027.3450 13
1.1332 131079 1462515026.3838 1462515027.5170 11
0.4104 11124 1462515027.2907 1462515027.7012 20
1.1302 5104 1462515026.6861 1462515027.8164 14
0.7868 161932 1462515027.0892 1462515027.8761 18
1.1732 126065 1462515026.7868 1462515027.9601 15
0.5043 10331 1462515027.5930 1462515028.0973 23
0.4390 6693 1462515027.6937 1462515028.1328 24
0.8747 6373 1462515027.3915 1462515028.2663 21
1.3077 13137 1462515026.9885 1462515028.2962 17
0.5135 4932 1462515027.7943 1462515028.3079 25
0.8923 7541 1462515027.4922 1462515028.3845 22
0.6401 45864 1462515027.8951 1462515028.5353 26
1.3458 19306 1462515027.1900 1462515028.5359 19
0.6451 76502 1462515027.9960 1462515028.6411 27
0.5996 102934 1462515028.0968 1462515028.6965 28
0.6603 153760 1462515028.1976 1462515028.8580 29
0.4603 135550 1462515028.3991 1462515028.8595 31
0.6389 335381 1462515028.2983 1462515028.9372 30
0.4672 13690 1462515028.4999 1462515028.9672 32
0.4086 9273 1462515028.6003 1462515029.0090 33
0.4648 9396 1462515028.7010 1462515029.1659 34
0.4448 162726 1462515028.8018 1462515029.2467 35
0.3723 59083 1462515029.0034 1462515029.3758 37
0.3738 16530 1462515029.2049 1462515029.5788 39
0.6833 92662 1462515028.9027 1462515029.5861 36
0.5448 738379 1462515029.3059 1462515029.8507 40
1.0420 10129 1462515029.1042 1462515030.1462 38
0.4719 164613 1462515029.7090 1462515030.1810 44
0.5370 4909 1462515029.8094 1462515030.3465 45
0.4433 233681 1462515029.9103 1462515030.3537 46
1.1241 18760 1462515029.4067 1462515030.5309 41
0.3943 156763 1462515030.2131 1462515030.6074 49
0.5661 18789 1462515030.1123 1462515030.6784 48
0.6894 89738 1462515030.0111 1462515030.7006 47
1.2257 4257 1462515029.5075 1462515030.7333 42
1.2656 8521 1462515029.6081 1462515030.8738 43
0.5462 35021 1462515030.4146 1462515030.9609 51
0.7457 5305 1462515030.3139 1462515031.0597 50
0.5805 15495 1462515030.5154 1462515031.0960 52
0.3803 139603 1462515030.7169 1462515031.0972 54
0.4246 11812 1462515030.8176 1462515031.2423 55
0.8811 15101 1462515030.6161 1462515031.4973 53
0.3657 5114 1462515031.4223 1462515031.7881 61
0.7925 134262 1462515031.0191 1462515031.8116 57
0.9583 14325 1462515030.9184 1462515031.8767 56
0.8041 18137 1462515031.1199 1462515031.9240 58
0.5029 5460 1462515031.5231 1462515032.0261 62
0.5661 24285 1462515031.6239 1462515032.1901 63
0.3775 81041 1462515031.9262 1462515032.3038 66
0.5905 5617 1462515031.7247 1462515032.3153 64
1.1421 5028 1462515031.2206 1462515032.3629 59
0.3587 7273 1462515032.2289 1462515032.5877 69
1.3292 9638 1462515031.3215 1462515032.6508 60
0.5811 7439 1462515032.1279 1462515032.7090 68
0.3876 93483 1462515032.4305 1462515032.8182 71
0.5283 7014 1462515032.3296 1462515032.8580 70
0.4884 60090 1462515032.5312 1462515033.0196 72
1.3288 19903 1462515031.8255 1462515033.1544 65
1.1507 8307 1462515032.0271 1462515033.1779 67
0.3657 4279 1462515032.9343 1462515033.3000 76
0.8082 5061 1462515032.6320 1462515033.4403 73
0.3965 156136 1462515033.1358 1462515033.5323 78
0.8337 89902 1462515032.7327 1462515033.5665 74
1.0160 18014 1462515032.8335 1462515033.8495 75
0.3812 94296 1462515033.5389 1462515033.9202 82
0.7415 73110 1462515033.2366 1462515033.9782 79
1.1320 22252 1462515033.0351 1462515034.1671 77
0.3738 15053 1462515033.8412 1462515034.2150 85
0.9156 196059 1462515033.6396 1462515034.5554 83
0.8224 14023 1462515033.7404 1462515034.5629 84
1.2106 11526 1462515033.4381 1462515034.6488 81
0.7731 17372 1462515033.9420 1462515034.7152 86
1.4091 357125 1462515033.3373 1462515034.7465 80
0.4194 106714 1462515034.3451 1462515034.7646 90
0.4072 19370 1462515034.4460 1462515034.8533 91
1.0624 11598 1462515034.0428 1462515035.1053 87
1.0743 138225 1462515034.1436 1462515035.2179 88
0.6074 29255 1462515034.7483 1462515035.3558 94
0.8126 17718 1462515034.5469 1462515035.3596 92
1.2081 32242 1462515034.2444 1462515035.4525 89
0.5417 23457 1462515035.0515 1462515035.5934 97
0.6595 144790 1462515034.9497 1462515035.6093 96
0.5757 231487 1462515035.1524 1462515035.7282 98
0.5817 137026 1462515035.3539 1462515035.9357 100
1.3186 5642 1462515034.6476 1462515035.9662 93
1.1375 12074 1462515034.8490 1462515035.9866 95
0.5274 33124 1462515035.5553 1462515036.0827 102
0.8617 28378 1462515035.2531 1462515036.1149 99
0.5352 4508 1462515035.7568 1462515036.2921 104
0.8735 151628 1462515035.4546 1462515036.3282 101
0.5286 3971 1462515035.9583 1462515036.4869 106
0.5673 187921 1462515036.0591 1462515036.6265 107
1.0046 79566 1462515035.6560 1462515036.6607 103
0.5347 4883 1462515036.1598 1462515036.6946 108
1.0190 190713 1462515035.8576 1462515036.8766 105
0.4330 215942 1462515036.4621 1462515036.8951 111
0.3628 8403 1462515036.6635 1462515037.0264 113
0.7875 4119 1462515036.2606 1462515037.0482 109
0.6971 132507 1462515036.3613 1462515037.0585 110
0.4105 24415 1462515036.7643 1462515037.1749 114
0.5112 231104 1462515037.0665 1462515037.5778 117
0.3778 37748 1462515037.3689 1462515037.7468 120
1.4111 173431 1462515036.5628 1462515037.9742 112
0.7220 11196 1462515037.2681 1462515037.9901 119
1.4889 100510 1462515036.8650 1462515038.3540 115
0.8926 7541 1462515037.4696 1462515038.3623 121
0.8185 13317 1462515037.5709 1462515038.3895 122
0.7013 11975 1462515037.7724 1462515038.4739 124
1.4515 13707 1462515037.1672 1462515038.6188 118
1.6587 149353 1462515036.9657 1462515038.6246 116
0.6606 7398 1462515037.9745 1462515038.6351 126
0.6399 13165 1462515038.0755 1462515038.7154 127
1.0579 4995 1462515037.6717 1462515038.7296 123
1.0774 175493 1462515037.8733 1462515038.9507 125
0.5466 82538 1462515038.6800 1462515039.2267 133
0.5218 9343 1462515038.7807 1462515039.3026 134
1.2492 4891 1462515038.1762 1462515039.4255 128
0.5524 9765 1462515038.8814 1462515039.4338 135
0.3630 15564 1462515039.0829 1462515039.4459 137
0.5360 52341 1462515038.9821 1462515039.5183 136
0.4281 8944 1462515039.2845 1462515039.7126 139
0.4462 372781 1462515039.3852 1462515039.8315 140
1.7391 11868 1462515038.2771 1462515040.0162 129
0.5613 194291 1462515039.5867 1462515040.1481 142
1.8630 235785 1462515038.3778 1462515040.2409 130
0.6240 52704 1462515039.6874 1462515040.3115 143
0.4980 22714 1462515039.8894 1462515040.3874 145
0.3650 14951 1462515040.1918 1462515040.5569 148
0.7826 199181 1462515039.7884 1462515040.5711 144
2.2372 143617 1462515038.4786 1462515040.7159 131
0.5923 17287 1462515040.4941 1462515041.0865 151
0.8027 154730 1462515040.2925 1462515041.0954 149
0.3598 8405 1462515040.9981 1462515041.3581 156
2.8286 249876 1462515038.5793 1462515041.4080 132
0.7171 12851 1462515040.6956 1462515041.4127 153
2.3436 116927 1462515039.1837 1462515041.5274 138
0.9463 16574 1462515040.5948 1462515041.5412 152
0.9019 4972 1462515040.7963 1462515041.6983 154
0.7382 134721 1462515041.1996 1462515041.9379 158
0.3698 9604 1462515041.7033 1462515042.0732 163
1.0459 17255 1462515041.0988 1462515042.1448 157
0.5534 9035 1462515041.6025 1462515042.1560 162
2.2152 71702 1462515039.9901 1462515042.2054 146
0.5145 16175 1462515041.8040 1462515042.3186 164
2.9077 227471 1462515039.4860 1462515042.3938 141
1.2712 18462 1462515041.3004 1462515042.5717 159
1.2976 35907 1462515041.4011 1462515042.6988 160
0.8255 19336 1462515041.9048 1462515042.7303 165
2.6562 204975 1462515040.0911 1462515042.7474 147
2.3724 84144 1462515040.3933 1462515042.7657 150
1.2666 136033 1462515041.5017 1462515042.7684 161
2.0382 12853 1462515040.8971 1462515042.9354 155
1.0149 129165 1462515042.1063 1462515043.1212 167
1.1485 173492 1462515042.0055 1462515043.1542 166
0.9753 20992 1462515042.3080 1462515043.2834 169
1.0834 11761 1462515042.2072 1462515043.2906 168
0.9003 7441 1462515042.6102 1462515043.5107 172
0.7332 358130 1462515042.8116 1462515043.5449 174
0.3635 19933 1462515043.2145 1462515043.5781 178
0.8992 170401 1462515042.7109 1462515043.6102 173
0.6140 4587 1462515043.0131 1462515043.6272 176
1.1643 190672 1462515042.5095 1462515043.6739 171
0.8995 35446 1462515042.9123 1462515043.8119 175
0.7409 4489 1462515043.1138 1462515043.8548 177
0.7744 11167 1462515043.3153 1462515044.0897 179
0.6772 96983 1462515043.5167 1462515044.1940 181
0.8112 124415 1462515043.4160 1462515044.2273 180
0.3692 14239 1462515044.0205 1462515044.3899 186
0.8383 15303 1462515043.7183 1462515044.5566 183
2.2338 4992 1462515042.4087 1462515044.6426 170
1.0261 30344 1462515043.6175 1462515044.6437 182
0.9043 78078 1462515043.8190 1462515044.7235 184
0.3943 125371 1462515044.6247 1462515045.0191 192
0.8866 5031 1462515044.2220 1462515045.1087 188
0.3823 19526 1462515044.8261 1462515045.2085 194
0.6892 4899 1462515044.5240 1462515045.2133 191
1.3333 69772 1462515043.9198 1462515045.2532 185
0.7314 35758 1462515044.7256 1462515045.4571 193
1.3449 66532 1462515044.1213 1462515045.4663 187
0.3688 54126 1462515045.2293 1462515045.5982 198
1.3109 93701 1462515044.3228 1462515045.6338 189
0.5060 47599 1462515045.1285 1462515045.6346 197
1.2946 108295 1462515044.4234 1462515045.7181 190
0.8878 74580 1462515044.9270 1462515045.8149 195
0.8070 80732 1462515045.0278 1462515045.8348 196
0.5349 18248 1462515045.3300 1462515045.8650 199
0.3613 4509 1462515045.7330 1462515046.0944 203
0.8504 144357 1462515045.4308 1462515046.2813 200
0.5794 28051 1462515045.8338 1462515046.4132 204
0.9671 4877 1462515045.5315 1462515046.4987 201
0.8968 18950 1462515045.6322 1462515046.5291 202
0.3840 23573 1462515046.2367 1462515046.6207 208
0.5768 149492 1462515046.1361 1462515046.7130 207
0.8982 414182 1462515045.9346 1462515046.8329 205
0.5419 11375 1462515046.3375 1462515046.8795 209
0.8518 6256 1462515046.0353 1462515046.8872 206
0.9266 152374 1462515046.4383 1462515047.3650 210
0.9883 203939 1462515046.5390 1462515047.5274 211
0.7384 173202 1462515046.8413 1462515047.5797 214
0.8572 14060 1462515046.9421 1462515047.7994 215
1.2537 12755 1462515046.6398 1462515047.8936 212
0.3683 18793 1462515047.5470 1462515047.9153 221
1.3529 4509 1462515046.7405 1462515048.0935 213
1.0474 17436 1462515047.3456 1462515048.3931 219
0.9473 20266 1462515047.4463 1462515048.3936 220
0.6653 17298 1462515047.7486 1462515048.4140 223
1.1969 25181 1462515047.2443 1462515048.4412 218
0.7097 23531 1462515047.8494 1462515048.5592 224
0.6107 93817 1462515047.9502 1462515048.5610 225
0.3756 29119 1462515048.2526 1462515048.6283 228
0.6234 12110 1462515048.0510 1462515048.6745 226
1.1374 13662 1462515047.6478 1462515048.7852 222
1.9957 6616 1462515047.0428 1462515049.0385 216
1.9218 18024 1462515047.1435 1462515049.0655 217
0.8089 13631 1462515048.6561 1462515049.4662 232
0.3634 20041 1462515049.1597 1462515049.5232 237
0.5894 165866 1462515049.0591 1462515049.6485 236
1.5838 36641 1462515048.1517 1462515049.7357 227
1.1001 15168 1462515048.7569 1462515049.8570 233
1.1484 51075 1462515048.8576 1462515050.0061 234
1.6760 8518 1462515048.3537 1462515050.0298 229
0.3859 149998 1462515049.6641 1462515050.0501 242
1.6038 134520 1462515048.4545 1462515050.0584 230
1.5991 200481 1462515048.5553 1462515050.1545 231
0.9746 5900 1462515049.2605 1462515050.2351 238
1.2962 23238 1462515048.9583 1462515050.2545 235
1.0190 9920 1462515049.3617 1462515050.3809 239
0.4398 33359 1462515050.0670 1462515050.5069 246
0.8360 6521 1462515049.7648 1462515050.6009 243
0.4250 30122 1462515050.3692 1462515050.7943 249
0.6567 157901 1462515050.1677 1462515050.8245 247
1.3662 259551 1462515049.4626 1462515050.8289 240
0.3752 26311 1462515050.4697 1462515050.8450 250
1.3210 51292 1462515049.5633 1462515050.8844 241
0.4147 187257 1462515050.6712 1462515051.0860 252
0.4189 10571 1462515050.8726 1462515051.2916 254
0.6647 13725 1462515050.7719 1462515051.4368 253
1.6490 14801 1462515049.8655 1462515051.5145 244
0.4192 16572 1462515051.1748 1462515051.5940 257
0.8064 27261 1462515050.9733 1462515051.7798 255
0.7866 44572 1462515051.0741 1462515051.8607 256
2.0783 79411 1462515049.9662 1462515052.0446 245
0.3694 13806 1462515051.8799 1462515052.2494 264
0.8853 5421 1462515051.3763 1462515052.2616 259
1.9397 10227 1462515050.5704 1462515052.5102 251
2.3252 294610 1462515050.2685 1462515052.5938 248
1.1824 184640 1462515051.4768 1462515052.6593 260
0.7649 113932 1462515051.9803 1462515052.7452 265
1.2013 4938 1462515051.5775 1462515052.7789 261
1.6637 9642 1462515051.2755 1462515052.9393 258
1.3368 14582 1462515051.7791 1462515053.1159 263
1.4999 8007 1462515051.6783 1462515053.1782 262
0.6349 13512 1462515052.5868 1462515053.2218 271
1.2376 4933 1462515052.0810 1462515053.3187 266
1.1893 25964 1462515052.1825 1462515053.3719 267
0.9653 85768 1462515052.4860 1462515053.4513 270
0.8622 91329 1462515052.6875 1462515053.5499 272
0.6647 20248 1462515052.8888 1462515053.5537 274
0.5670 24716 1462515052.9895 1462515053.5566 275
1.4067 10935 1462515052.2834 1462515053.6902 268
0.4351 4079 1462515053.5940 1462515054.0291 281
0.9704 17344 1462515053.0902 1462515054.0607 276
1.8194 15092 1462515052.3845 1462515054.2040 269
0.9216 6655 1462515053.2918 1462515054.2134 278
0.6832 10378 1462515053.6947 1462515054.3779 282
0.5221 441712 1462515053.8962 1462515054.4183 284
1.7293 40063 1462515052.7883 1462515054.5176 273
0.7205 117476 1462515053.9970 1462515054.7175 285
1.7976 10929 1462515053.1910 1462515054.9887 277
0.9191 5799 1462515054.0977 1462515055.0169 286
0.7530 4579 1462515054.5006 1462515055.2536 290
0.9484 5400 1462515054.3999 1462515055.3484 289
0.4017 154509 1462515055.1054 1462515055.5072 296
0.9239 14636 1462515054.6015 1462515055.5254 291
0.9543 6624 1462515054.7022 1462515055.6566 292
0.3634 4494 1462515055.3070 1462515055.6705 298
2.1963 113525 1462515053.4932 1462515055.6896 280
2.3087 14612 1462515053.3925 1462515055.7013 279
0.9474 16865 1462515054.8030 1462515055.7504 293
1.0552 99489 1462515054.9037 1462515055.9590 294
0.4067 175605 1462515055.6092 1462515056.0160 301
0.9441 114644 1462515055.2063 1462515056.1505 297
2.4487 62755 1462515053.7954 1462515056.2442 283
0.8826 8610 1462515055.5085 1462515056.3911 300
0.3857 39867 1462515056.1129 1462515056.4987 306
2.4115 47232 1462515054.1985 1462515056.6100 287
0.3921 90629 1462515056.5158 1462515056.9079 310
1.1055 22343 1462515055.8107 1462515056.9162 303
0.3593 11320 1462515056.6165 1462515056.9760 311
2.8388 198406 1462515054.2992 1462515057.1380 288
0.8737 5206 1462515056.4151 1462515057.2888 309
0.6757 6451 1462515056.8180 1462515057.4937 313
1.6229 897019 1462515055.9116 1462515057.5346 304
0.5610 11765 1462515057.0194 1462515057.5805 315
2.6043 325869 1462515055.0045 1462515057.6090 295
0.7718 6753 1462515056.9187 1462515057.6905 314
0.5164 15131 1462515057.4226 1462515057.9391 319
0.6781 4120 1462515057.3216 1462515057.9998 318
0.8183 18161 1462515057.2209 1462515058.0393 317
0.3746 17816 1462515057.7250 1462515058.0996 322
0.6251 4853 1462515057.5234 1462515058.1485 320
0.7948 5923 1462515057.6242 1462515058.4191 321
0.6854 93844 1462515057.8257 1462515058.5112 323
3.3446 316328 1462515055.4078 1462515058.7525 299
0.3687 38151 1462515058.4302 1462515058.7990 329
3.1047 185469 1462515055.7100 1462515058.8148 302
2.9797 4657 1462515056.0124 1462515058.9922 305
0.3935 186496 1462515058.6317 1462515059.0252 331
0.9126 172188 1462515058.1282 1462515059.0409 326
2.9034 53422 1462515056.2136 1462515059.1171 307
0.9443 7277 1462515058.2286 1462515059.1730 327
0.9129 13849 1462515058.3294 1462515059.2423 328
0.7461 4720 1462515058.5308 1462515059.2770 330
3.0791 39047 1462515056.3143 1462515059.3935 308
0.3705 35226 1462515059.0348 1462515059.4053 335
2.8433 16616 1462515056.7172 1462515059.5605 312
2.5938 95333 1462515057.1202 1462515059.7140 316
0.4122 15181 1462515059.3374 1462515059.7496 338
1.2740 18176 1462515058.7325 1462515060.0066 332
0.6280 31980 1462515059.4381 1462515060.0670 339
2.2092 21341 1462515057.9266 1462515060.1359 324
1.3303 102890 1462515058.8332 1462515060.1636 333
0.6334 11171 1462515059.5389 1462515060.1723 340
2.1970 4318 1462515058.0274 1462515060.2245 325
0.4406 386699 1462515059.8409 1462515060.2816 343
1.3710 162784 1462515058.9341 1462515060.3051 334
1.1302 40074 1462515059.2364 1462515060.3667 337
1.2921 24107 1462515059.1355 1462515060.4277 336
0.8304 4755 1462515059.6396 1462515060.4701 341
0.4388 18960 1462515060.1450 1462515060.5838 346
0.8506 6565 1462515059.7404 1462515060.5911 342
0.6573 5664 1462515059.9419 1462515060.5992 344
0.4455 194253 1462515060.2457 1462515060.6913 347
0.3907 74779 1462515060.3464 1462515060.7372 348
0.7267 16176 1462515060.0441 1462515060.7709 345
0.5652 769509 1462515060.6487 1462515061.2139 351
0.5028 23877 1462515060.8505 1462515061.3533 353
0.9456 84878 1462515060.4472 1462515061.3928 349
0.9476 9069 1462515060.5479 1462515061.4956 350
0.3701 13420 1462515061.1530 1462515061.5232 356
0.3714 29286 1462515061.2538 1462515061.6253 357
1.0466 77376 1462515060.7495 1462515061.7962 352
0.9061 37176 1462515061.0520 1462515061.9582 355
1.0145 56224 1462515060.9512 1462515061.9658 354
0.4017 115710 1462515061.9591 1462515062.3609 364
0.7291 165109 1462515061.6568 1462515062.3860 361
1.4084 15969 1462515061.3545 1462515062.7630 358
0.9394 20051 1462515061.8583 1462515062.7978 363
0.3993 77306 1462515062.4634 1462515062.8627 369
1.4628 10965 1462515061.4553 1462515062.9181 359
0.4124 167643 1462515062.5649 1462515062.9773 370
0.3763 6968 1462515062.6661 1462515063.0425 371
1.0458 7318 1462515062.0599 1462515063.1058 365
1.5805 8620 1462515061.5560 1462515063.1366 360
1.3908 166039 1462515062.1611 1462515063.5519 366
1.8453 87282 1462515061.7576 1462515063.6030 362
0.3780 47913 1462515063.2706 1462515063.6487 377
0.7989 37243 1462515062.8676 1462515063.6666 373
1.3748 15507 1462515062.3626 1462515063.7374 368
0.9097 5042 1462515062.9684 1462515063.8781 374
1.1538 158895 1462515062.7669 1462515063.9207 372
1.7653 7217 1462515062.2618 1462515064.0272 367
0.5813 5161 1462515063.5730 1462515064.1544 380
1.0738 174208 1462515063.1698 1462515064.2437 376
1.3965 138859 1462515063.0691 1462515064.4657 375
0.6871 7701 1462515063.9761 1462515064.6634 384
0.8899 108042 1462515063.7745 1462515064.6645 382
0.8189 10388 1462515063.8752 1462515064.6942 383
1.4720 172525 1462515063.3714 1462515064.8435 378
0.3893 138940 1462515064.4798 1462515064.8692 389
0.8835 23509 1462515064.0769 1462515064.9605 385
1.5770 4549 1462515063.4722 1462515065.0493 379
0.8576 316089 1462515064.3791 1462515065.2368 388
1.6396 4657 1462515063.6737 1462515065.3133 381
1.1599 6632 1462515064.1776 1462515065.3375 386
1.1786 6827 1462515064.2783 1462515065.4570 387
1.0238 121744 1462515064.5805 1462515065.6043 390
1.1245 33043 1462515064.6813 1462515065.8059 391
0.3870 120373 1462515065.4873 1462515065.8744 399
1.2121 190995 1462515064.7821 1462515065.9942 392
0.7802 15569 1462515065.2857 1462515066.0660 397
1.1273 5970 1462515064.9835 1462515066.1109 394
1.0865 167477 1462515065.0842 1462515066.1708 395
1.4738 68596 1462515064.8827 1462515066.3567 393
0.3692 29812 1462515066.0918 1462515066.4611 405
1.1028 4924 1462515065.3865 1462515066.4894 398
1.1219 12649 1462515065.5880 1462515066.7100 400
0.6976 39104 1462515066.1926 1462515066.8903 406
1.7235 7385 1462515065.1850 1462515066.9085 396
1.1204 6572 1462515065.8903 1462515067.0108 403
1.4788 71787 1462515065.6888 1462515067.1676 401
0.3713 21545 1462515066.7971 1462515067.1685 412
0.9365 17620 1462515066.2933 1462515067.2299 407
0.9461 5005 1462515066.3940 1462515067.3402 408
1.5578 18593 1462515065.7896 1462515067.3474 402
0.7861 216808 1462515066.6963 1462515067.4826 411
0.7124 155042 1462515066.9986 1462515067.7112 414
0.6511 4353 1462515067.0994 1462515067.7506 415
1.9050 5107 1462515065.9911 1462515067.8961 404
1.3195 6382 1462515066.5955 1462515067.9151 410
1.5287 12007 1462515066.4948 1462515068.0236 409
0.9060 58839 1462515067.2002 1462515068.1063 416
0.7968 8510 1462515067.6034 1462515068.4002 420
1.5283 77934 1462515066.8979 1462515068.4263 413
0.6624 5232 1462515067.9059 1462515068.5684 423
0.6163 13506 1462515068.0067 1462515068.6231 424
0.5374 4978 1462515068.1075 1462515068.6449 425
0.9587 10303 1462515067.7042 1462515068.6629 421
1.0406 6440 1462515067.8051 1462515068.8458 422
0.5453 93968 1462515068.3090 1462515068.8543 427
1.6013 4840 1462515067.3009 1462515068.9023 417
1.7480 135161 1462515067.4017 1462515069.1497 418
1.6920 5850 1462515067.5025 1462515069.1945 419
0.4276 100318 1462515068.8130 1462515069.2406 432
0.3736 23175 1462515068.9138 1462515069.2874 433
0.8344 5505 1462515068.5106 1462515069.3450 429
0.7807 5157 1462515068.7122 1462515069.4930 431
0.5711 17702 1462515069.1166 1462515069.6878 435
0.3941 211627 1462515069.3181 1462515069.7123 437
0.5224 22358 1462515069.2173 1462515069.7399 436
1.6807 48573 1462515068.2082 1462515069.8890 426
1.5182 4571 1462515068.6114 1462515070.1296 430
1.7335 20684 1462515068.4098 1462515070.1434 428
0.7255 20146 1462515069.4189 1462515070.1444 438
1.2011 49952 1462515069.0145 1462515070.2157 434
0.8333 160795 1462515069.5196 1462515070.3530 439
0.4625 6005 1462515070.0235 1462515070.4861 444
0.8179 8220 1462515069.7212 1462515070.5392 441
1.0621 9693 1462515069.6204 1462515070.6826 440
0.8781 5339 1462515069.9227 1462515070.8009 443
0.6448 9232 1462515070.3259 1462515070.9709 447
1.1588 66661 1462515069.8220 1462515070.9808 442
0.7613 29993 1462515070.2252 1462515070.9865 446
0.6809 101201 1462515070.4267 1462515071.1077 448
0.6263 13111 1462515070.5274 1462515071.1538 449
0.4147 4567 1462515070.8298 1462515071.2445 452
0.7787 13854 1462515070.6282 1462515071.4070 450
1.4266 442687 1462515070.1244 1462515071.5510 445
0.4382 151400 1462515071.1317 1462515071.5699 455
0.5953 91806 1462515071.0311 1462515071.6264 454
0.6039 12104 1462515071.2326 1462515071.8366 456
1.2224 132619 1462515070.7290 1462515071.9515 451
0.3691 6953 1462515071.6362 1462515072.0054 460
1.1558 34095 1462515070.9305 1462515072.0864 453
0.3713 25342 1462515071.7370 1462515072.1083 461
1.0559 218567 1462515071.3335 1462515072.3895 457
0.9663 7649 1462515071.4341 1462515072.4005 458
0.7121 21323 1462515071.8377 1462515072.5499 462
1.0179 146075 1462515071.5349 1462515072.5529 459
0.4990 15508 1462515072.1399 1462515072.6389 465
0.7850 4625 1462515071.9385 1462515072.7236 463
0.4802 88320 1462515072.4417 1462515072.9220 468
0.8960 122227 1462515072.0393 1462515072.9354 464
0.3807 90919 1462515072.7443 1462515073.1250 471
0.5190 44612 1462515072.6433 1462515073.1624 470
0.6354 45653 1462515072.8452 1462515073.4807 472
1.2826 30003 1462515072.2403 1462515073.5230 466
0.4195 18546 1462515073.3496 1462515073.7691 477
1.4632 17098 1462515072.3410 1462515073.8042 467
0.4120 4084 1462515073.6520 1462515074.0641 480
0.6370 10607 1462515073.4504 1462515074.0875 478
1.7025 282267 1462515072.5425 1462515074.2451 469
1.6101 18624 1462515072.9460 1462515074.5562 473
0.5958 11417 1462515074.1564 1462515074.7523 485
0.6375 25650 1462515074.2572 1462515074.8948 486
1.7095 263508 1462515073.2488 1462515074.9583 476
0.6840 6637 1462515074.3580 1462515075.0420 487
2.2893 10812 1462515073.0468 1462515075.3361 474
0.8882 19871 1462515074.4588 1462515075.3470 488
2.3288 20415 1462515073.1475 1462515075.4764 475
0.9717 4959 1462515074.8622 1462515075.8340 492
0.8336 4102 1462515075.0637 1462515075.8974 494
1.1543 20883 1462515074.9630 1462515076.1173 493
2.5941 114767 1462515073.5512 1462515076.1453 479
1.0066 14870 1462515075.1645 1462515076.1712 495
1.0393 4779 1462515075.2657 1462515076.3051 496
0.3760 39403 1462515075.9713 1462515076.3474 503
1.0653 11043 1462515075.4672 1462515076.5326 498
2.8424 7605 1462515073.7532 1462515076.5958 481
1.1903 4636 1462515075.6689 1462515076.8592 500
3.0557 91224 1462515073.8540 1462515076.9098 482
1.3477 4793 1462515075.5680 1462515076.9158 499
2.9634 116938 1462515073.9548 1462515076.9183 483
1.4089 5011 1462515075.7697 1462515077.1787 501
0.8708 31949 1462515076.3745 1462515077.2453 507
0.9949 191100 1462515076.2737 1462515077.2687 506
0.6186 34081 1462515076.7776 1462515077.3963 511
0.6539 52400 1462515076.9791 1462515077.6332 513
0.8189 624256 1462515076.8784 1462515077.6974 512
1.1582 54569 1462515076.5761 1462515077.7344 509
0.6785 7428 1462515077.0798 1462515077.7584 514
1.2569 7370 1462515076.6769 1462515077.9339 510
3.9234 12552 1462515074.0557 1462515077.9792 484
0.6859 4614 1462515077.3818 1462515078.0678 517
0.6539 8200 1462515077.4826 1462515078.1366 518
0.5685 303677 1462515077.5833 1462515078.1519 519
0.3771 42003 1462515077.8854 1462515078.2626 522
3.6862 19252 1462515074.6603 1462515078.3466 490
0.5910 7285 1462515077.9863 1462515078.5774 523
4.0339 18370 1462515074.5596 1462515078.5935 489
1.5040 6091 1462515077.1807 1462515078.6848 515
0.5200 77368 1462515078.2887 1462515078.8088 526
1.5643 41210 1462515077.2811 1462515078.8455 516
0.3803 87432 1462515078.5910 1462515078.9714 529
0.3957 144331 1462515078.7925 1462515079.1883 531
0.5605 138120 1462515078.6917 1462515079.2523 530
4.5812 16823 1462515074.7611 1462515079.3424 491
0.3997 4839 1462515078.9941 1462515079.3939 533
0.5600 110039 1462515078.8933 1462515079.4534 532
1.7703 13548 1462515077.6840 1462515079.4544 520
1.7411 4220 1462515077.7847 1462515079.5259 521
3.6742 22719 1462515075.8705 1462515079.5448 502
0.3814 29457 1462515079.1960 1462515079.5775 535
1.7556 100533 1462515078.0872 1462515079.8428 524
3.4644 29483 1462515076.4753 1462515079.9398 508
4.5952 20345 1462515075.3665 1462515079.9618 497
0.3704 4588 1462515079.5991 1462515079.9696 539
0.6876 7475 1462515079.2969 1462515079.9846 536
3.9233 28190 1462515076.0722 1462515079.9956 504
3.8689 19659 1462515076.1730 1462515080.0419 505
0.6590 47989 1462515079.3977 1462515080.0568 537
1.7705 86609 1462515078.4902 1462515080.2607 528
0.3744 38655 1462515080.0021 1462515080.3766 543
0.3919 23347 1462515080.1028 1462515080.4948 544
1.4344 4160 1462515079.0948 1462515080.5293 534
2.4913 179433 1462515078.1880 1462515080.6794 525
1.2027 80255 1462515079.4984 1462515080.7012 538
0.9792 53922 1462515079.8006 1462515080.7799 541
2.3910 34627 1462515078.3895 1462515080.7805 527
0.6243 19029 1462515080.4054 1462515081.0298 547
0.5719 4716 1462515080.6069 1462515081.1788 549
0.7932 4673 1462515080.7077 1462515081.5010 550
1.9941 147668 1462515079.6999 1462515081.6940 540
0.5885 4938 1462515081.1108 1462515081.6994 554
1.0249 39668 1462515080.8085 1462515081.8335 551
0.4355 192271 1462515081.4127 1462515081.8483 557
0.5929 178271 1462515081.3119 1462515081.9049 556
1.0840 5408 1462515080.9092 1462515081.9933 552
0.5553 93506 1462515081.5135 1462515082.0689 558
0.9481 8258 1462515081.2112 1462515082.1594 555
2.5052 134233 1462515079.9013 1462515082.4066 542
2.2053 6368 1462515080.2038 1462515082.4091 545
0.3602 5479 1462515082.1179 1462515082.4782 564
2.4240 8554 1462515080.3046 1462515082.7288 546
1.0154 5031 1462515081.7150 1462515082.7305 560
0.4304 10256 1462515082.3193 1462515082.7498 566
0.4633 47970 1462515082.4201 1462515082.8834 567
2.4263 5366 1462515080.5062 1462515082.9326 548
1.0999 21933 1462515081.9164 1462515083.0163 562
0.5046 145167 1462515082.7223 1462515083.2269 570
2.2249 41839 1462515081.0100 1462515083.2350 553
0.5126 176339 1462515083.0250 1462515083.5377 573
1.3927 114970 1462515082.2185 1462515083.6113 565
2.0354 12952 1462515081.6142 1462515083.6497 559
1.7928 8288 1462515082.0171 1462515083.8100 563
1.9993 15078 1462515081.8157 1462515083.8150 561
0.7030 28115 1462515083.1257 1462515083.8288 574
0.6713 4582 1462515083.2265 1462515083.8980 575
1.1172 24147 1462515082.8231 1462515083.9404 571
1.6745 19028 1462515082.5208 1462515084.1954 568
1.5752 8124 1462515082.6216 1462515084.1968 569
0.4072 172702 1462515084.0330 1462515084.4403 583
0.3690 5654 1462515084.1337 1462515084.5028 584
1.2139 4242 1462515083.3272 1462515084.5413 576
1.6392 105100 1462515082.9240 1462515084.5633 572
0.3624 10529 1462515084.4360 1462515084.7984 587
1.3718 365233 1462515083.4281 1462515084.7999 577
0.4190 115778 1462515084.5367 1462515084.9558 588
1.5176 4867 1462515083.5292 1462515085.0469 578
1.4093 23903 1462515083.7307 1462515085.1401 580
1.5468 13860 1462515083.6300 1462515085.1769 579
1.3671 19439 1462515083.8315 1462515085.1987 581
0.3794 109342 1462515084.9397 1462515085.3192 592
1.6090 11054 1462515083.9322 1462515085.5414 582
0.5061 4626 1462515085.0404 1462515085.5466 593
1.3248 100314 1462515084.2345 1462515085.5594 585
0.9869 16457 1462515084.7382 1462515085.7251 590
0.5321 5046 1462515085.2419 1462515085.7741 595
0.5532 65891 1462515085.3427 1462515085.8960 596
1.5852 6364 1462515084.3351 1462515085.9204 586
0.5988 156100 1462515085.4434 1462515086.0423 597
0.5279 17715 1462515085.5441 1462515086.0721 598
0.3893 50587 1462515085.7458 1462515086.1352 600
1.6907 15182 1462515084.6374 1462515086.3282 589
0.4144 225557 1462515086.0481 1462515086.4626 603
1.7691 131540 1462515084.8390 1462515086.6082 591
0.6703 77283 1462515085.9470 1462515086.6174 602
1.5091 90842 1462515085.1412 1462515086.6503 594
1.3443 8458 1462515085.6450 1462515086.9894 599
1.1754 10889 1462515085.8462 1462515087.0217 601
0.8746 127977 1462515086.1488 1462515087.0234 604
0.7972 86507 1462515086.2496 1462515087.0469 605
0.9483 8414 1462515086.3505 1462515087.2989 606
0.8538 4529 1462515086.4512 1462515087.3051 607
0.5776 10642 1462515086.7535 1462515087.3311 610
0.6573 18472 1462515086.8540 1462515087.5114 611
0.9730 4030 1462515086.6527 1462515087.6258 609
1.0752 137543 1462515086.5520 1462515087.6273 608
0.8354 18981 1462515086.9547 1462515087.7901 612
0.8114 5010 1462515087.0555 1462515087.8669 613
0.6294 149638 1462515087.2569 1462515087.8864 615
0.7225 62821 1462515087.4585 1462515088.1811 617
0.7171 258111 1462515087.5592 1462515088.2764 618
1.1631 21401 1462515087.1562 1462515088.3194 614
0.7116 156603 1462515087.6600 1462515088.3716 619
0.5566 157977 1462515087.9623 1462515088.5190 622
1.2888 172845 1462515087.3577 1462515088.6465 616
0.8492 14395 1462515087.8615 1462515088.7108 621
0.6785 16451 1462515088.1641 1462515088.8427 624
1.1113 25972 1462515087.7607 1462515088.8721 620
0.4241 91613 1462515088.4664 1462515088.8906 627
0.8749 64135 1462515088.0632 1462515088.9382 623
0.4314 9611 1462515088.7689 1462515089.2003 630
0.8800 143336 1462515088.5673 1462515089.4474 628
1.2520 20591 1462515088.2651 1462515089.5172 625
1.1990 15267 1462515088.3657 1462515089.5648 626
0.3687 4440 1462515089.5747 1462515089.9435 638
1.2773 66785 1462515088.6680 1462515089.9454 629
1.1152 17731 1462515088.8696 1462515089.9849 631
0.6614 4514 1462515089.3732 1462515090.0347 636
0.6123 5529 1462515089.4740 1462515090.0864 637
1.1364 24181 1462515088.9703 1462515090.1069 632
1.2161 9881 1462515089.0711 1462515090.2873 633
0.3669 12287 1462515090.0790 1462515090.4460 643
1.5434 37690 1462515089.1718 1462515090.7152 634
0.9102 15106 1462515089.9782 1462515090.8885 642
0.6764 179345 1462515090.2805 1462515090.9570 645
0.5035 4367 1462515090.4820 1462515090.9856 647
0.8454 25319 1462515090.1797 1462515091.0252 644
1.7947 43852 1462515089.2726 1462515091.0673 635
1.5297 30931 1462515089.6754 1462515091.2052 639
0.6617 103430 1462515090.5826 1462515091.2444 648
0.9241 9892 1462515090.3812 1462515091.3054 646
1.5272 32512 1462515089.8774 1462515091.4047 641
1.6806 279702 1462515089.7763 1462515091.4569 640
1.0228 5594 1462515090.6835 1462515091.7064 649
0.3619 11764 1462515091.3902 1462515091.7522 656
1.0626 23832 1462515090.7858 1462515091.8485 650
1.0182 14554 1462515090.8868 1462515091.9051 651
0.6297 91667 1462515091.2895 1462515091.9192 655
0.9590 192038 1462515090.9872 1462515091.9462 652
0.5265 14903 1462515091.4910 1462515092.0176 657
0.9908 102707 1462515091.0880 1462515092.0789 653
0.9218 4597 1462515091.1887 1462515092.1106 654
0.5615 112324 1462515091.5915 1462515092.1531 658
0.6814 14510 1462515091.6922 1462515092.3737 659
0.9237 123660 1462515091.7929 1462515092.7167 660
0.4207 15441 1462515092.2965 1462515092.7172 665
0.8780 210272 1462515092.0950 1462515092.9731 663
1.1173 4424 1462515091.8935 1462515093.0109 661
0.8361 59087 1462515092.1957 1462515093.0318 664
0.3678 29534 1462515092.6996 1462515093.0675 669
1.1219 4434 1462515091.9943 1462515093.1162 662
0.6588 151222 1462515092.4979 1462515093.1569 667
0.6707 10650 1462515092.5988 1462515093.2695 668
0.8844 256531 1462515092.3972 1462515093.2817 666
0.4144 9979 1462515093.0018 1462515093.4163 672
0.7177 5121 1462515092.8003 1462515093.5180 670
0.4308 18218 1462515093.3045 1462515093.7354 675
0.8657 16410 1462515092.9011 1462515093.7669 671
0.6655 238092 1462515093.2038 1462515093.8694 674
0.8084 224138 1462515093.1029 1462515093.9114 673
0.3898 21263 1462515093.7074 1462515094.0973 679
0.6201 114918 1462515093.5059 1462515094.1261 677
0.8926 5314 1462515093.4052 1462515094.2979 676
0.7739 18573 1462515093.6066 1462515094.3806 678
0.6080 574318 1462515094.0096 1462515094.6177 682
0.8369 16044 1462515093.8082 1462515094.6451 680
0.4509 105471 1462515094.2111 1462515094.6621 684
0.8196 121891 1462515093.9089 1462515094.7286 681
0.7226 10858 1462515094.1104 1462515094.8331 683
0.4526 4532 1462515094.4126 1462515094.8653 686
0.4543 47612 1462515094.5134 1462515094.9678 687
0.3608 12092 1462515094.6151 1462515094.9760 688
0.3697 17825 1462515094.7154 1462515095.0852 689
0.9018 158712 1462515094.3119 1462515095.2138 685
0.8666 10681 1462515094.8162 1462515095.6829 690
0.4038 96078 1462515095.4209 1462515095.8249 696
0.3651 7300 1462515095.6222 1462515095.9874 698
1.0187 260588 1462515095.0177 1462515096.0365 692
1.1898 100546 1462515094.9170 1462515096.1068 691
1.1497 17352 1462515095.1185 1462515096.2683 693
1.2732 6818 1462515095.2193 1462515096.4926 694
0.5491 14115 1462515096.1259 1462515096.6751 703
1.4032 10690 1462515095.3201 1462515096.7234 695
0.5597 4697 1462515096.2267 1462515096.7864 704
1.3435 19517 1462515095.5214 1462515096.8651 697
1.1615 36744 1462515095.7230 1462515096.8846 699
0.6252 368483 1462515096.3273 1462515096.9526 705
1.1294 85721 1462515095.8239 1462515096.9533 700
0.7686 4988 1462515096.4285 1462515097.1972 706
1.3386 11373 1462515095.9245 1462515097.2632 701
0.6556 11711 1462515096.6301 1462515097.2858 708
1.3817 156079 1462515096.0251 1462515097.4069 702
0.5794 28256 1462515096.8317 1462515097.4111 710
1.0024 7748 1462515096.5293 1462515097.5318 707
0.8318 17400 1462515096.7309 1462515097.5627 709
0.7158 14286 1462515096.9324 1462515097.6482 711
0.8130 163247 1462515097.0331 1462515097.8462 712
0.7953 23812 1462515097.1339 1462515097.9293 713
0.7049 96482 1462515097.3355 1462515098.0404 715
0.5124 12001 1462515097.5370 1462515098.0495 717
0.5068 110688 1462515097.6377 1462515098.1446 718
0.9154 5135 1462515097.2347 1462515098.1501 714
0.5500 164350 1462515097.7386 1462515098.2887 719
0.4838 137063 1462515097.8393 1462515098.3232 720
1.0435 155909 1462515097.4363 1462515098.4799 716
0.5054 4677 1462515098.2432 1462515098.7487 724
1.0209 174868 1462515097.9401 1462515098.9611 721
0.4479 4187 1462515098.5455 1462515098.9934 727
0.8029 99297 1462515098.3440 1462515099.1470 725
0.3714 17185 1462515098.8480 1462515099.2194 730
1.1816 22807 1462515098.0410 1462515099.2226 722
1.1845 106834 1462515098.1421 1462515099.3267 723
0.9880 41437 1462515098.4447 1462515099.4328 726
0.3682 52953 1462515099.1503 1462515099.5186 733
0.3684 11292 1462515099.3519 1462515099.7204 735
1.0793 15536 1462515098.7472 1462515099.8266 729
1.1876 306190 1462515098.6463 1462515099.8339 728
1.1550 22905 1462515098.9492 1462515100.1042 731
0.8618 37335 1462515099.2511 1462515100.1130 734
0.7484 7285 1462515099.4526 1462515100.2010 736
1.1587 79767 1462515099.0496 1462515100.2084 732
0.8721 23698 1462515099.5534 1462515100.4256 737
0.3758 6453 1462515100.0574 1462515100.4333 742
0.9352 5424 1462515099.6542 1462515100.5894 738
0.6527 196674 1462515099.9567 1462515100.6094 741
0.3808 25586 1462515100.2589 1462515100.6399 744
1.0325 7214 1462515099.7549 1462515100.7875 739
1.1350 9889 1462515099.8559 1462515100.9910 740
0.9165 142841 1462515100.1582 1462515101.0747 743
0.3662 15805 1462515100.7629 1462515101.1291 749
0.7978 261627 1462515100.3597 1462515101.1575 745
0.7397 4337 1462515100.4604 1462515101.2001 746
0.4089 13898 1462515101.0651 1462515101.4741 752
0.3874 4358 1462515101.2665 1462515101.6540 754
0.3713 26369 1462515101.3673 1462515101.7387 755
1.2180 16844 1462515100.5612 1462515101.7793 747
1.2230 8159 1462515100.6621 1462515101.8852 748
0.4127 4678 1462515101.5686 1462515101.9815 757
0.3739 5067 1462515101.8708 1462515102.2448 760
0.9596 181187 1462515101.4679 1462515102.4276 756
0.3674 6063 1462515102.0723 1462515102.4399 762
0.4282 114316 1462515102.1732 1462515102.6015 763
1.8055 31863 1462515100.8636 1462515102.6692 750
1.7319 189997 1462515100.9643 1462515102.6964 751
1.1001 289353 1462515101.6693 1462515102.7694 758
1.0016 10864 1462515101.7700 1462515102.7717 759
0.3832 17618 1462515102.5774 1462515102.9607 767
0.5245 110629 1462515102.4767 1462515103.0012 766
0.6878 156735 1462515102.3759 1462515103.0638 765
0.4505 159714 1462515102.7790 1462515103.2295 769
2.1399 27232 1462515101.1658 1462515103.3058 753
0.6619 564499 1462515102.6781 1462515103.3401 768
0.4425 4571 1462515103.0813 1462515103.5239 772
1.6344 31285 1462515101.9716 1462515103.6061 761
0.3670 8043 1462515103.3839 1462515103.7510 775
1.7211 10561 1462515102.2739 1462515103.9952 764
0.3731 64709 1462515103.7870 1462515104.1602 779
0.8016 4477 1462515103.4847 1462515104.2864 776
0.4186 142447 1462515103.8878 1462515104.3064 780
0.4170 235998 1462515104.0894 1462515104.5065 782
0.9399 53205 1462515103.5855 1462515104.5255 777
0.8898 28105 1462515103.6862 1462515104.5761 778
0.3714 16222 1462515104.2909 1462515104.6623 784
1.9051 199267 1462515102.8798 1462515104.7851 770
0.3754 30397 1462515104.4925 1462515104.8680 786
1.9831 30004 1462515102.9805 1462515104.9637 771
0.6895 55270 1462515104.3917 1462515105.0813 785
0.3766 6308 1462515104.7948 1462515105.1715 789
1.9944 31592 1462515103.1821 1462515105.1766 773
2.0791 4560 1462515103.2830 1462515105.3622 774
0.8132 14363 1462515104.5932 1462515105.4065 787
0.3661 15926 1462515105.1978 1462515105.5640 793
0.9173 448858 1462515104.6940 1462515105.6114 788
0.5372 404641 1462515105.0971 1462515105.6344 792
0.3825 5101 1462515105.6008 1462515105.9834 797
0.6408 5009 1462515105.3993 1462515106.0401 795
2.0587 110355 1462515103.9886 1462515106.0474 781
1.8761 15389 1462515104.1902 1462515106.0664 783
0.6358 72748 1462515105.5001 1462515106.1360 796
0.6343 346333 1462515105.7016 1462515106.3359 798
1.6894 23170 1462515104.8956 1462515106.5850 790
1.6092 128847 1462515104.9963 1462515106.6056 791
1.3409 129815 1462515105.2986 1462515106.6395 794
0.7363 435661 1462515106.0040 1462515106.7404 801
0.9606 11535 1462515105.8024 1462515106.7631 799
0.3818 115097 1462515106.7093 1462515107.0912 808
1.2190 89597 1462515105.9032 1462515107.1222 800
0.9710 40976 1462515106.2055 1462515107.1766 803
0.4107 201349 1462515106.8101 1462515107.2209 809
1.1641 11578 1462515106.1047 1462515107.2689 802
1.1554 6935 1462515106.5079 1462515107.6634 806
1.2833 5207 1462515106.4071 1462515107.6905 805
1.3919 4738 1462515106.3063 1462515107.6982 804
1.2368 119156 1462515106.6085 1462515107.8455 807
0.4062 201054 1462515107.6161 1462515108.0224 817
0.9829 62791 1462515107.2131 1462515108.1960 813
0.7774 6161 1462515107.5153 1462515108.2927 816
1.3982 279433 1462515106.9108 1462515108.3093 810
0.6127 9915 1462515107.7169 1462515108.3298 818
0.4130 147117 1462515107.9183 1462515108.3314 820
0.7590 105188 1462515107.8176 1462515108.5767 819
0.3683 21819 1462515108.2203 1462515108.5887 823
0.3650 22284 1462515108.4214 1462515108.7864 825
1.8105 223470 1462515107.0116 1462515108.8222 811
1.7378 48663 1462515107.1124 1462515108.8503 812
0.3622 4238 1462515108.7237 1462515109.0859 828
1.8738 115414 1462515107.3138 1462515109.1877 814
1.8670 21730 1462515107.4146 1462515109.2816 815
0.9773 112895 1462515108.3208 1462515109.2982 824
0.3897 105714 1462515108.9252 1462515109.3150 830
0.6136 172474 1462515108.8245 1462515109.4381 829
0.4455 10897 1462515109.1267 1462515109.5723 832
1.0191 4448 1462515108.6229 1462515109.6422 827
1.1375 10634 1462515108.5222 1462515109.6598 826
1.6713 156004 1462515108.0192 1462515109.6905 821
1.7366 109163 1462515108.1196 1462515109.8562 822
0.7340 124065 1462515109.2275 1462515109.9616 833
0.7853 23478 1462515109.3282 1462515110.1136 834
0.4259 27953 1462515109.8320 1462515110.2580 839
1.2789 66985 1462515109.0259 1462515110.3049 831
0.9752 20140 1462515109.4290 1462515110.4042 835
1.0277 208743 1462515109.5297 1462515110.5575 836
1.0652 7752 1462515109.6304 1462515110.6957 837
0.9781 36106 1462515109.7312 1462515110.7094 838
0.5567 4551 1462515110.2346 1462515110.7913 843
0.8873 4792 1462515109.9326 1462515110.8200 840
0.5500 18199 1462515110.4360 1462515110.9860 845
0.4714 11570 1462515110.5367 1462515111.0082 846
1.2056 7605 1462515110.0332 1462515111.2388 841
0.6441 116886 1462515110.6374 1462515111.2816 847
0.6191 15655 1462515110.8389 1462515111.4581 849
1.3728 122918 1462515110.1339 1462515111.5068 842
0.6453 111891 1462515110.9397 1462515111.5850 850
0.5177 4568 1462515111.1412 1462515111.6590 852
0.7247 6324 1462515111.0405 1462515111.7653 851
1.4732 21482 1462515110.3353 1462515111.8086 844
0.5269 8121 1462515111.3429 1462515111.8699 854
1.2495 9924 1462515110.7382 1462515111.9877 848
0.6132 6481 1462515111.6450 1462515112.2583 857
1.0902 223440 1462515111.2421 1462515112.3324 853
0.9210 12531 1462515111.4436 1462515112.3647 855
0.7815 5097 1462515111.7458 1462515112.5274 858
0.4102 4606 1462515112.1488 1462515112.5590 862
0.6306 35732 1462515111.9473 1462515112.5780 860
1.1402 228321 1462515111.5442 1462515112.6845 856
0.4501 25421 1462515112.4511 1462515112.9012 865
0.7381 6389 1462515112.2495 1462515112.9878 863
0.7228 97697 1462515112.3503 1462515113.0732 864
1.3769 12988 1462515111.8465 1462515113.2235 859
0.3753 46365 1462515112.8541 1462515113.2295 869
0.3704 71788 1462515112.9549 1462515113.3254 870
0.4183 4266 1462515113.3578 1462515113.7762 874
0.3876 139898 1462515113.4590 1462515113.8467 875
1.8449 83154 1462515112.0480 1462515113.8930 861
0.3901 120591 1462515113.5601 1462515113.9503 876
0.4349 21790 1462515113.6610 1462515114.0959 877
0.4468 4519 1462515113.7618 1462515114.2086 878
0.3627 9746 1462515113.8625 1462515114.2253 879
1.6982 346236 1462515112.5518 1462515114.2501 866
0.4248 4623 1462515114.0640 1462515114.4888 881
0.3668 5387 1462515114.2654 1462515114.6323 883
2.0031 439981 1462515112.6526 1462515114.6557 867
2.1289 169703 1462515112.7533 1462515114.8823 868
0.5794 24442 1462515114.3662 1462515114.9456 884
0.6772 7088 1462515114.4672 1462515115.1444 885
0.6010 9912 1462515114.5675 1462515115.1686 886
0.4722 21827 1462515114.9708 1462515115.4430 890
0.3864 132386 1462515115.0716 1462515115.4580 891
0.8488 14563 1462515114.7690 1462515115.6179 888
2.5632 69806 1462515113.0556 1462515115.6188 871
0.7699 49243 1462515114.8702 1462515115.6402 889
0.6429 80839 1462515115.2732 1462515115.9162 893
2.8262 161363 1462515113.1563 1462515115.9826 872
0.3775 16436 1462515115.6763 1462515116.0539 897
3.1827 17759 1462515113.2571 1462515116.4398 873
1.0142 11450 1462515115.4748 1462515116.4891 895
0.6705 10645 1462515115.8777 1462515116.5483 899
1.1837 93760 1462515115.5756 1462515116.7593 896
0.8489 12896 1462515115.9785 1462515116.8274 900
2.9490 7672 1462515113.9632 1462515116.9123 880
0.6858 10071 1462515116.2808 1462515116.9667 903
2.8502 5184 1462515114.1647 1462515117.0149 882
1.2746 11839 1462515115.7770 1462515117.0517 898
0.3778 5430 1462515116.6839 1462515117.0618 907
1.0155 10422 1462515116.0792 1462515117.0948 901
2.4508 4701 1462515114.6683 1462515117.1192 887
0.5620 5787 1462515116.7846 1462515117.3468 908
0.3969 92108 1462515117.0869 1462515117.4839 911
0.4077 7849 1462515117.1877 1462515117.5954 912
0.7233 8461 1462515116.9862 1462515117.7096 910
0.5244 10603 1462515117.3892 1462515117.9137 914
0.6577 8960 1462515117.4899 1462515118.1477 915
0.4214 113100 1462515117.7922 1462515118.2137 918
0.6281 10046 1462515117.5907 1462515118.2188 916
0.5985 4757 1462515117.6915 1462515118.2900 917
3.1277 4813 1462515115.1724 1462515118.3001 892
3.2272 71431 1462515115.3740 1462515118.6012 894
0.8514 10641 1462515117.8934 1462515118.7448 919
0.6528 24630 1462515118.0949 1462515118.7478 921
0.5965 11911 1462515118.2966 1462515118.8931 923
0.9060 7361 1462515117.9941 1462515118.9002 920
2.8859 33135 1462515116.1800 1462515119.0659 902
0.6928 4690 1462515118.3973 1462515119.0902 924
0.5141 6804 1462515118.5991 1462515119.1132 926
2.8672 4387 1462515116.3816 1462515119.2489 904
0.3644 49568 1462515118.9015 1462515119.2660 929
0.9289 159825 1462515118.4981 1462515119.4271 925
3.0097 18558 1462515116.4823 1462515119.4921 905
3.1073 5585 1462515116.5831 1462515119.6905 906
2.8751 32988 1462515116.8854 1462515119.7606 909
0.7015 18389 1462515119.2038 1462515119.9054 932
1.2349 109732 1462515118.8007 1462515120.0357 928
2.7481 228855 1462515117.2884 1462515120.0367 913
0.5211 10210 1462515119.6068 1462515120.1280 936
0.8934 89366 1462515119.3045 1462515120.1980 933
0.5231 4985 1462515119.8083 1462515120.3315 938
2.1423 150694 1462515118.1958 1462515120.3381 922
1.3770 6786 1462515119.0023 1462515120.3794 930
1.7382 10347 1462515118.6999 1462515120.4381 927
0.4366 249569 1462515120.0102 1462515120.4469 940
1.0662 95583 1462515119.5061 1462515120.5723 935
1.0366 37602 1462515119.7076 1462515120.7443 937
1.7286 145079 1462515119.1031 1462515120.8318 931
0.3696 24072 1462515120.5140 1462515120.8836 945
1.5102 12608 1462515119.4053 1462515120.9156 934
0.3742 4472 1462515120.7155 1462515121.0898 947
1.2636 95439 1462515119.9091 1462515121.1727 939
0.3732 4318 1462515120.8163 1462515121.1896 948
1.0267 16330 1462515120.3125 1462515121.3392 943
1.0370 156403 1462515120.4132 1462515121.4503 944
1.4143 15526 1462515120.1110 1462515121.5253 941
0.6485 166618 1462515121.1185 1462515121.7671 951
0.3737 30147 1462515121.4208 1462515121.7946 954
0.4238 27418 1462515121.5216 1462515121.9455 955
0.5970 5088 1462515121.6223 1462515122.2194 956
2.0418 20930 1462515120.2117 1462515122.2535 942
1.6787 82345 1462515120.6148 1462515122.2935 946
0.6248 12634 1462515121.7234 1462515122.3482 957
0.4846 11611 1462515121.9250 1462515122.4096 959
0.8206 89069 1462515121.8242 1462515122.6449 958
0.5426 9642 1462515122.2277 1462515122.7704 962
1.8751 160224 1462515120.9170 1462515122.7923 949
0.5967 10233 1462515122.3285 1462515122.9253 963
2.0549 17777 1462515121.0177 1462515123.0727 950
1.0555 5315 1462515122.0257 1462515123.0813 960
0.4581 193246 1462515122.6309 1462515123.0890 966
0.5842 13599 1462515122.5302 1462515123.1144 965
2.0568 8821 1462515121.2193 1462515123.2763 952
1.2060 258636 1462515122.1269 1462515123.3330 961
0.4149 8405 1462515122.9330 1462515123.3480 969
0.4099 5050 1462515123.0337 1462515123.4437 970
2.1643 25728 1462515121.3200 1462515123.4844 953
0.3977 95095 1462515123.1346 1462515123.5323 971
1.1622 34002 1462515122.4295 1462515123.5917 964
0.8240 169911 1462515122.8322 1462515123.6563 968
1.0589 5561 1462515122.7316 1462515123.7906 967
0.3794 21756 1462515123.5376 1462515123.9171 975
0.3740 8586 1462515123.7396 1462515124.1137 977
0.8947 4126 1462515123.2353 1462515124.1300 972
0.3666 14074 1462515124.0420 1462515124.4086 980
0.8862 15118 1462515123.6388 1462515124.5251 976
1.2267 265388 1462515123.4368 1462515124.6636 974
1.3343 392399 1462515123.3361 1462515124.6705 973
0.3922 172312 1462515124.3444 1462515124.7367 983
0.9687 193563 1462515123.8404 1462515124.8092 978
0.9147 11418 1462515123.9411 1462515124.8559 979
0.4425 151232 1462515124.5459 1462515124.9885 985
0.6397 95552 1462515124.4452 1462515125.0850 984
0.5680 6342 1462515124.6468 1462515125.2149 986
1.1559 10056 1462515124.1427 1462515125.2987 981
0.4636 142748 1462515124.8483 1462515125.3120 988
0.3754 9759 1462515124.9491 1462515125.3245 989
1.1201 95139 1462515124.2435 1462515125.3637 982
0.3592 5224 1462515125.0498 1462515125.4091 990
0.8098 116101 1462515124.7476 1462515125.5575 987
0.3706 11574 1462515125.3518 1462515125.7225 993
0.7254 4061 1462515125.1504 1462515125.8759 991
0.3622 19064 1462515125.5535 1462515125.9157 995
0.6064 106338 1462515125.4526 1462515126.0591 994
0.8557 9363 1462515125.2511 1462515126.1069 992
0.5493 5083 1462515125.6539 1462515126.2033 996
0.7733 155197 1462515126.0582 1462515126.8316 1000
1.1473 22631 1462515125.7546 1462515126.9020 997
0.8324 14095 1462515126.1590 1462515126.9915 1001
0.3663 8801 1462515126.6635 1462515127.0299 1006
1.2064 9952 1462515125.8554 1462515127.0619 998
0.8369 11916 1462515126.2598 1462515127.0967 1002
1.1784 262301 1462515125.9562 1462515127.1347 999
0.6074 9307 1462515126.5625 1462515127.1700 1005
0.8908 69139 1462515126.4616 1462515127.3525 1004
1.0036 193408 1462515126.3605 1462515127.3642 1003
0.6014 4565 1462515126.7643 1462515127.3659 1007
0.4369 135712 1462515127.3689 1462515127.8059 1013
0.9543 32886 1462515126.8650 1462515127.8194 1008
0.3718 17423 1462515127.6712 1462515128.0430 1016
0.8531 19658 1462515127.2681 1462515128.1213 1012
1.1738 16589 1462515126.9657 1462515128.1396 1009
1.1608 14195 1462515127.0664 1462515128.2273 1010
0.3869 52344 1462515128.1752 1462515128.5621 1021
0.3680 16019 1462515128.3766 1462515128.7447 1023
1.3841 20928 1462515127.4696 1462515128.8538 1014
0.4064 187834 1462515128.4774 1462515128.8840 1024
1.8003 112719 1462515127.1672 1462515128.9676 1011
1.4504 166477 1462515127.5704 1462515129.0208 1015
1.4751 5669 1462515127.7720 1462515129.2472 1017
1.6599 10310 1462515127.8730 1462515129.5329 1018
1.6234 10222 1462515127.9736 1462515129.5971 1019
0.5701 12715 1462515129.0831 1462515129.6532 1030
1.6567 96600 1462515128.0745 1462515129.7312 1020
1.5498 16396 1462515128.2759 1462515129.8259 1022
1.0747 4617 1462515128.7808 1462515129.8556 1027
0.6805 276025 1462515129.1839 1462515129.8673 1031
0.7671 4042 1462515129.2846 1462515130.0518 1032
0.3719 18190 1462515129.8894 1462515130.2614 1038
1.6236 143568 1462515128.6799 1462515130.3035 1026
0.8378 73027 1462515129.5871 1462515130.4249 1035
1.6374 4597 1462515128.8816 1462515130.5191 1028
1.1687 33725 1462515129.3854 1462515130.5543 1033
0.9706 5114 1462515129.6878 1462515130.6585 1036
2.1066 682617 1462515128.5782 1462515130.6849 1025
1.7073 10036 1462515128.9823 1462515130.6897 1029
0.3757 6967 1462515130.3931 1462515130.7689 1043
0.6850 103313 1462515130.0909 1462515130.7760 1040
1.2905 225443 1462515129.4863 1462515130.7769 1034
1.0246 15995 1462515129.7886 1462515130.8132 1037
0.9385 11008 1462515129.9901 1462515130.9287 1039
0.7330 4227 1462515130.2924 1462515131.0255 1042
0.8401 245627 1462515130.1916 1462515131.0317 1041
0.6396 35014 1462515130.4942 1462515131.1338 1044
0.3682 32277 1462515130.8975 1462515131.2658 1048
0.6413 37074 1462515130.6959 1462515131.3373 1046
0.7559 5070 1462515130.5951 1462515131.3511 1045
0.6433 3986 1462515130.7967 1462515131.4401 1047
0.4507 129559 1462515130.9982 1462515131.4490 1049
0.4839 10468 1462515131.0990 1462515131.5830 1050
0.3636 15168 1462515131.3002 1462515131.6639 1052
0.4036 137416 1462515131.6025 1462515132.0063 1055
0.6462 7485 1462515131.4009 1462515132.0473 1053
0.3973 201657 1462515131.7032 1462515132.1006 1056
0.6247 7111 1462515131.5017 1462515132.1265 1054
0.3707 14899 1462515132.0056 1462515132.3764 1059
0.5982 9123 1462515131.8041 1462515132.4023 1057
0.6449 6849 1462515131.9051 1462515132.5501 1058
0.4315 7247 1462515132.3079 1462515132.7395 1062
0.7592 23089 1462515132.1064 1462515132.8657 1060
0.3972 125707 1462515132.5095 1462515132.9068 1064
0.3920 108335 1462515132.6102 1462515133.0023 1065
0.9809 6546 1462515132.2072 1462515133.1881 1061
0.6041 6070 1462515132.7110 1462515133.3158 1066
1.1181 25527 1462515132.4087 1462515133.5269 1063
0.8303 78549 1462515132.9125 1462515133.7429 1068
0.6924 9295 1462515133.1139 1462515133.8064 1070
0.4963 7234 1462515133.4167 1462515133.9131 1073
0.4008 160279 1462515133.5175 1462515133.9184 1074
0.3790 75128 1462515133.6183 1462515133.9974 1075
1.3634 18263 1462515132.8117 1462515134.1752 1067
0.3680 9647 1462515134.0217 1462515134.3898 1079
0.7008 36527 1462515133.7191 1462515134.4200 1076
0.8135 76294 1462515133.9210 1462515134.7345 1078
1.8146 222938 1462515133.0132 1462515134.8279 1069
1.7303 4576 1462515133.2147 1462515134.9450 1071
0.8048 6911 1462515134.3240 1462515135.1289 1082
1.8173 168449 1462515133.3160 1462515135.1334 1072
0.7889 12814 1462515134.4247 1462515135.2136 1083
0.3804 71470 1462515134.9292 1462515135.3097 1088
0.8655 164324 1462515134.5255 1462515135.3910 1084
0.6492 18573 1462515135.0300 1462515135.6792 1089
1.6802 9587 1462515134.1224 1462515135.8027 1080
1.9880 5284 1462515133.8201 1462515135.8081 1077
0.6822 258283 1462515135.1307 1462515135.8130 1090
1.0100 7459 1462515134.8286 1462515135.8387 1087
1.4847 274930 1462515134.6263 1462515136.1111 1085
0.7726 16910 1462515135.4330 1462515136.2057 1093
2.1825 152240 1462515134.2232 1462515136.4057 1081
0.3781 4381 1462515136.0380 1462515136.4162 1099
1.2063 40196 1462515135.2315 1462515136.4379 1091
0.9202 23469 1462515135.5339 1462515136.4541 1094
0.8863 13060 1462515135.6347 1462515136.5211 1095
1.8839 152085 1462515134.7276 1462515136.6116 1086
0.3639 4768 1462515136.6439 1462515137.0079 1105
1.7559 83269 1462515135.3323 1462515137.0882 1092
1.3346 9895 1462515135.8362 1462515137.1709 1097
1.6618 13059 1462515135.7355 1462515137.3973 1096
1.3078 30725 1462515136.2395 1462515137.5474 1101
0.8205 8424 1462515136.7446 1462515137.5652 1106
1.8052 47626 1462515135.9371 1462515137.7424 1098
1.0405 70623 1462515136.8455 1462515137.8861 1107
1.3821 14746 1462515136.5431 1462515137.9252 1104
1.8032 417458 1462515136.1388 1462515137.9420 1100
0.7948 185832 1462515137.1478 1462515137.9427 1110
1.6315 8993 1462515136.3416 1462515137.9732 1102
1.6230 4862 1462515136.4423 1462515138.0654 1103
1.2725 121409 1462515136.9463 1462515138.2190 1108
1.0163 5116 1462515137.2486 1462515138.2650 1111
1.2213 10168 1462515137.0471 1462515138.2685 1109
0.9680 34667 1462515137.5510 1462515138.5191 1114
0.8123 15199 1462515137.7525 1462515138.5649 1116
0.9637 207697 1462515137.6518 1462515138.6156 1115
1.4363 4500 1462515137.3494 1462515138.7858 1112
0.9005 118628 1462515137.9544 1462515138.8551 1118
1.0093 152340 1462515137.8537 1462515138.8630 1117
0.9229 14665 1462515138.0552 1462515138.9782 1119
0.6152 96120 1462515138.4581 1462515139.0734 1123
1.6609 112928 1462515137.4503 1462515139.1113 1113
0.9121 5812 1462515138.3573 1462515139.2695 1122
1.1861 16675 1462515138.1560 1462515139.3421 1120
1.0865 26401 1462515138.2567 1462515139.3433 1121
0.4163 128004 1462515138.9617 1462515139.3781 1128
0.8693 14170 1462515138.5587 1462515139.4281 1124
0.6460 5215 1462515138.8610 1462515139.5070 1127
0.4559 14476 1462515139.2641 1462515139.7201 1131
0.4780 81890 1462515139.3650 1462515139.8431 1132
0.4045 229074 1462515139.4657 1462515139.8704 1133
0.5342 15903 1462515139.6672 1462515140.2015 1135
1.7224 551406 1462515138.6595 1462515140.3820 1125
1.6778 321810 1462515138.7603 1462515140.4381 1126
1.7347 5696 1462515139.0625 1462515140.7973 1129
0.3944 152348 1462515140.5752 1462515140.9697 1144
0.6538 4574 1462515140.3737 1462515141.0275 1142
0.3635 4010 1462515140.6764 1462515141.0399 1145
1.8914 13610 1462515139.1633 1462515141.0547 1130
1.0975 106772 1462515139.9697 1462515141.0673 1138
1.0252 5008 1462515140.0706 1462515141.0959 1139
1.4014 417128 1462515139.7682 1462515141.1697 1136
0.7815 6709 1462515140.4744 1462515141.2560 1143
1.0474 36129 1462515140.2728 1462515141.3203 1141
1.7732 220198 1462515139.5665 1462515141.3397 1134
0.5751 4329 1462515140.8780 1462515141.4532 1147
0.3682 12674 1462515141.1801 1462515141.5484 1150
0.5908 5784 1462515140.9787 1462515141.5696 1148
0.6155 8875 1462515141.0793 1462515141.6950 1149
1.8550 222922 1462515139.8690 1462515141.7241 1137
1.5844 41624 1462515140.1716 1462515141.7561 1140
1.0383 108122 1462515140.7772 1462515141.8155 1146
0.8444 14374 1462515141.2809 1462515142.1253 1151
0.7471 80700 1462515141.4824 1462515142.2296 1153
0.6606 160125 1462515141.5831 1462515142.2437 1154
0.8638 127854 1462515141.3816 1462515142.2455 1152
0.6783 94364 1462515141.6838 1462515142.3622 1155
0.5562 8198 1462515141.8853 1462515142.4416 1157
0.3726 16673 1462515142.1876 1462515142.5602 1160
0.8426 4689 1462515141.7846 1462515142.6273 1156
0.7251 15220 1462515141.9861 1462515142.7112 1158
0.6512 12499 1462515142.0868 1462515142.7381 1159
0.5362 79401 1462515142.2883 1462515142.8245 1161
0.6853 76084 1462515142.3891 1462515143.0745 1162
0.4336 20306 1462515142.6913 1462515143.1250 1165
0.6853 31861 1462515142.4898 1462515143.1751 1163
0.6499 169464 1462515142.7921 1462515143.4421 1166
0.9792 4830 1462515142.5906 1462515143.5699 1164
0.5891 4369 1462515143.0941 1462515143.6833 1169
0.4285 26677 1462515143.2956 1462515143.7242 1171
0.9308 377777 1462515143.1948 1462515144.1257 1170
0.6591 20354 1462515143.5978 1462515144.2570 1174
0.5780 7845 1462515143.7993 1462515144.3773 1176
1.5354 376802 1462515142.8926 1462515144.4280 1167
0.3724 20895 1462515144.1019 1462515144.4744 1179
1.5036 34899 1462515142.9933 1462515144.4970 1168
0.6139 6408 1462515143.9001 1462515144.5140 1177
0.4626 320437 1462515144.2027 1462515144.6654 1180
0.4539 51473 1462515144.4045 1462515144.8584 1182
0.4108 155759 1462515144.6060 1462515145.0169 1184
1.6872 17326 1462515143.3963 1462515145.0836 1172
0.4181 12455 1462515144.7068 1462515145.1249 1185
1.7927 13210 1462515143.4971 1462515145.2899 1173
2.0191 10167 1462515143.6986 1462515145.7179 1175
2.5600 8113 1462515144.0011 1462515146.5612 1178
2.3116 17417 1462515144.3037 1462515146.6153 1181
2.9368 9957 1462515144.5052 1462515147.4422 1183
2.9171 139108 1462515144.8076 1462515147.7248 1186
2.8849 184048 1462515144.9083 1462515147.7933 1187
3.0414 4910 1462515145.0090 1462515148.0517 1188
2.9439 112166 1462515145.1098 1462515148.0537 1189
2.9472 16524 1462515145.2105 1462515148.1593 1190
