0.011024951934814
0.0053422451019287
0.020235061645508
0.01362681388855
0.011741876602173
0.023293972015381
0.0082230567932129
0.037698030471802
0.010942935943604
0.021056890487671
0.0050928592681885
0.016885042190552
0.012261390686035
0.0057399272918701
0.012009859085083
0.01398491859436
0.041627883911133
0.0050711631774902
0.047468900680542
0.013155937194824
0.019668102264404
0.029965877532959
0.030115127563477
0.0072221755981445
0.020378112792969
0.017398834228516
0.012533187866211
0.0099952220916748
0.0048749446868896
0.026499271392822
0.018433809280396
0.027114152908325
0.023458242416382
0.011719942092896
0.0046250820159912
0.0051028728485107
0.012561082839966
0.011400938034058
0.0050568580627441
0.022764205932617
0.0099081993103027
0.028993129730225
0.015171051025391
0.011954784393311
0.012149095535278
0.0048167705535889
0.026076078414917
0.0049769878387451
0.014451026916504
0.012646913528442
0.023558139801025
0.016327142715454
0.021460771560669
0.0050318241119385
0.0049200057983398
0.0062401294708252
0.013358354568481
0.012295246124268
0.0052163600921631
0.0058639049530029
0.0048332214355469
0.041958808898926
0.0081679821014404
0.0046830177307129
0.0093309879302979
0.02790379524231
0.021661996841431
0.031604051589966
0.0062439441680908
0.0075781345367432
0.017270088195801
0.0046701431274414
0.017287015914917
0.053760051727295
0.030235052108765
0.02367901802063
0.0046999454498291
0.050987005233765
0.032932996749878
0.03401517868042
0.044982194900513
0.020084142684937
0.0066606998443604
0.030105113983154
0.038317918777466
0.016049146652222
0.013126850128174
0.0054464340209961
0.023367166519165
0.013918876647949
0.0049738883972168
0.0053372383117676
0.021558046340942
0.012858867645264
0.013231039047241
0.010877132415771
0.012007713317871
0.016969919204712
0.0057120323181152
0.022583961486816
0.02096700668335
0.027374982833862
0.024308919906616
0.0081579685211182
0.035184860229492
0.010318040847778
0.028156042098999
0.0079472064971924
0.011360168457031
0.004702091217041
0.0054459571838379
0.0047280788421631
0.039950132369995
0.014815092086792
0.0061259269714355
0.0063290596008301
0.022658824920654
0.013657808303833
0.021719932556152
0.0061650276184082
0.0095951557159424
0.01117205619812
0.013802289962769
0.021658182144165
0.015094995498657
0.030929088592529
0.063923835754395
0.01314115524292
0.014521837234497
0.011887073516846
0.01569676399231
0.020933866500854
0.026241302490234
0.029282331466675
0.019285917282104
0.0055239200592041
0.0053510665893555
0.012590169906616
0.00888991355896
0.0052981376647949
0.0058560371398926
0.014085054397583
0.0090227127075195
0.021327018737793
0.0074310302734375
0.0047030448913574
0.020258665084839
0.0064697265625
0.0090863704681396
0.030804872512817
0.015250682830811
0.015484809875488
0.0049810409545898
0.039276123046875
0.019490242004395
0.023298978805542
0.0058097839355469
0.032688140869141
0.0058078765869141
0.0047647953033447
0.029659032821655
0.049088001251221
0.031872034072876
0.027160882949829
0.012286186218262
0.0083062648773193
0.0095298290252686
0.0046219825744629
0.0087151527404785
0.038382768630981
0.005230188369751
0.03363299369812
0.018976926803589
0.005450963973999
0.0055859088897705
0.13439106941223
0.0091590881347656
0.011385202407837
0.076336622238159
0.0065019130706787
0.0049247741699219
0.0051932334899902
0.0076503753662109
0.0051131248474121
0.044232130050659
0.038449764251709
0.070847749710083
0.0056591033935547
0.0075712203979492
0.0069060325622559
0.028645992279053
0.0057201385498047
0.0098927021026611
0.05259895324707
0.012879848480225
0.0045516490936279
0.011130809783936
0.0050427913665771
0.0048670768737793
0.0056591033935547
