0.58124899864197
0.75149893760681
0.77946996688843
0.86645412445068
0.88429188728333
0.59237694740295
0.40012407302856
0.36579394340515
0.43596315383911
0.3496458530426
0.38909912109375
0.36663103103638
0.3993182182312
0.60022306442261
0.65229201316833
0.86704301834106
0.99786496162415
1.0124070644379
0.68570899963379
0.37052702903748
0.65159678459167
0.63353109359741
0.42085194587708
0.55411005020142
0.49103307723999
0.54642295837402
0.50736498832703
0.35637402534485
0.38605117797852
0.49866509437561
0.52832293510437
0.86240291595459
0.8439838886261
0.91939306259155
0.73076701164246
1.0381379127502
0.94099593162537
0.70287418365479
0.79749298095703
1.1413979530334
1.0113608837128
0.82676911354065
0.64948701858521
0.87683010101318
1.1742968559265
1.1931369304657
1.1075968742371
0.93331098556519
0.65774822235107
0.42654204368591
0.51420211791992
0.39420199394226
0.39937400817871
0.35229086875916
0.36709594726562
0.90468692779541
0.93531513214111
0.90587902069092
0.40100312232971
0.82259607315063
0.84258317947388
0.71951389312744
0.36453199386597
0.7211480140686
0.93263912200928
1.0378949642181
1.1449019908905
1.2228078842163
1.385293006897
1.4334089756012
1.488086938858
1.2803120613098
1.1509709358215
0.37970685958862
0.70341300964355
0.64313697814941
0.65400981903076
0.60902786254883
0.82578492164612
1.055233001709
1.1521940231323
1.4018590450287
1.2057998180389
1.1486029624939
1.0483078956604
0.70550918579102
0.50308513641357
0.62871384620667
0.63042306900024
0.5885808467865
0.63134098052979
1.7013938426971
0.82487320899963
0.99961805343628
1.0311381816864
1.0124969482422
1.1457569599152
1.1495280265808
1.2484920024872
1.4956889152527
1.5576479434967
1.7146530151367
1.5877120494843
1.7430169582367
1.572261095047
1.4263401031494
1.1951348781586
0.97267389297485
0.42773294448853
0.35200595855713
0.41177296638489
1.3180248737335
0.40562796592712
0.54855990409851
0.6711790561676
0.87283992767334
1.1041150093079
1.128720998764
1.1989569664001
0.90229797363281
0.83798313140869
0.6550030708313
0.354651927948
0.91662693023682
1.1090500354767
1.1146240234375
0.87732291221619
0.38237500190735
0.60088396072388
0.43655490875244
0.39587092399597
0.56621122360229
0.80433487892151
0.69768810272217
0.47676396369934
0.36726593971252
0.73150181770325
1.2105629444122
1.214742898941
1.598128080368
1.4912099838257
1.5211040973663
1.6274950504303
1.7100570201874
1.8871412277222
1.9754610061646
1.9831149578094
2.0504748821259
2.0516269207001
1.8694241046906
1.6815850734711
1.6003148555756
1.3338398933411
1.3856709003448
1.730700969696
1.8606021404266
1.8601219654083
1.6619911193848
1.724799156189
1.2725019454956
1.0565919876099
0.97102403640747
0.46447992324829
0.60203409194946
0.77368688583374
0.72971200942993
0.71537709236145
0.40996909141541
0.4283549785614
0.63552594184875
1.0077669620514
1.1763770580292
1.1301357746124
0.99549603462219
0.4119439125061
0.64569616317749
0.58928608894348
0.35736989974976
0.42935490608215
0.3621678352356
0.41612815856934
0.81355404853821
1.0482449531555
1.1917309761047
0.94099593162537
0.70188283920288
0.87457418441772
0.96139597892761
0.90813398361206
0.36788105964661
0.5977189540863
0.54115200042725
0.82953596115112
0.88316607475281
0.99482202529907
0.36444401741028
0.39864897727966
0.56331396102905
0.67352914810181
