0.75806283950806
0.35893893241882
0.36539697647095
0.38351821899414
0.35244798660278
0.56482601165771
2.3408720493317
0.38993000984192
0.92734503746033
0.37270498275757
0.37405610084534
0.36182713508606
0.36025595664978
0.41278004646301
0.36014795303345
0.42307996749878
0.39965105056763
0.39158296585083
0.36604690551758
0.36849808692932
0.36057996749878
0.3603401184082
0.36141896247864
0.36458992958069
0.40405702590942
0.38016104698181
0.37095618247986
0.63773703575134
0.36044907569885
0.35554695129395
0.40014100074768
0.36064720153809
0.36433696746826
0.35504603385925
0.36183309555054
0.39727306365967
0.35633182525635
0.38192105293274
0.36002898216248
0.36156487464905
0.35702705383301
0.37454199790955
0.37987399101257
0.3607759475708
0.37920212745667
0.35921096801758
0.38606905937195
0.36532711982727
0.36965489387512
0.38462996482849
0.35453510284424
0.36632490158081
0.36812591552734
0.40261697769165
0.3619270324707
0.3636269569397
0.68718910217285
0.39087295532227
0.3814709186554
0.44199800491333
0.35772395133972
0.37457203865051
0.4107551574707
0.36085200309753
0.35557103157043
0.35983395576477
0.36353898048401
0.43225193023682
0.37041306495667
0.36132597923279
0.35524988174438
0.35654187202454
0.36131286621094
0.35751891136169
0.53756189346313
0.36683011054993
0.36281514167786
0.35596704483032
0.36505818367004
0.44015097618103
0.36942577362061
0.35723495483398
0.37238097190857
0.37644410133362
0.35393691062927
0.35909080505371
0.39337778091431
0.35657501220703
0.36504602432251
0.41601514816284
0.38461017608643
0.38533902168274
0.38129091262817
0.37841606140137
0.38202595710754
0.36078095436096
0.36745309829712
0.3874499797821
0.36481213569641
0.35786604881287
0.39192795753479
0.36036992073059
0.37658786773682
0.36372995376587
0.38124513626099
0.38375687599182
0.35578107833862
0.62714600563049
0.36523389816284
0.56876707077026
0.36140012741089
0.41224312782288
0.38498497009277
0.39231705665588
0.36959910392761
0.36393404006958
0.37727403640747
0.38412404060364
0.35097312927246
0.35753607749939
0.40490913391113
0.39340901374817
0.38936281204224
0.37002205848694
0.3639760017395
0.36145615577698
0.39248013496399
0.3873028755188
0.36662697792053
0.3772509098053
0.36094808578491
0.3908851146698
0.35634183883667
0.3782639503479
0.39568901062012
0.61723804473877
0.41581797599792
0.3578028678894
0.35968399047852
0.3666980266571
0.37118983268738
0.37850785255432
0.36447715759277
0.38280701637268
0.36229491233826
0.69312191009521
0.44266319274902
0.35927104949951
0.36837601661682
0.38018608093262
0.38005900382996
0.3846549987793
0.37077188491821
0.38140511512756
0.3782970905304
0.36104011535645
0.38947010040283
0.35917806625366
0.361661195755
0.38726091384888
0.37044787406921
0.3773558139801
0.37463092803955
0.35414290428162
0.413654088974
0.36480093002319
0.37625098228455
0.40547919273376
0.36533999443054
0.37374091148376
0.37950611114502
0.37886619567871
0.37279605865479
0.36716198921204
0.36319303512573
0.36728501319885
0.36076903343201
0.3725950717926
0.3987979888916
0.36239099502563
0.36816191673279
0.36683702468872
0.35409498214722
0.36312508583069
0.3708598613739
0.37842082977295
0.36820316314697
0.36276602745056
0.36796879768372
0.60662412643433
0.40231680870056
0.36875081062317
0.36266207695007
0.38079404830933
0.4062659740448
0.40979504585266
0.37129998207092
0.37939500808716
0.38099789619446
