0.034773111343384
0.016992092132568
0.01153302192688
0.0057690143585205
0.011339902877808
0.0086567401885986
0.0070812702178955
0.0093927383422852
0.013516187667847
0.048151254653931
0.020106792449951
0.031629085540771
0.012073040008545
0.017674207687378
0.017365694046021
0.031283140182495
0.01761794090271
0.020810127258301
0.020904064178467
0.033596277236938
0.046151876449585
0.049777746200562
0.034489870071411
0.044800043106079
0.048130989074707
0.041707992553711
0.046924114227295
0.040089845657349
0.043268918991089
0.031651973724365
0.0067989826202393
0.0071337223052979
0.0058372020721436
0.088640928268433
0.022221088409424
0.055314779281616
0.036949157714844
0.060502767562866
0.0047409534454346
0.021361827850342
0.0050313472747803
0.045290946960449
0.011862993240356
0.009119987487793
0.012941122055054
0.02189826965332
0.013636112213135
0.0047519207000732
0.0048379898071289
0.019990921020508
0.016831874847412
0.017426013946533
0.005692720413208
0.027253866195679
0.013762950897217
0.0048928260803223
0.027955055236816
0.09122633934021
0.028223037719727
0.022865056991577
0.021198987960815
0.021727085113525
0.014949083328247
0.0048539638519287
0.013005971908569
0.020758867263794
0.015828132629395
0.025065183639526
0.0051209926605225
0.010763168334961
0.0045599937438965
0.004478931427002
0.007997989654541
0.0047919750213623
0.0059061050415039
0.0062992572784424
0.027157068252563
0.032552003860474
0.017745018005371
0.047072887420654
0.011451959609985
0.030102968215942
0.021591186523438
0.021152257919312
0.016745805740356
0.062131881713867
0.02052116394043
0.018930912017822
0.026082992553711
0.030499935150146
0.039777040481567
0.020248889923096
0.057127952575684
0.032992124557495
0.057829141616821
0.046074867248535
0.038658142089844
0.010395050048828
0.05791163444519
0.023685216903687
0.012288808822632
0.029380798339844
0.033343076705933
0.091125011444092
0.036895036697388
0.016815900802612
0.034262895584106
0.035583019256592
0.042895078659058
0.019321918487549
0.025282144546509
0.048561096191406
0.038212060928345
0.0071780681610107
0.02143120765686
0.0078811645507812
0.0051519870758057
0.004868745803833
0.0045180320739746
0.006680965423584
0.0051820278167725
0.099663019180298
0.064328908920288
0.040096998214722
0.077522993087769
0.050426959991455
0.0848228931427
0.061521053314209
0.059449911117554
0.052625179290771
0.047355890274048
0.079615116119385
0.1093921661377
0.1667308807373
0.1408519744873
0.042129993438721
0.065562963485718
0.03279185295105
0.026911020278931
0.027315855026245
0.07599401473999
0.061493158340454
0.15478610992432
0.072285890579224
0.012813091278076
0.073280811309814
0.07360577583313
0.070884227752686
0.040213823318481
0.067514896392822
0.034554958343506
0.045337915420532
0.097486972808838
0.07967472076416
0.0084891319274902
0.10128116607666
0.045155763626099
0.11586689949036
0.12566089630127
0.10006904602051
0.060163021087646
0.045073270797729
0.048434734344482
0.059657096862793
0.10509419441223
0.13637232780457
0.087759971618652
0.069992780685425
0.12939286231995
0.10805988311768
0.11777591705322
0.15082287788391
0.075836181640625
0.14157795906067
0.19498991966248
0.17391395568848
0.17418432235718
0.16395282745361
0.17593121528625
0.12044405937195
0.16630005836487
0.42685794830322
0.13612604141235
0.1887092590332
0.10370016098022
0.060686826705933
0.1070249080658
0.071057081222534
0.12252187728882
0.097461938858032
0.088492155075073
0.040770053863525
0.12848997116089
0.1406831741333
0.129154920578
0.09907603263855
0.16543698310852
0.15884280204773
0.13807511329651
0.11284112930298
