0.36315608024597
0.35989713668823
0.58751893043518
0.35915589332581
0.3705039024353
0.35642600059509
0.37551283836365
0.37307381629944
0.37737083435059
0.37754988670349
0.62244510650635
0.3968870639801
0.37212300300598
0.36404800415039
0.35660004615784
0.49662303924561
0.49041891098022
0.3601291179657
0.35379195213318
0.48036909103394
0.46336507797241
0.39372301101685
0.38045001029968
0.36419987678528
0.45723509788513
0.47192001342773
0.41128206253052
0.47346115112305
0.37258219718933
0.35707092285156
0.4728729724884
0.46986103057861
0.37486791610718
0.36399817466736
0.35826802253723
0.35761117935181
0.36156606674194
0.49862122535706
0.47217392921448
0.3949179649353
0.35652804374695
0.39190697669983
0.36115002632141
0.36317801475525
0.37314987182617
0.38171911239624
0.36502003669739
0.50955295562744
0.54631900787354
0.35547995567322
0.37443995475769
0.39035415649414
0.36771297454834
0.35442185401917
0.3623788356781
0.39632201194763
0.46073484420776
0.4736909866333
0.52420806884766
0.48070502281189
0.36328887939453
0.42167401313782
0.36154794692993
0.36887502670288
0.36106610298157
0.37962698936462
0.37733793258667
0.36007380485535
0.37637901306152
0.3581178188324
0.39041304588318
0.39727997779846
0.51677513122559
0.47515797615051
0.45206999778748
0.47445392608643
0.45777797698975
0.46277403831482
0.52093100547791
0.51674103736877
0.36396098136902
0.36591911315918
0.48186993598938
0.78996419906616
0.61871480941772
0.38900995254517
0.35553288459778
0.36363887786865
0.36517214775085
0.4722580909729
0.48534083366394
0.36669898033142
0.36735701560974
0.37543606758118
0.38772416114807
0.47835111618042
0.46723103523254
0.41093802452087
0.52653098106384
0.49720191955566
0.38867378234863
0.36727285385132
0.393963098526
0.37867188453674
0.41908478736877
0.38806295394897
0.36114501953125
0.38784694671631
0.38598489761353
0.40567088127136
0.45277309417725
0.48247408866882
0.36652207374573
0.38218307495117
0.37826800346375
0.37426805496216
0.42940092086792
0.4709849357605
0.37741994857788
0.36166906356812
0.40548896789551
0.36760497093201
0.36246180534363
0.59181690216064
0.36207604408264
0.36935305595398
0.38295888900757
0.38048219680786
0.38299798965454
0.35948395729065
0.36751008033752
0.57044792175293
1.4192590713501
0.37089490890503
0.45485401153564
0.65283417701721
0.59434914588928
0.43285083770752
0.43051195144653
0.3720269203186
0.4224488735199
0.36382293701172
0.53698110580444
0.39974617958069
0.53385996818542
0.49554085731506
0.36566591262817
0.36384606361389
0.3744010925293
0.47518992424011
0.46042394638062
0.63810610771179
0.37274694442749
0.4206759929657
0.46344494819641
0.49484896659851
0.37159204483032
0.37294101715088
0.37110996246338
0.36613392829895
0.38839793205261
0.46764707565308
0.50148892402649
0.49009203910828
0.53032898902893
0.36863303184509
0.54652309417725
0.50201296806335
0.40383195877075
0.37256598472595
0.61798000335693
0.55816698074341
0.36955904960632
0.39569115638733
0.37441301345825
0.36087417602539
0.4731810092926
0.47171497344971
0.36596298217773
0.36647486686707
0.44082117080688
0.49382781982422
0.47084999084473
0.46807503700256
0.36963105201721
0.40813803672791
0.36426687240601
0.36245799064636
0.38008904457092
0.44796085357666
0.47002696990967
0.36254286766052
0.36248898506165
0.38545489311218
0.36629295349121
0.3803539276123
0.50245690345764
0.47396802902222
0.36799097061157
