0.4758 4355 1462515274.5218 1462515274.9977 3
0.7910 15180 1462515274.3775 1462515275.1686 1
0.8763 4399 1462515274.3053 1462515275.1817 0
0.3746 7544 1462515275.0281 1462515275.4028 10
0.8680 26266 1462515274.5940 1462515275.4620 4
0.3753 25979 1462515275.1003 1462515275.4757 11
1.0581 99824 1462515274.4496 1462515275.5078 2
0.9109 194303 1462515274.6665 1462515275.5775 5
1.0226 151111 1462515274.7387 1462515275.7614 6
0.9508 5598 1462515274.8111 1462515275.7620 7
1.0820 26041 1462515274.9560 1462515276.0380 9
1.1678 20623 1462515274.8834 1462515276.0512 8
0.4258 6137 1462515275.6780 1462515276.1039 19
0.8159 9320 1462515275.3890 1462515276.2050 15
1.0646 29168 1462515275.1724 1462515276.2371 12
0.9698 62371 1462515275.3168 1462515276.2866 14
1.2808 183479 1462515275.2445 1462515276.5254 13
1.1691 97318 1462515275.4615 1462515276.6306 16
1.0568 8559 1462515275.6059 1462515276.6627 18
0.7952 11149 1462515276.0389 1462515276.8342 24
0.6326 13531 1462515276.2554 1462515276.8880 27
1.4361 7295 1462515275.5337 1462515276.9698 17
0.6730 14113 1462515276.3997 1462515277.0728 29
0.5908 8047 1462515276.5441 1462515277.1350 31
0.3867 26486 1462515276.8334 1462515277.2202 35
1.5253 342925 1462515275.8223 1462515277.3477 21
1.6487 7973 1462515275.7501 1462515277.3989 20
1.5196 6663 1462515275.8944 1462515277.4141 22
0.6435 7138 1462515276.9059 1462515277.5495 36
0.8929 9481 1462515276.6890 1462515277.5820 33
0.5707 52068 1462515277.1224 1462515277.6932 39
1.6204 5009 1462515276.1832 1462515277.8037 26
1.8719 72091 1462515275.9666 1462515277.8386 23
1.4506 8124 1462515276.6168 1462515278.0675 32
1.9617 18635 1462515276.1111 1462515278.0729 25
1.7970 432757 1462515276.3274 1462515278.1245 28
0.8762 125759 1462515277.2667 1462515278.1429 41
1.1848 21185 1462515277.0502 1462515278.2351 38
0.8703 31944 1462515277.4111 1462515278.2815 43
1.0385 95937 1462515277.3389 1462515278.3775 42
1.2161 5258 1462515277.1945 1462515278.4107 40
1.9835 6440 1462515276.4720 1462515278.4555 30
1.0040 10305 1462515277.4832 1462515278.4873 44
0.8464 132046 1462515277.6996 1462515278.5461 47
0.5090 85037 1462515278.3491 1462515278.8582 56
2.2074 165183 1462515276.7611 1462515278.9686 34
1.5165 5776 1462515277.5554 1462515279.0719 45
1.2281 4379 1462515277.8439 1462515279.0722 49
0.5126 19437 1462515278.5655 1462515279.0781 59
1.2133 35356 1462515277.9160 1462515279.1294 50
1.1807 16213 1462515277.9882 1462515279.1690 51
0.9788 12649 1462515278.2049 1462515279.1838 54
1.5960 133185 1462515277.6275 1462515279.2236 46
2.3886 275145 1462515276.9781 1462515279.3668 37
1.6900 168392 1462515277.7717 1462515279.4618 48
1.4001 104182 1462515278.2770 1462515279.6775 55
1.2788 14445 1462515278.4934 1462515279.7722 58
0.5592 16525 1462515279.2173 1462515279.7766 68
1.4461 242900 1462515278.4212 1462515279.8675 57
0.5322 16414 1462515279.4336 1462515279.9659 71
1.9691 6675 1462515278.0604 1462515280.0295 52
1.3903 26066 1462515278.6397 1462515280.0301 60
1.6033 7728 1462515278.7841 1462515280.3875 62
1.0254 88331 1462515279.5780 1462515280.6035 73
2.5420 249140 1462515278.1327 1462515280.6748 53
0.3830 6328 1462515280.4435 1462515280.8266 85
2.0069 8289 1462515278.8567 1462515280.8637 63
1.1442 13297 1462515279.7223 1462515280.8665 75
2.2524 172287 1462515278.7119 1462515280.9644 61
0.4254 315809 1462515280.8049 1462515281.2315 90
2.3455 5996 1462515278.9289 1462515281.2744 64
0.3789 76444 1462515281.1658 1462515281.5448 95
2.4071 177566 1462515279.1452 1462515281.5523 67
2.6178 30752 1462515279.0731 1462515281.6910 66
2.7153 87615 1462515279.0010 1462515281.7164 65
2.6191 139330 1462515279.2894 1462515281.9086 69
1.9887 39428 1462515280.1547 1462515282.1435 81
0.6197 6298 1462515281.5265 1462515282.1462 100
0.3690 13882 1462515281.8875 1462515282.2566 105
2.1506 6128 1462515280.2272 1462515282.3778 82
0.7679 4109 1462515281.7431 1462515282.5111 103
3.0375 9833 1462515279.5057 1462515282.5433 72
2.9122 18350 1462515279.6502 1462515282.5628 74
2.3045 10889 1462515280.2994 1462515282.6040 83
0.6560 8881 1462515281.9597 1462515282.6157 106
2.3733 27374 1462515280.5157 1462515282.8891 86
3.6385 295723 1462515279.3615 1462515283.0001 70
0.4115 48554 1462515282.6142 1462515283.0258 115
3.2039 4285 1462515279.8662 1462515283.0703 77
0.6016 4495 1462515282.4699 1462515283.0716 113
2.7064 107467 1462515280.5880 1462515283.2945 87
3.5230 5096 1462515279.9384 1462515283.4616 78
3.6674 27795 1462515279.7945 1462515283.4621 76
2.9502 151887 1462515280.7326 1462515283.6829 89
1.1180 185790 1462515282.6870 1462515283.8051 116
3.8019 44522 1462515280.0104 1462515283.8123 79
1.1707 5126 1462515282.7593 1462515283.9300 117
2.8328 37652 1462515281.2378 1462515284.0707 96
1.1479 151902 1462515282.9758 1462515284.1237 120
2.8346 126733 1462515281.3097 1462515284.1444 97
3.1965 97304 1462515280.9490 1462515284.1456 92
0.7577 3999 1462515283.5529 1462515284.3106 128
4.2997 186400 1462515280.0826 1462515284.3824 80
4.1521 26408 1462515280.3714 1462515284.5237 84
2.8731 5145 1462515281.6709 1462515284.5441 102
3.1933 53342 1462515281.3820 1462515284.5753 98
0.6684 13857 1462515284.2025 1462515284.8710 137
0.6409 13430 1462515284.2746 1462515284.9156 138
4.2748 22492 1462515280.6605 1462515284.9353 88
3.4888 131251 1462515281.4542 1462515284.9430 99
4.2618 98960 1462515280.8767 1462515285.1387 91
3.6068 125793 1462515281.5986 1462515285.2056 101
3.5049 175444 1462515281.8153 1462515285.3202 104
0.9076 63791 1462515284.4190 1462515285.3266 140
3.3988 42197 1462515282.0363 1462515285.4352 107
1.1014 65048 1462515284.4912 1462515285.5927 141
3.4535 10761 1462515282.5420 1462515285.9956 114
3.0268 139012 1462515283.0477 1462515286.0746 121
1.4395 155648 1462515284.7075 1462515286.1471 144
3.4007 4963 1462515282.8314 1462515286.2322 118
3.3684 47807 1462515282.9036 1462515286.2720 119
5.2921 49117 1462515281.0211 1462515286.3132 93
0.8061 21454 1462515285.6459 1462515286.4521 157
1.5966 174943 1462515284.9963 1462515286.5930 148
0.9650 15271 1462515285.7182 1462515286.6833 158
0.9318 166581 1462515285.8630 1462515286.7949 160
3.3511 14587 1462515283.4807 1462515286.8319 127
3.5201 89860 1462515283.3363 1462515286.8565 125
5.7694 174903 1462515281.0932 1462515286.8627 94
1.8556 4050 1462515285.2126 1462515287.0683 151
4.0731 37075 1462515283.1199 1462515287.1931 122
4.1703 16616 1462515283.1920 1462515287.3624 123
5.2286 5239 1462515282.1811 1462515287.4098 109
0.7590 185611 1462515286.6576 1462515287.4167 171
5.4773 3851 1462515282.1089 1462515287.5863 108
3.7702 12743 1462515283.9138 1462515287.6841 133
2.2447 10982 1462515285.5737 1462515287.8185 156
5.5085 24560 1462515282.3253 1462515287.8340 111
4.1123 73123 1462515283.7694 1462515287.8818 131
3.9372 196636 1462515283.9860 1462515287.9232 134
2.4502 655097 1462515285.5015 1462515287.9518 155
2.1688 3983 1462515285.7904 1462515287.9593 159
4.9701 5701 1462515283.2642 1462515288.2344 124
6.0021 157170 1462515282.2532 1462515288.2554 110
1.4017 46984 1462515286.9466 1462515288.3483 175
1.8373 15253 1462515286.5130 1462515288.3504 169
1.8249 165810 1462515286.7299 1462515288.5550 172
1.4255 5519 1462515287.1632 1462515288.5888 178
4.7929 14028 1462515283.8416 1462515288.6346 132
4.0736 5873 1462515284.5633 1462515288.6370 142
1.4820 11613 1462515287.2354 1462515288.7175 179
1.3728 109572 1462515287.3797 1462515288.7526 181
5.1377 26208 1462515283.6972 1462515288.8351 130
5.5333 36078 1462515283.4085 1462515288.9419 126
5.4315 102560 1462515283.6251 1462515289.0566 129
5.0009 14117 1462515284.0586 1462515289.0595 135
1.5511 5140 1462515287.5241 1462515289.0753 183
4.4531 9885 1462515284.6354 1462515289.0886 143
3.9474 5257 1462515285.2851 1462515289.2326 152
6.8645 130792 1462515282.3975 1462515289.2621 112
1.8183 8146 1462515287.7407 1462515289.5591 186
5.2988 160568 1462515284.3468 1462515289.6456 139
0.6263 5214 1462515289.0397 1462515289.6661 204
5.6249 72650 1462515284.1303 1462515289.7554 136
3.8501 14940 1462515285.9352 1462515289.7854 161
1.3779 7542 1462515288.6068 1462515289.9848 198
3.7731 29168 1462515286.2239 1462515289.9971 165
5.2564 165456 1462515284.7797 1462515290.0362 145
1.2980 7369 1462515288.7511 1462515290.0492 200
1.1848 14980 1462515288.8954 1462515290.0803 202
5.2423 158477 1462515284.8520 1462515290.0943 146
4.7801 13471 1462515285.3572 1462515290.1374 153
5.0515 58469 1462515285.1405 1462515290.1920 150
5.3709 19769 1462515284.9241 1462515290.2950 147
1.2527 43951 1462515289.2565 1462515290.5093 207
5.1219 322963 1462515285.4294 1462515290.5514 154
4.3232 246942 1462515286.3682 1462515290.6914 167
1.3722 15075 1462515289.3286 1462515290.7010 208
4.5355 5848 1462515286.4403 1462515290.9759 168
4.4214 21712 1462515286.5854 1462515291.0068 170
1.6160 118635 1462515289.4725 1462515291.0886 210
5.1266 54539 1462515286.1516 1462515291.2783 164
4.4389 14100 1462515286.8744 1462515291.3133 174
5.9659 48775 1462515286.0795 1462515292.0455 163
1.2906 106761 1462515291.2761 1462515292.5668 235
1.3024 14870 1462515291.5648 1462515292.8673 239
3.5803 5900 1462515289.9054 1462515293.4858 216
1.9317 5736 1462515291.7817 1462515293.7134 242
1.5087 430751 1462515292.7935 1462515294.3022 256
2.2066 16244 1462515292.3596 1462515294.5663 250
5.1577 5459 1462515289.5447 1462515294.7024 211
4.9217 7975 1462515290.0498 1462515294.9715 218
4.6838 14105 1462515290.3382 1462515295.0221 222
7.0439 7089 1462515288.2461 1462515295.2901 193
6.7341 149367 1462515288.6790 1462515295.4132 199
4.2325 161128 1462515291.4202 1462515295.6527 237
6.4100 11627 1462515289.4006 1462515295.8107 209
5.4371 4451 1462515290.5547 1462515295.9919 225
3.9557 21929 1462515292.0710 1462515296.0268 246
3.7576 13683 1462515292.2874 1462515296.0450 249
2.1771 4618 1462515293.8788 1462515296.0560 271
4.7236 6320 1462515291.3480 1462515296.0717 236
2.9928 73682 1462515293.0830 1462515296.0759 260
6.3163 8624 1462515289.7612 1462515296.0775 214
4.8809 34434 1462515291.2039 1462515296.0849 234
2.6420 10994 1462515293.4448 1462515296.0869 265
5.1850 4710 1462515290.9159 1462515296.1010 230
3.4740 9941 1462515292.6490 1462515296.1233 254
8.5311 15635 1462515287.5962 1462515296.1274 184
4.4247 44337 1462515291.7094 1462515296.1342 241
3.2039 6022 1462515292.9380 1462515296.1420 258
3.9275 26398 1462515292.2151 1462515296.1427 248
5.6630 9531 1462515290.4825 1462515296.1456 224
5.4515 22257 1462515290.6992 1462515296.1508 227
8.7052 17590 1462515287.4519 1462515296.1572 182
5.0375 162728 1462515291.1320 1462515296.1695 233
6.5733 12917 1462515289.6169 1462515296.1903 212
8.1720 25231 1462515288.0295 1462515296.2016 190
4.7179 8736 1462515291.4924 1462515296.2104 238
3.7826 148207 1462515292.4318 1462515296.2145 251
1.7587 11652 1462515294.4576 1462515296.2163 279
2.9263 7859 1462515293.3003 1462515296.2266 263
3.6511 8678 1462515292.5767 1462515296.2279 253
8.2786 10827 1462515287.9573 1462515296.2360 189
8.3526 45223 1462515287.8851 1462515296.2382 188
7.7785 10101 1462515288.4625 1462515296.2411 196
6.1221 15487 1462515290.1220 1462515296.2441 219
6.4273 20608 1462515289.8333 1462515296.2607 215
7.7376 127475 1462515288.5347 1462515296.2724 197
7.8839 18086 1462515288.3904 1462515296.2745 195
6.5858 5028 1462515289.6890 1462515296.2750 213
5.2883 4829 1462515290.9881 1462515296.2765 231
2.6892 56663 1462515293.5897 1462515296.2790 267
4.4278 149836 1462515291.8540 1462515296.2819 243
8.4701 14847 1462515287.8129 1462515296.2831 187
7.1847 20356 1462515289.1119 1462515296.2967 205
11.2376 17361 1462515285.0684 1462515296.3060 149
6.0550 5811 1462515290.2661 1462515296.3213 221
8.2242 19880 1462515288.1017 1462515296.3260 191
8.6734 22540 1462515287.6685 1462515296.3420 185
7.5336 7190 1462515288.8232 1462515296.3570 201
4.2330 284109 1462515292.1430 1462515296.3760 247
7.4178 250556 1462515288.9676 1462515296.3855 203
6.2008 127060 1462515290.1941 1462515296.3950 220
10.1005 36223 1462515286.2960 1462515296.3965 166
8.0861 57372 1462515288.3182 1462515296.4045 194
9.4239 13340 1462515287.0187 1462515296.4427 176
9.6488 171973 1462515286.8022 1462515296.4512 173
8.2924 19989 1462515288.1739 1462515296.4663 192
10.5758 128690 1462515286.0074 1462515296.5832 162
5.8146 133976 1462515290.7714 1462515296.5861 228
4.6709 169143 1462515291.9989 1462515296.6699 245
9.4130 124711 1462515287.3076 1462515296.7206 180
6.3220 182221 1462515290.4104 1462515296.7325 223
7.5683 169087 1462515289.1841 1462515296.7525 206
6.8914 60145 1462515289.9776 1462515296.8691 217
9.8358 225244 1462515287.0910 1462515296.9268 177
3.5385 202314 1462515293.6621 1462515297.2007 268
2.1129 20287 1462515295.1802 1462515297.2932 289
3.3130 17602 1462515294.0960 1462515297.4091 274
6.8013 5401 1462515290.6269 1462515297.4283 226
3.4662 7789 1462515294.2409 1462515297.7071 276
2.6523 185939 1462515295.2527 1462515297.9051 290
2.6596 6149 1462515295.3249 1462515297.9846 291
2.2335 120857 1462515295.8309 1462515298.0645 298
2.0906 22429 1462515296.3361 1462515298.4267 305
3.1220 22266 1462515295.3976 1462515298.5196 292
7.7335 6521 1462515290.8436 1462515298.5771 229
3.2401 6747 1462515295.6865 1462515298.9266 296
3.1376 10691 1462515296.0474 1462515299.1851 301
3.3073 8662 1462515296.1195 1462515299.4269 302
2.1656 106282 1462515297.2750 1462515299.4408 318
2.9292 4413 1462515296.5525 1462515299.4817 308
5.3282 151059 1462515294.1683 1462515299.4965 275
2.8763 10300 1462515296.6970 1462515299.5733 310
5.0506 4731 1462515294.6020 1462515299.6527 281
5.3533 26893 1462515294.3130 1462515299.6664 277
2.3339 92115 1462515297.3472 1462515299.6812 319
5.6970 202833 1462515294.0233 1462515299.7204 273
8.7492 4938 1462515291.0599 1462515299.8091 232
5.0230 36071 1462515294.8192 1462515299.8422 284
2.3183 167442 1462515297.5639 1462515299.8823 322
4.7926 75139 1462515295.1079 1462515299.9006 288
5.2067 62201 1462515294.8914 1462515300.0981 285
5.2437 45129 1462515295.0357 1462515300.2795 287
2.5213 4889 1462515297.8532 1462515300.3746 326
0.9068 149521 1462515299.5857 1462515300.4925 350
2.5761 19189 1462515297.9253 1462515300.5015 327
6.1713 4404 1462515294.3853 1462515300.5567 278
7.4250 141863 1462515293.1553 1462515300.5803 261
7.2909 14516 1462515293.3725 1462515300.6635 264
7.4424 5896 1462515293.2280 1462515300.6705 262
7.9560 9322 1462515292.7213 1462515300.6774 255
5.2523 44666 1462515295.4697 1462515300.7221 293
6.1043 28040 1462515294.6747 1462515300.7790 282
6.2534 7541 1462515294.5298 1462515300.7833 280
7.7836 107463 1462515293.0103 1462515300.7940 259
6.8602 242773 1462515293.9511 1462515300.8114 272
8.8940 6664 1462515291.9262 1462515300.8203 244
8.0205 96922 1462515292.8658 1462515300.8863 257
2.7404 4846 1462515298.2137 1462515300.9542 331
1.0161 6987 1462515300.0909 1462515301.1070 357
9.5234 18366 1462515291.6372 1462515301.1607 240
5.6412 8386 1462515295.5421 1462515301.1834 294
2.1974 5494 1462515299.0806 1462515301.2780 343
3.4275 22912 1462515297.9974 1462515301.4250 328
2.9447 152323 1462515298.5748 1462515301.5196 336
6.2208 38990 1462515295.6143 1462515301.8351 295
7.1000 341693 1462515294.7469 1462515301.8470 283
5.9701 5562 1462515295.9032 1462515301.8733 299
1.3513 5396 1462515300.5962 1462515301.9476 364
3.1538 18591 1462515298.9361 1462515302.0900 341
3.1577 32734 1462515299.0084 1462515302.1661 342
9.8832 25151 1462515292.5046 1462515302.3879 252
8.9618 189404 1462515293.5170 1462515302.4791 266
3.4885 241052 1462515299.2969 1462515302.7855 346
7.0762 10090 1462515295.7587 1462515302.8350 297
3.1808 24281 1462515299.6579 1462515302.8388 351
1.9304 4568 1462515300.9568 1462515302.8874 369
9.1032 43946 1462515293.8065 1462515302.9098 270
6.4448 9001 1462515296.4803 1462515302.9252 307
7.9654 230567 1462515294.9636 1462515302.9290 286
1.9616 60494 1462515301.0290 1462515302.9907 370
4.3458 662674 1462515298.7916 1462515303.1375 339
2.7022 82150 1462515300.4526 1462515303.1549 362
7.2886 112185 1462515295.9753 1462515303.2640 300
2.1257 16029 1462515301.4614 1462515303.5873 376
9.9302 9621 1462515293.7342 1462515303.6645 269
6.6383 9389 1462515297.2027 1462515303.8411 317
7.7081 8337 1462515296.1916 1462515303.8998 303
7.1623 5983 1462515296.9862 1462515304.1486 314
2.4482 8821 1462515301.7502 1462515304.1985 380
7.3705 131458 1462515296.8415 1462515304.2121 312
6.7829 26450 1462515297.4916 1462515304.2746 321
7.1459 39325 1462515297.1306 1462515304.2766 316
8.0721 7761 1462515296.2637 1462515304.3359 304
2.3868 14304 1462515301.9661 1462515304.3530 383
2.4632 8784 1462515301.8942 1462515304.3575 382
3.6307 29391 1462515300.8846 1462515304.5154 368
3.5463 190868 1462515301.1012 1462515304.6476 371
3.1307 7571 1462515301.5336 1462515304.6644 377
7.8777 113560 1462515296.9140 1462515304.7918 313
3.3080 93161 1462515301.6058 1462515304.9139 378
6.6135 16423 1462515298.3583 1462515304.9718 333
7.5784 13118 1462515297.4194 1462515304.9979 320
6.5860 28170 1462515298.4304 1462515305.0165 334
2.2962 67662 1462515302.9054 1462515305.2017 396
2.2569 128532 1462515303.0493 1462515305.3065 398
2.1345 5264 1462515303.1936 1462515305.3283 400
8.7068 252030 1462515296.6246 1462515305.3315 309
7.3256 4121 1462515298.0696 1462515305.3953 329
3.2584 178691 1462515302.1822 1462515305.4407 386
3.4209 106758 1462515302.1101 1462515305.5310 385
1.9539 134761 1462515303.6449 1462515305.5990 406
7.9205 12854 1462515297.7083 1462515305.6289 324
3.4638 5618 1462515302.2543 1462515305.7182 387
3.3452 5393 1462515302.3990 1462515305.7443 389
9.0978 13291 1462515296.7693 1462515305.8672 311
7.2926 172548 1462515298.6472 1462515305.9399 337
3.1013 4588 1462515302.9772 1462515306.0786 397
1.7146 362856 1462515304.3684 1462515306.0831 416
1.2728 106727 1462515304.9459 1462515306.2188 424
7.9118 28853 1462515298.5026 1462515306.4145 335
0.9366 6618 1462515305.5233 1462515306.4599 432
7.0476 11253 1462515299.5135 1462515306.5612 349
8.3632 232496 1462515298.2860 1462515306.6492 332
7.4308 5610 1462515299.2249 1462515306.6558 345
0.6381 8318 1462515306.0285 1462515306.6667 439
7.2696 16964 1462515299.4414 1462515306.7110 348
9.0598 11046 1462515297.7809 1462515306.8408 325
2.7390 17470 1462515304.1507 1462515306.8897 413
6.9932 14667 1462515299.9465 1462515306.9398 355
7.2187 4846 1462515299.7301 1462515306.9488 352
10.5478 13992 1462515296.4082 1462515306.9561 306
8.8821 4916 1462515298.1418 1462515307.0240 330
0.4351 126566 1462515306.6054 1462515307.0406 447
9.9938 7943 1462515297.0583 1462515307.0522 315
9.4197 14777 1462515297.6362 1462515307.0559 323
6.8273 5611 1462515300.2352 1462515307.0626 359
7.7341 102361 1462515299.3692 1462515307.1034 347
8.3027 8758 1462515298.8638 1462515307.1666 340
2.7830 346286 1462515304.4406 1462515307.2236 417
8.1480 35470 1462515299.1528 1462515307.3009 344
7.5182 4537 1462515299.8022 1462515307.3205 353
2.4987 127545 1462515305.0180 1462515307.5168 425
7.3028 142799 1462515300.3074 1462515307.6103 360
7.7678 31178 1462515299.8743 1462515307.6422 354
7.7299 17850 1462515300.1630 1462515307.8931 358
2.3875 40151 1462515305.5954 1462515307.9830 433
2.6354 164500 1462515305.3789 1462515308.0145 430
6.7767 120778 1462515301.3172 1462515308.0940 374
7.9916 8160 1462515300.3795 1462515308.3711 361
0.9359 61969 1462515307.4717 1462515308.4077 459
7.7864 8926 1462515300.7404 1462515308.5268 366
1.0501 29047 1462515307.5441 1462515308.5942 460
1.0096 57399 1462515307.6158 1462515308.6255 461
8.6292 111586 1462515300.0187 1462515308.6479 356
2.4219 140232 1462515306.3890 1462515308.8110 444
10.1270 791114 1462515298.7194 1462515308.8465 338
7.8703 102139 1462515301.1730 1462515309.0434 372
7.1202 5827 1462515302.0380 1462515309.1583 384
0.3650 4178 1462515308.8428 1462515309.2079 478
8.4319 8443 1462515300.8125 1462515309.2445 367
2.8046 143667 1462515306.4612 1462515309.2659 445
2.2642 21417 1462515307.0388 1462515309.3031 453
8.7800 10602 1462515300.5244 1462515309.3045 363
7.1114 4824 1462515302.3266 1462515309.4380 388
8.8272 5692 1462515300.6683 1462515309.4956 365
2.3862 7300 1462515307.1110 1462515309.4973 454
2.4218 4666 1462515307.1832 1462515309.6051 455
7.4397 14602 1462515302.6883 1462515310.1281 393
7.6751 6658 1462515302.5434 1462515310.2186 391
8.9740 25320 1462515301.2451 1462515310.2192 373
0.4928 7449 1462515309.9260 1462515310.4189 493
7.0626 10983 1462515303.4283 1462515310.4909 403
9.1575 9157 1462515301.3893 1462515310.5469 375
0.5193 74951 1462515310.1426 1462515310.6620 496
2.4885 19706 1462515308.4823 1462515310.9709 473
6.5864 8666 1462515304.5126 1462515311.0991 418
2.5482 4085 1462515308.6263 1462515311.1746 475
7.1613 13865 1462515304.0785 1462515311.2399 412
2.5676 21182 1462515308.7706 1462515311.3382 477
2.6807 27238 1462515308.6985 1462515311.3792 476
7.4520 106141 1462515303.9336 1462515311.3857 410
8.8887 119272 1462515302.6161 1462515311.5048 392
6.8142 14319 1462515304.8012 1462515311.6154 422
7.3324 147783 1462515304.2963 1462515311.6287 415
6.9106 121995 1462515304.7290 1462515311.6397 421
2.3577 165920 1462515309.3485 1462515311.7062 485
9.9390 14607 1462515301.8223 1462515311.7614 381
9.2912 109720 1462515302.4712 1462515311.7625 390
8.6612 139375 1462515303.1215 1462515311.7827 399
8.5167 12652 1462515303.2839 1462515311.8007 401
0.5578 117082 1462515311.2975 1462515311.8554 512
0.6115 45371 1462515311.4416 1462515312.0531 514
2.5281 311282 1462515309.5650 1462515312.0932 488
9.3626 167752 1462515302.7611 1462515312.1238 394
9.2929 9988 1462515302.8332 1462515312.1262 395
8.7225 137182 1462515303.5727 1462515312.2952 405
7.1826 150072 1462515305.1623 1462515312.3450 427
10.8002 171724 1462515301.6780 1462515312.4783 379
2.2846 49433 1462515310.2871 1462515312.5717 498
7.4057 8723 1462515305.2345 1462515312.6402 428
2.1523 15273 1462515310.5035 1462515312.6559 501
9.1004 15899 1462515303.7171 1462515312.8175 407
0.4101 4836 1462515312.4520 1462515312.8621 528
2.1707 36722 1462515310.7923 1462515312.9631 505
9.7195 9551 1462515303.5005 1462515313.2201 404
0.3854 93458 1462515313.0293 1462515313.4148 536
10.0910 21126 1462515303.3561 1462515313.4472 402
9.6058 39710 1462515304.0058 1462515313.6117 411
1.9802 216137 1462515311.6577 1462515313.6379 517
1.8120 223955 1462515311.8739 1462515313.6861 520
9.8476 197872 1462515303.8615 1462515313.7092 409
7.7536 26186 1462515305.9563 1462515313.7101 438
7.4806 69674 1462515306.2448 1462515313.7254 442
7.8148 15652 1462515306.1006 1462515313.9155 440
9.8096 5440 1462515304.2228 1462515314.0325 414
10.2976 13521 1462515303.7893 1462515314.0870 408
9.5168 59373 1462515304.5847 1462515314.1015 419
1.7657 65170 1462515312.3800 1462515314.1458 527
1.7397 10749 1462515312.5240 1462515314.2638 529
0.5462 51226 1462515313.7523 1462515314.2985 546
8.8511 5320 1462515305.4511 1462515314.3023 431
7.6055 24675 1462515306.8219 1462515314.4275 450
7.1912 106249 1462515307.2553 1462515314.4466 456
8.8556 4768 1462515305.6675 1462515314.5232 434
7.2008 14402 1462515307.3274 1462515314.5282 457
7.0183 49069 1462515307.6880 1462515314.7064 462
0.7670 11787 1462515313.9687 1462515314.7359 549
9.6889 356826 1462515305.0902 1462515314.7792 426
6.6241 71086 1462515308.3380 1462515314.9621 471
6.8769 20689 1462515308.1213 1462515314.9982 468
6.9602 112936 1462515308.0495 1462515315.0097 467
6.8550 133285 1462515308.2657 1462515315.1208 470
6.3773 13567 1462515308.9150 1462515315.2923 479
1.8752 5947 1462515313.4626 1462515315.3378 542
1.1404 29060 1462515314.3294 1462515315.4700 554
10.8368 175494 1462515304.6569 1462515315.4937 420
10.1881 202835 1462515305.3067 1462515315.4949 429
6.3882 6094 1462515309.1320 1462515315.5203 482
6.3081 84611 1462515309.2763 1462515315.5846 484
1.1863 4837 1462515314.4017 1462515315.5881 555
2.2633 361485 1462515313.6069 1462515315.8703 544
2.0561 9866 1462515313.8244 1462515315.8806 547
6.9027 136164 1462515308.9873 1462515315.8902 480
7.5463 11540 1462515308.4102 1462515315.9566 472
1.4369 14016 1462515314.6175 1462515316.0545 558
1.9700 10814 1462515314.1131 1462515316.0832 551
5.7854 4555 1462515310.4314 1462515316.2168 500
7.1886 17854 1462515309.0594 1462515316.2481 481
6.8618 26576 1462515309.4206 1462515316.2825 486
11.4899 182674 1462515304.8737 1462515316.3637 423
10.6265 5464 1462515305.7397 1462515316.3663 435
2.0425 4603 1462515314.4736 1462515316.5162 556
1.8628 56858 1462515314.6897 1462515316.5526 559
2.0232 10976 1462515314.8341 1462515316.8574 561
5.6553 37305 1462515311.3697 1462515317.0251 513
4.9116 9247 1462515312.2357 1462515317.1473 525
2.4449 113848 1462515314.7620 1462515317.2070 560
1.9024 104944 1462515315.3411 1462515317.2436 568
2.2005 152524 1462515315.1967 1462515317.3973 566
4.6509 248995 1462515312.8127 1462515317.4637 533
2.0463 7886 1462515315.5575 1462515317.6039 571
1.7025 15198 1462515316.0623 1462515317.7649 578
3.7569 6015 1462515314.0409 1462515317.7979 550
1.8231 204020 1462515315.9901 1462515317.8133 577
1.0465 131509 1462515316.9280 1462515317.9746 590
2.0989 12083 1462515315.9182 1462515318.0172 576
2.4777 163341 1462515315.6298 1462515318.1076 572
3.6191 17538 1462515314.5454 1462515318.1646 557
3.6444 117384 1462515315.0523 1462515318.6968 564
12.3870 44237 1462515306.3168 1462515318.7039 443
2.6252 230543 1462515316.2066 1462515318.8319 580
9.1531 14157 1462515309.7815 1462515318.9346 491
8.2877 5018 1462515310.6479 1462515318.9358 503
0.9348 142642 1462515318.0108 1462515318.9457 605
3.8278 16451 1462515315.2689 1462515319.0968 567
13.2809 83794 1462515305.8842 1462515319.1652 437
8.2356 5692 1462515310.9367 1462515319.1724 507
13.0889 4474 1462515306.1727 1462515319.2617 441
1.2076 349258 1462515318.0830 1462515319.2907 606
8.4449 26345 1462515310.8645 1462515319.3095 506
7.8564 8098 1462515311.5134 1462515319.3699 515
3.9287 166518 1462515315.4854 1462515319.4142 570
8.4079 27275 1462515311.1533 1462515319.5613 510
3.1394 8434 1462515316.4228 1462515319.5623 583
12.8517 95646 1462515306.7497 1462515319.6015 449
3.9341 150298 1462515315.7020 1462515319.6362 573
13.9430 22200 1462515305.8119 1462515319.7553 436
3.1175 107734 1462515316.6391 1462515319.7567 586
1.3861 4295 1462515318.3718 1462515319.7580 610
12.9381 11583 1462515306.9664 1462515319.9046 452
13.0574 121551 1462515306.8942 1462515319.9517 451
9.4249 247440 1462515310.5757 1462515320.0007 502
8.9460 21578 1462515311.2254 1462515320.1714 511
1.5896 112763 1462515318.6630 1462515320.2526 614
3.6058 74688 1462515316.7112 1462515320.3171 587
1.5140 4444 1462515318.8795 1462515320.3935 617
8.6167 143424 1462515311.8017 1462515320.4185 519
13.2219 4547 1462515307.3996 1462515320.6216 458
3.3883 114370 1462515317.2892 1462515320.6776 595
8.7430 4109 1462515311.9461 1462515320.6892 521
4.2220 4502 1462515316.4948 1462515320.7169 584
1.5555 153734 1462515319.1690 1462515320.7246 621
3.9773 137689 1462515316.7839 1462515320.7613 588
14.2639 192966 1462515306.5333 1462515320.7973 446
3.5727 71838 1462515317.3610 1462515320.9338 596
3.9558 23470 1462515317.0002 1462515320.9561 591
14.3125 35690 1462515306.6776 1462515320.9902 448
8.1903 8652 1462515312.9571 1462515321.1476 535
1.5460 306194 1462515319.6740 1462515321.2200 628
3.9674 17761 1462515317.5054 1462515321.4729 598
8.4175 4805 1462515313.1015 1462515321.5191 537
9.6804 208828 1462515312.0189 1462515321.6994 522
3.4041 74685 1462515318.4441 1462515321.8483 611
1.7678 33937 1462515320.1791 1462515321.9470 635
3.4321 102708 1462515318.5180 1462515321.9502 612
14.4215 161503 1462515307.7603 1462515322.1820 463
1.8460 6467 1462515320.3955 1462515322.2416 638
14.4522 5304 1462515307.8329 1462515322.2851 464
3.1954 236431 1462515319.0972 1462515322.2926 620
14.1156 22246 1462515308.1935 1462515322.3091 469
2.3451 13567 1462515320.3234 1462515322.6686 637
4.4815 7585 1462515318.2995 1462515322.7812 609
4.5826 29041 1462515318.2273 1462515322.8100 608
2.9930 487462 1462515319.8905 1462515322.8836 631
2.2800 11953 1462515320.8283 1462515323.1084 644
9.9574 37787 1462515313.1739 1462515323.1313 538
15.2760 11053 1462515307.9773 1462515323.2535 466
2.4363 70198 1462515320.9001 1462515323.3365 645
15.4503 9622 1462515307.9051 1462515323.3555 465
2.4274 11633 1462515321.0444 1462515323.4718 647
5.3326 108776 1462515318.1552 1462515323.4879 607
2.1075 8736 1462515321.4048 1462515323.5124 652
2.0761 4991 1462515321.6934 1462515323.7697 656
10.5527 116147 1462515313.2460 1462515323.7988 539
1.7992 7464 1462515322.0542 1462515323.8535 661
13.9245 41881 1462515309.9982 1462515323.9229 494
2.8075 463055 1462515321.1163 1462515323.9239 648
5.1336 4277 1462515318.8072 1462515323.9410 616
14.3218 7886 1462515309.6372 1462515323.9591 489
5.2654 9235 1462515318.7351 1462515324.0006 615
14.5291 30949 1462515309.4929 1462515324.0220 487
5.4375 6241 1462515318.5906 1462515324.0283 613
1.4221 13646 1462515322.7842 1462515324.2064 671
2.7479 16135 1462515321.4770 1462515324.2250 653
13.6073 154127 1462515310.7201 1462515324.3275 504
14.1285 33585 1462515310.2148 1462515324.3434 497
15.8880 45453 1462515308.5542 1462515324.4422 474
5.5049 51377 1462515318.9516 1462515324.4565 618
2.8606 17813 1462515321.6212 1462515324.4819 655
1.0580 18700 1462515323.4338 1462515324.4918 680
11.3651 4403 1462515313.3183 1462515324.6835 540
15.5332 4737 1462515309.2042 1462515324.7375 483
0.9308 38496 1462515323.8667 1462515324.7975 686
5.5687 4927 1462515319.2413 1462515324.8100 622
11.0327 47598 1462515313.8966 1462515324.9294 548
3.1865 18506 1462515321.7656 1462515324.9522 657
11.6279 6208 1462515313.3905 1462515325.0184 541
11.3706 4879 1462515313.6801 1462515325.0508 545
5.3459 10748 1462515319.7461 1462515325.0921 629
11.5770 40492 1462515313.5347 1462515325.1118 543
5.7464 8617 1462515319.3855 1462515325.1319 624
3.2050 19127 1462515322.1268 1462515325.3318 662
5.4276 30761 1462515319.9627 1462515325.3903 632
11.3207 6061 1462515314.1852 1462515325.5060 552
5.5863 61334 1462515320.0349 1462515325.6213 633
1.2742 5500 1462515324.4441 1462515325.7184 694
10.8227 11199 1462515315.1245 1462515325.9473 565
3.4898 15124 1462515322.4876 1462515325.9775 667
10.6840 179320 1462515315.4133 1462515326.0973 569
5.4712 156883 1462515320.6840 1462515326.1553 642
16.3300 8046 1462515309.8537 1462515326.1838 492
16.5751 8201 1462515309.7093 1462515326.2845 490
1.7113 5344 1462515324.5884 1462515326.2997 696
10.7064 86668 1462515315.7741 1462515326.4806 574
5.4684 14907 1462515321.3326 1462515326.8011 651
3.8432 127699 1462515323.0729 1462515326.9162 675
2.0596 114563 1462515325.0212 1462515327.0810 702
5.5961 143328 1462515321.5490 1462515327.1452 654
2.0897 8489 1462515325.0934 1462515327.1832 703
15.1297 16995 1462515312.0914 1462515327.2211 523
15.6434 6117 1462515311.5855 1462515327.2290 516
2.5861 583518 1462515324.6605 1462515327.2466 697
16.9141 23464 1462515310.3592 1462515327.2735 499
2.0588 8016 1462515325.3099 1462515327.3688 706
4.3259 118627 1462515323.1451 1462515327.4711 676
5.7948 12729 1462515321.8378 1462515327.6326 658
11.8830 16430 1462515315.8464 1462515327.7294 575
5.1730 36270 1462515322.5597 1462515327.7328 668
5.0631 219450 1462515322.7122 1462515327.7753 670
15.6390 9086 1462515312.3079 1462515327.9470 526
2.3750 215196 1462515325.6709 1462515328.0460 711
18.0651 115611 1462515310.0704 1462515328.1356 495
15.5774 4687 1462515312.5962 1462515328.1737 530
17.1403 100017 1462515311.0812 1462515328.2216 509
17.2751 281441 1462515311.0090 1462515328.2841 508
5.3902 162772 1462515322.9285 1462515328.3188 673
4.8643 9786 1462515323.5781 1462515328.4424 682
4.4327 141937 1462515324.0111 1462515328.4439 688
4.3629 12951 1462515324.0832 1462515328.4462 689
4.2845 8994 1462515324.2276 1462515328.5121 691
5.9347 280668 1462515322.6320 1462515328.5668 669
2.3367 96168 1462515326.3203 1462515328.6570 720
12.6036 21446 1462515316.1344 1462515328.7381 579
5.5462 20926 1462515323.2894 1462515328.8356 678
4.9815 25023 1462515324.2997 1462515329.2813 692
17.1691 163166 1462515312.1635 1462515329.3327 524
4.4574 5572 1462515324.8770 1462515329.3345 700
4.1065 12830 1462515325.3821 1462515329.4886 707
5.0188 13713 1462515324.5162 1462515329.5351 695
5.1720 62446 1462515324.3719 1462515329.5440 693
2.6076 15073 1462515326.9700 1462515329.5777 729
18.2105 235963 1462515311.7298 1462515329.9404 518
4.0880 16788 1462515325.9597 1462515330.0477 715
5.2482 135565 1462515324.8048 1462515330.0530 699
2.9741 5103 1462515327.1143 1462515330.0884 731
4.2740 14024 1462515325.8875 1462515330.1616 714
13.1176 38007 1462515317.0724 1462515330.1902 592
3.2239 222296 1462515327.0422 1462515330.2662 730
2.7292 103125 1462515327.5467 1462515330.2760 737
4.8274 21205 1462515325.4539 1462515330.2814 708
13.2218 5037 1462515317.1453 1462515330.3672 593
5.1460 236904 1462515325.2377 1462515330.3838 705
4.6639 9197 1462515325.7432 1462515330.4072 712
14.0663 78781 1462515316.3507 1462515330.4171 582
14.2112 150022 1462515316.2786 1462515330.4899 581
12.7692 19498 1462515317.7943 1462515330.5636 602
2.9803 7169 1462515327.6911 1462515330.6714 739
4.5704 5336 1462515326.1760 1462515330.7465 718
2.8803 14911 1462515328.1239 1462515331.0043 745
18.2833 3923 1462515312.7405 1462515331.0239 532
13.1289 49688 1462515317.9386 1462515331.0676 604
4.4625 173022 1462515326.6812 1462515331.1438 725
18.5183 5374 1462515312.6683 1462515331.1867 531
18.3435 12890 1462515312.8850 1462515331.2285 534
16.3399 6023 1462515314.9081 1462515331.2481 562
4.7309 177637 1462515326.8255 1462515331.5565 727
3.5825 456147 1462515328.0517 1462515331.6343 744
5.0752 91440 1462515326.6090 1462515331.6843 724
4.2914 4139 1462515327.4024 1462515331.6938 735
4.3676 6194 1462515327.3302 1462515331.6979 734
3.2445 121797 1462515328.5567 1462515331.8012 751
4.6442 19351 1462515327.1863 1462515331.8306 732
4.9409 4539 1462515326.8978 1462515331.8388 728
14.0356 5497 1462515317.8665 1462515331.9021 603
4.9074 8701 1462515327.4745 1462515332.3820 736
3.8114 190086 1462515328.7011 1462515332.5126 753
3.8814 4626 1462515328.8453 1462515332.7268 755
3.8463 17906 1462515328.9175 1462515332.7638 756
3.5989 20642 1462515329.2081 1462515332.8071 760
13.8400 20566 1462515319.0237 1462515332.8638 619
13.0472 5059 1462515319.8183 1462515332.8656 630
12.4010 10582 1462515320.4677 1462515332.8687 639
4.1293 19398 1462515328.7732 1462515332.9025 754
4.4836 214316 1462515328.4846 1462515332.9682 750
3.2384 10791 1462515329.7860 1462515333.0245 768
3.4536 9389 1462515329.6414 1462515333.0951 766
3.6058 63534 1462515329.4971 1462515333.1030 764
2.9859 40447 1462515330.1466 1462515333.1326 773
3.7650 88462 1462515329.5693 1462515333.3343 765
2.9664 5953 1462515330.4353 1462515333.4017 777
13.8746 126225 1462515319.5298 1462515333.4045 626
2.6847 22779 1462515330.7239 1462515333.4087 781
2.4752 105087 1462515331.0125 1462515333.4878 785
13.5711 14200 1462515320.1069 1462515333.6781 634
17.1294 9426 1462515316.5669 1462515333.6964 585
18.7335 111738 1462515314.9802 1462515333.7138 563
2.8673 6824 1462515330.9403 1462515333.8077 784
4.5271 5465 1462515329.3527 1462515333.8799 762
12.7652 4794 1462515321.2604 1462515334.0258 650
4.3597 123271 1462515329.8582 1462515334.2180 769
1.0520 17535 1462515333.1784 1462515334.2304 815
16.9348 7136 1462515317.4332 1462515334.3681 597
3.3215 17065 1462515331.0846 1462515334.4062 786
3.1104 19041 1462515331.3011 1462515334.4116 789
1.0494 14781 1462515333.3946 1462515334.4441 818
0.9214 21529 1462515333.5389 1462515334.4604 820
17.7485 6607 1462515316.8559 1462515334.6045 589
20.4356 310823 1462515314.2574 1462515334.6931 553
17.1164 46055 1462515317.5777 1462515334.6942 599
17.0105 33088 1462515317.7222 1462515334.7328 601
2.7439 60127 1462515332.1667 1462515334.9109 801
17.8779 6105 1462515317.2171 1462515335.0951 594
15.5189 25456 1462515319.6019 1462515335.1209 627
0.7591 15739 1462515334.5489 1462515335.3081 834
4.7371 3880 1462515330.6517 1462515335.3889 780
4.8530 15000 1462515330.5795 1462515335.4327 779
4.4963 122326 1462515331.1568 1462515335.6531 787
15.0946 233634 1462515320.6122 1462515335.7069 641
13.7985 5574 1462515321.9100 1462515335.7085 659
14.9899 6869 1462515320.7561 1462515335.7461 643
3.2440 29305 1462515332.6010 1462515335.8451 807
3.0971 11836 1462515332.8175 1462515335.9147 810
13.7618 6992 1462515322.1990 1462515335.9610 663
3.3639 8143 1462515332.7454 1462515336.1094 809
5.2434 8695 1462515330.8682 1462515336.1116 783
4.7822 41799 1462515331.3732 1462515336.1555 790
3.2001 23354 1462515332.9618 1462515336.1620 812
1.4875 210955 1462515334.6945 1462515336.1820 836
17.0080 6682 1462515319.3133 1462515336.3214 623
1.6557 196647 1462515334.8387 1462515336.4944 838
15.5791 4054 1462515320.9723 1462515336.5515 646
1.7031 5288 1462515334.9111 1462515336.6142 839
2.8740 16029 1462515333.7554 1462515336.6295 823
5.2298 165289 1462515331.7340 1462515336.9641 795
14.1193 117624 1462515322.8563 1462515336.9758 672
17.5777 95087 1462515319.4576 1462515337.0354 625
3.4461 6337 1462515333.6111 1462515337.0576 821
2.7868 34943 1462515334.3324 1462515337.1193 831
1.7832 118447 1462515335.3443 1462515337.1276 845
5.1109 6866 1462515332.0948 1462515337.2058 800
5.3570 130416 1462515331.8783 1462515337.2354 797
1.6643 13127 1462515335.6331 1462515337.2975 849
3.3577 139381 1462515333.9716 1462515337.3294 826
16.2809 7968 1462515321.1883 1462515337.4693 649
1.7087 14224 1462515336.0657 1462515337.7745 855
5.3227 19255 1462515332.5287 1462515337.8515 806
1.7433 60309 1462515336.2823 1462515338.0256 858
5.1475 5059 1462515332.8896 1462515338.0372 811
14.5632 19777 1462515323.5060 1462515338.0693 681
12.5712 21155 1462515325.5261 1462515338.0974 709
13.9454 144562 1462515324.1554 1462515338.1008 690
14.1639 30045 1462515323.9388 1462515338.1027 687
2.8675 66970 1462515335.2723 1462515338.1399 844
13.4135 51323 1462515324.7326 1462515338.1462 698
14.3571 126660 1462515323.7945 1462515338.1517 685
4.9254 14915 1462515333.2502 1462515338.1757 816
15.1794 27755 1462515323.0007 1462515338.1803 674
5.0833 19125 1462515333.1062 1462515338.1896 814
20.5666 371811 1462515317.6499 1462515338.2166 600
1.3778 51321 1462515337.0762 1462515338.4540 869
1.3477 17951 1462515337.1483 1462515338.4961 870
2.7195 115612 1462515335.7772 1462515338.4968 851
0.9494 40441 1462515337.6537 1462515338.6031 877
5.1505 4998 1462515333.6833 1462515338.8338 822
0.5276 204593 1462515338.5950 1462515339.1228 890
13.4140 17810 1462515325.8153 1462515339.2294 713
0.4813 6634 1462515338.8838 1462515339.3651 894
16.0692 443165 1462515323.3615 1462515339.4308 679
13.3006 58805 1462515326.2481 1462515339.5488 719
5.0786 7830 1462515334.4767 1462515339.5555 833
13.1833 5038 1462515326.4646 1462515339.6479 722
5.1923 41134 1462515334.6208 1462515339.8132 835
3.1123 5861 1462515336.7152 1462515339.8275 864
3.3167 162744 1462515336.5709 1462515339.8877 862
3.4761 21456 1462515336.7874 1462515340.2636 865
4.9845 27826 1462515335.4164 1462515340.4011 846
5.2872 167296 1462515335.1279 1462515340.4152 842
3.4847 11269 1462515336.9318 1462515340.4166 867
19.9967 140177 1462515320.5399 1462515340.5367 640
1.2382 12612 1462515339.3175 1462515340.5558 900
16.8394 96578 1462515323.7224 1462515340.5618 684
14.5703 6421 1462515326.1041 1462515340.6745 717
4.8414 90384 1462515335.9936 1462515340.8351 854
1.5868 4817 1462515339.3895 1462515340.9764 901
3.6061 16486 1462515337.4370 1462515341.0432 874
18.6766 8909 1462515322.4155 1462515341.0922 666
20.8555 550908 1462515320.2512 1462515341.1068 636
3.6081 8209 1462515337.5092 1462515341.1174 875
1.7041 8278 1462515339.4616 1462515341.1658 902
4.9750 19420 1462515336.2101 1462515341.1852 857
14.6506 181224 1462515326.7534 1462515341.4041 726
13.7955 4814 1462515327.6189 1462515341.4145 738
1.7050 5899 1462515339.7503 1462515341.4554 906
5.6403 237853 1462515335.8493 1462515341.4897 852
4.6859 22902 1462515336.8596 1462515341.5456 866
1.6927 17054 1462515339.9668 1462515341.6596 909
4.4795 24677 1462515337.2926 1462515341.7722 872
3.8471 43230 1462515337.9423 1462515341.7895 881
1.5627 117027 1462515340.3280 1462515341.8908 914
1.6274 6815 1462515340.4004 1462515342.0278 915
4.3151 57190 1462515337.7261 1462515342.0413 878
4.0208 5399 1462515338.1620 1462515342.1829 884
3.8375 9295 1462515338.3785 1462515342.2161 887
0.7687 10068 1462515341.4824 1462515342.2512 930
4.2931 127770 1462515338.0898 1462515342.3830 883
3.8886 210285 1462515338.5229 1462515342.4115 889
0.4253 238077 1462515342.2040 1462515342.6294 940
4.1230 34421 1462515338.8116 1462515342.9346 893
19.3819 6472 1462515323.6502 1462515343.0322 683
21.0703 110549 1462515321.9821 1462515343.0524 660
20.7264 25977 1462515322.3434 1462515343.0699 665
20.8045 305842 1462515322.2713 1462515343.0760 664
17.9821 9874 1462515325.1656 1462515343.1478 704
17.5512 8203 1462515325.5986 1462515343.1500 710
15.4590 23446 1462515327.8353 1462515343.2944 741
4.7582 12461 1462515338.6672 1462515343.4254 891
3.8163 11455 1462515339.6782 1462515343.4946 905
0.8832 22274 1462515343.0019 1462515343.8852 951
15.5150 5367 1462515328.4124 1462515343.9275 749
3.7934 18492 1462515340.1833 1462515343.9767 912
20.9167 128214 1462515323.2173 1462515344.1341 677
1.0748 16502 1462515343.0742 1462515344.1490 952
5.1287 12198 1462515339.0286 1462515344.1574 896
1.0777 9549 1462515343.2186 1462515344.2963 954
5.1635 21141 1462515339.1730 1462515344.3366 898
17.1462 371129 1462515327.2584 1462515344.4046 733
0.7834 6030 1462515343.6512 1462515344.4347 960
5.2262 13071 1462515339.2452 1462515344.4715 899
19.6823 4922 1462515324.9491 1462515344.6315 701
14.9264 5130 1462515329.7136 1462515344.6401 767
16.5323 16878 1462515328.1960 1462515344.7284 746
18.7291 15358 1462515326.0319 1462515344.7610 716
16.8615 5936 1462515327.9074 1462515344.7690 742
3.6722 36703 1462515341.1221 1462515344.7944 925
16.4984 47099 1462515328.3403 1462515344.8388 748
5.4372 9483 1462515339.6061 1462515345.0434 904
16.5136 211230 1462515328.6290 1462515345.1426 752
16.0867 9321 1462515329.0642 1462515345.1509 758
18.6787 92709 1462515326.5367 1462515345.2155 723
0.6357 234321 1462515344.7336 1462515345.3693 975
0.5916 82434 1462515344.9502 1462515345.5419 978
15.3815 10050 1462515330.2187 1462515345.6004 774
16.3249 6397 1462515329.2806 1462515345.6056 761
16.4797 201774 1462515329.1363 1462515345.6160 759
16.7808 110014 1462515328.9920 1462515345.7729 757
15.5353 135397 1462515330.2909 1462515345.8263 775
4.1667 9568 1462515341.6988 1462515345.8656 933
6.0037 117898 1462515339.8947 1462515345.8984 908
16.5768 114086 1462515329.4249 1462515346.0018 763
18.2681 66665 1462515327.7635 1462515346.0317 740
17.7853 32221 1462515328.2681 1462515346.0535 747
5.9454 12409 1462515340.1111 1462515346.0565 911
19.6837 89846 1462515326.3924 1462515346.0761 721
16.3575 14779 1462515329.9304 1462515346.2880 770
16.2865 229686 1462515330.0028 1462515346.2893 771
18.3564 124401 1462515327.9795 1462515346.3360 743
4.2866 7858 1462515342.0596 1462515346.3463 938
4.4654 33388 1462515341.9154 1462515346.3809 936
16.0594 3996 1462515330.3631 1462515346.4226 776
14.9422 150208 1462515331.5175 1462515346.4598 792
5.6623 100452 1462515340.9778 1462515346.6402 923
5.9008 7946 1462515340.8334 1462515346.7344 921
16.0352 89961 1462515330.7960 1462515346.8314 782
0.8956 187151 1462515346.0325 1462515346.9282 993
0.8671 7404 1462515346.1044 1462515346.9715 994
4.8067 159109 1462515342.2761 1462515347.0830 941
6.9132 6633 1462515340.2564 1462515347.1697 913
5.2258 136161 1462515341.9875 1462515347.2134 937
4.7392 4493 1462515342.4951 1462515347.2343 944
6.1243 4131 1462515341.1940 1462515347.3184 926
1.3747 200653 1462515346.3930 1462515347.7678 998
6.0900 333558 1462515341.8433 1462515347.9334 935
6.5962 8705 1462515341.4103 1462515348.0066 929
18.0496 6561 1462515330.0745 1462515348.1242 772
4.8606 35583 1462515343.2904 1462515348.1511 955
1.6101 135743 1462515346.7537 1462515348.3638 1003
17.0440 43435 1462515331.4453 1462515348.4894 791
2.0345 11538 1462515346.4651 1462515348.4997 999
5.0329 72752 1462515343.5069 1462515348.5398 958
16.3524 28178 1462515332.2393 1462515348.5920 802
1.5968 19947 1462515347.0442 1462515348.6411 1007
17.4655 20235 1462515331.2290 1462515348.6946 788
15.6613 21626 1462515333.0340 1462515348.6953 813
7.2165 188551 1462515341.5545 1462515348.7711 931
7.0336 13691 1462515341.7710 1462515348.8046 934
5.3469 15356 1462515343.5790 1462515348.9260 959
18.6511 248616 1462515330.5074 1462515349.1586 778
7.6119 147847 1462515341.6267 1462515349.2386 932
5.3790 151937 1462515344.0843 1462515349.4634 966
5.8039 278413 1462515343.7957 1462515349.5997 962
2.3466 91709 1462515347.2605 1462515349.6072 1010
5.1315 11007 1462515344.5172 1462515349.6488 972
17.6706 178508 1462515332.0226 1462515349.6933 799
17.7535 8537 1462515331.9505 1462515349.7040 798
17.4270 235013 1462515332.3120 1462515349.7391 803
7.4760 11159 1462515342.4221 1462515349.8983 943
17.5297 5592 1462515332.3843 1462515349.9141 804
15.8284 11788 1462515334.1160 1462515349.9445 828
2.5942 24665 1462515347.4049 1462515349.9992 1012
4.9781 30581 1462515345.1666 1462515350.1448 981
5.3491 9241 1462515344.8057 1462515350.1549 976
15.3968 8168 1462515334.7666 1462515350.1635 837
7.3336 7737 1462515342.8575 1462515350.1912 949
15.0564 124129 1462515335.2001 1462515350.2566 843
4.9762 23240 1462515345.3831 1462515350.3594 984
2.9232 5419 1462515347.6937 1462515350.6169 1016
3.1844 154249 1462515347.4772 1462515350.6616 1013
4.9190 5330 1462515345.7440 1462515350.6631 989
16.8430 22326 1462515333.8277 1462515350.6708 824
15.7056 9621 1462515335.0557 1462515350.7614 841
5.3093 100371 1462515345.4553 1462515350.7647 985
18.0929 179463 1462515332.6733 1462515350.7663 808
4.9533 5508 1462515345.8161 1462515350.7695 990
7.6365 7730 1462515343.1464 1462515350.7830 953
6.9662 35754 1462515343.8679 1462515350.8342 963
2.9266 8308 1462515347.9106 1462515350.8373 1019
8.2583 125331 1462515342.7127 1462515350.9711 947
19.3174 4921 1462515331.8062 1462515351.1237 796
3.7927 24426 1462515347.3327 1462515351.1255 1011
17.6700 129384 1462515333.4667 1462515351.1445 819
19.6254 250592 1462515331.5896 1462515351.2151 793
3.6195 101219 1462515347.6213 1462515351.2409 1015
19.9238 8827 1462515331.6618 1462515351.5858 794
18.2647 4022 1462515333.3224 1462515351.5872 817
17.4106 6715 1462515334.1882 1462515351.5989 829
3.5155 325775 1462515348.1271 1462515351.6428 1022
3.1238 15966 1462515348.8492 1462515351.9730 1032
16.4548 12573 1462515335.5608 1462515352.0157 848
7.7414 4313 1462515344.3008 1462515352.0423 969
18.1914 49023 1462515333.8995 1462515352.0909 825
7.5633 10715 1462515344.6615 1462515352.2248 974
2.3500 40892 1462515350.0039 1462515352.3540 1048
2.8024 88904 1462515349.5711 1462515352.3736 1042
18.4327 114599 1462515334.0438 1462515352.4767 827
20.0364 84749 1462515332.4566 1462515352.4931 805
16.7920 4003 1462515335.7050 1462515352.4971 850
2.0879 140254 1462515350.5101 1462515352.5981 1055
17.6280 7443 1462515334.9835 1462515352.6116 840
17.1352 11749 1462515335.4885 1462515352.6238 847
1.6640 44932 1462515351.1590 1462515352.8230 1064
18.6035 300074 1462515334.2603 1462515352.8639 830
4.1006 100361 1462515348.7770 1462515352.8777 1031
4.2725 17024 1462515348.6327 1462515352.9053 1029
4.6547 278744 1462515348.2715 1462515352.9263 1024
8.0571 139920 1462515344.8778 1462515352.9350 977
16.8676 11550 1462515336.1379 1462515353.0056 856
7.8514 13051 1462515345.2387 1462515353.0902 982
1.7598 9062 1462515351.3755 1462515353.1353 1067
7.8959 13427 1462515345.5996 1462515353.4956 987
4.5721 5593 1462515348.9935 1462515353.5657 1034
4.5032 14160 1462515349.0657 1462515353.5690 1035
4.2864 180602 1462515349.3544 1462515353.6409 1039
7.4016 26811 1462515346.2486 1462515353.6503 996
1.5688 89302 1462515352.2412 1462515353.8101 1079
8.9641 12839 1462515345.0224 1462515353.9865 979
4.4450 10282 1462515349.6432 1462515354.0883 1043
1.4881 4132 1462515352.7470 1462515354.2352 1086
18.3734 17507 1462515335.9214 1462515354.2949 853
19.9002 170412 1462515334.4046 1462515354.3049 832
1.6519 127419 1462515352.9638 1462515354.6157 1089
18.1276 19875 1462515336.6431 1462515354.7707 863
8.4266 6717 1462515346.5373 1462515354.9639 1000
1.7195 7129 1462515353.2527 1462515354.9722 1093
1.7945 14200 1462515353.1805 1462515354.9751 1092
4.5372 158003 1462515350.6542 1462515355.1915 1057
4.7701 174051 1462515350.7264 1462515355.4966 1058
8.6373 169581 1462515346.8999 1462515355.5373 1005
19.3526 11085 1462515336.3544 1462515355.7071 859
17.0058 12896 1462515338.7394 1462515355.7452 892
19.3208 4060 1462515336.4987 1462515355.8196 861
9.2711 15322 1462515346.6094 1462515355.8806 1001
18.1837 124425 1462515337.8700 1462515356.0538 880
18.7513 85445 1462515337.5814 1462515356.3328 876
2.4108 94236 1462515354.1196 1462515356.5304 1105
8.7781 10436 1462515347.7660 1462515356.5442 1017
4.1636 41633 1462515352.3856 1462515356.5493 1081
17.6023 361037 1462515338.9564 1462515356.5589 895
17.4644 128906 1462515339.1009 1462515356.5653 897
20.2193 7536 1462515336.4265 1462515356.6459 860
4.6255 57336 1462515352.0247 1462515356.6503 1076
18.8866 4660 1462515337.7981 1462515356.6848 879
16.6588 58907 1462515340.0390 1462515356.6979 910
16.8841 5264 1462515339.8225 1462515356.7067 907
2.5069 169584 1462515354.2640 1462515356.7709 1107
18.3668 171157 1462515338.4507 1462515356.8176 888
17.3533 73298 1462515339.5339 1462515356.8873 903
19.5615 6125 1462515337.3648 1462515356.9264 873
16.2726 6554 1462515340.6891 1462515356.9618 919
16.4229 37051 1462515340.5447 1462515356.9676 917
19.7639 144764 1462515337.2204 1462515356.9844 871
18.7096 24861 1462515338.3063 1462515357.0160 886
4.4404 81051 1462515352.6025 1462515357.0430 1084
2.5643 104390 1462515354.4805 1462515357.0449 1110
3.9882 7015 1462515353.1083 1462515357.0966 1091
3.5683 29985 1462515353.6864 1462515357.2547 1099
19.0681 237537 1462515338.2342 1462515357.3024 885
16.3517 21623 1462515341.0500 1462515357.4017 924
4.0887 241389 1462515353.6143 1462515357.7030 1098
3.9733 22877 1462515353.9028 1462515357.8762 1102
19.9115 356304 1462515338.0176 1462515357.9292 882
13.7959 40542 1462515344.2286 1462515358.0246 968
9.7850 16691 1462515348.3438 1462515358.1289 1025
3.1486 282003 1462515354.9860 1462515358.1347 1117
9.7556 34207 1462515348.4160 1462515358.1716 1026
3.1519 9272 1462515355.0581 1462515358.2101 1118
16.0967 5990 1462515342.1317 1462515358.2285 939
14.0793 5910 1462515344.1565 1462515358.2360 967
15.5968 16751 1462515342.6405 1462515358.2374 946
10.7050 10181 1462515347.5491 1462515358.2541 1014
15.4039 11170 1462515342.9297 1462515358.3336 950
9.1162 40629 1462515349.2822 1462515358.3985 1038
4.0176 30826 1462515354.4083 1462515358.4260 1109
13.8961 19973 1462515344.5894 1462515358.4855 973
3.3208 31940 1462515355.2766 1462515358.5975 1121
3.9736 119877 1462515354.8415 1462515358.8151 1115
3.4819 9224 1462515355.3487 1462515358.8306 1122
18.3627 114572 1462515340.4726 1462515358.8353 916
3.4672 21029 1462515355.4210 1462515358.8883 1123
3.6053 13474 1462515355.4932 1462515359.0986 1124
8.9694 133694 1462515350.2923 1462515359.2617 1052
10.7928 5494 1462515348.7049 1462515359.4978 1030
9.9995 41997 1462515349.4989 1462515359.4985 1041
3.7049 94278 1462515355.8539 1462515359.5589 1129
13.3944 17558 1462515346.1765 1462515359.5710 995
22.7601 181562 1462515337.0041 1462515359.7643 868
4.0780 194537 1462515355.7096 1462515359.7877 1127
3.9291 23393 1462515355.9262 1462515359.8554 1130
4.0839 5214 1462515355.7817 1462515359.8657 1128
10.0162 131499 1462515349.8596 1462515359.8759 1046
3.2198 49697 1462515356.7202 1462515359.9401 1141
3.2989 6442 1462515356.8644 1462515360.1634 1143
19.4049 136591 1462515340.9056 1462515360.3105 922
2.8820 13445 1462515357.4416 1462515360.3236 1151
4.3744 6176 1462515356.0705 1462515360.4450 1132
2.7963 262658 1462515357.6576 1462515360.4540 1154
19.8863 39861 1462515340.6169 1462515360.5033 918
2.1405 10462 1462515358.3809 1462515360.5215 1164
2.3755 187569 1462515358.1643 1462515360.5398 1161
4.2963 83510 1462515356.6481 1462515360.9445 1140
14.8654 8173 1462515346.3208 1462515361.1864 997
10.4457 18295 1462515350.7986 1462515361.2444 1059
11.5310 12867 1462515349.7153 1462515361.2464 1044
10.4713 30235 1462515350.9428 1462515361.4142 1061
17.5448 5926 1462515343.9401 1462515361.4849 964
15.8665 104287 1462515345.6718 1462515361.5383 988
0.5842 10123 1462515361.0524 1462515361.6367 1201
4.1270 4899 1462515357.5137 1462515361.6407 1152
10.4480 14617 1462515351.4476 1462515361.8957 1068
0.8458 12055 1462515361.2690 1462515362.1149 1204
0.7786 18285 1462515361.3412 1462515362.1198 1205
4.4452 42015 1462515357.7298 1462515362.1751 1155
11.3175 139465 1462515351.0146 1462515362.3322 1062
10.6035 10351 1462515351.8082 1462515362.4118 1073
4.6736 181512 1462515357.8024 1462515362.4760 1156
21.8527 112498 1462515340.7612 1462515362.6140 920
15.4986 112022 1462515347.1163 1462515362.6150 1008
16.7276 186875 1462515345.8882 1462515362.6159 991
16.6613 156868 1462515345.9604 1462515362.6217 992
21.2989 575831 1462515341.3383 1462515362.6373 928
20.1038 8505 1462515342.5683 1462515362.6721 945
15.8620 17663 1462515346.8277 1462515362.6897 1004
10.7430 26556 1462515351.9526 1462515362.6957 1075
14.5515 20167 1462515348.1993 1462515362.7509 1023
4.7706 249220 1462515358.2365 1462515363.0072 1162
21.7996 130486 1462515341.2661 1462515363.0658 927
4.8389 80190 1462515358.3087 1462515363.1477 1163
0.8921 8448 1462515362.6418 1462515363.5340 1223
11.3745 19056 1462515352.1691 1462515363.5436 1078
13.7952 44659 1462515349.7874 1462515363.5832 1045
5.7080 368076 1462515357.8751 1462515363.5835 1157
0.9208 90452 1462515362.7140 1462515363.6349 1224
0.7954 22295 1462515362.9306 1462515363.7262 1227
12.1904 112467 1462515351.6641 1462515363.8546 1071
11.4436 18453 1462515352.5301 1462515363.9737 1083
11.7541 5001 1462515352.3135 1462515364.0677 1080
21.3432 139144 1462515342.7851 1462515364.1284 948
0.3664 11588 1462515363.7977 1462515364.1642 1239
11.3464 22304 1462515352.8193 1462515364.1659 1087
4.7942 85950 1462515359.3925 1462515364.1868 1178
12.6153 147000 1462515351.5919 1462515364.2073 1070
5.5016 33726 1462515358.7411 1462515364.2428 1169
5.5831 22241 1462515358.6690 1462515364.2522 1168
15.3402 40724 1462515348.9214 1462515364.2617 1033
20.5419 5131 1462515343.7235 1462515364.2655 961
14.1351 25790 1462515350.1480 1462515364.2832 1050
16.4834 164481 1462515347.9828 1462515364.4662 1020
20.5522 220032 1462515344.0122 1462515364.5645 965
14.3746 35165 1462515350.4366 1462515364.8113 1054
14.5142 57234 1462515350.3644 1462515364.8787 1053
12.4222 28356 1462515352.4578 1462515364.8801 1082
11.6604 26906 1462515353.3249 1462515364.9854 1094
13.5356 17419 1462515351.5197 1462515365.0554 1069
20.0378 39654 1462515345.0945 1462515365.1324 980
5.6180 189056 1462515359.6812 1462515365.2994 1182
1.0282 271626 1462515364.3747 1462515365.4030 1247
21.0356 8074 1462515344.3729 1462515365.4086 970
22.0732 6121 1462515343.3625 1462515365.4358 956
23.0866 6035 1462515342.3499 1462515365.4366 942
12.7718 371950 1462515352.6746 1462515365.4466 1085
11.1272 26028 1462515354.3362 1462515365.4634 1108
19.0125 12542 1462515346.6815 1462515365.6941 1002
13.8718 131289 1462515351.8804 1462515365.7523 1074
17.9393 496936 1462515347.8382 1462515365.7776 1018
5.5904 8176 1462515360.3308 1462515365.9212 1191
1.4673 10865 1462515364.5190 1462515365.9864 1249
20.6414 23144 1462515345.5275 1462515366.1690 986
1.7340 192836 1462515364.5912 1462515366.3253 1250
12.4294 77649 1462515354.0472 1462515366.4767 1104
14.3860 12428 1462515352.0969 1462515366.4830 1077
11.8600 57302 1462515354.6252 1462515366.4853 1112
5.6753 14653 1462515360.8359 1462515366.5113 1198
1.8200 8081 1462515364.8086 1462515366.6287 1253
13.2443 72590 1462515353.3973 1462515366.6417 1095
21.3315 77612 1462515345.3109 1462515366.6425 983
23.2752 135708 1462515343.4346 1462515366.7099 957
22.2887 86661 1462515344.4451 1462515366.7338 971
12.9775 30247 1462515353.8307 1462515366.8082 1101
12.0804 40511 1462515354.7693 1462515366.8498 1114
13.9715 78728 1462515352.8915 1462515366.8631 1088
6.2990 106606 1462515360.9081 1462515367.2073 1199
5.6674 11844 1462515361.5578 1462515367.2252 1208
5.8137 239340 1462515361.4135 1462515367.2273 1206
12.8320 92123 1462515354.5530 1462515367.3851 1111
2.1122 11779 1462515365.3860 1462515367.4983 1261
2.3463 46891 1462515365.3137 1462515367.6601 1260
14.2819 129858 1462515353.5421 1462515367.8241 1097
6.0967 22886 1462515361.8462 1462515367.9430 1212
14.5421 32023 1462515353.4700 1462515368.0121 1096
13.5225 20501 1462515354.6974 1462515368.2200 1113
19.7600 16615 1462515348.4884 1462515368.2484 1027
6.1859 115136 1462515362.1352 1462515368.3212 1216
5.8826 15783 1462515362.4960 1462515368.3786 1221
2.6966 23073 1462515365.7470 1462515368.4437 1266
2.6582 23061 1462515365.8913 1462515368.5496 1268
12.6006 12419 1462515356.1427 1462515368.7434 1133
21.6080 154284 1462515347.1884 1462515368.7965 1009
19.6704 10930 1462515349.1380 1462515368.8085 1036
21.8595 44437 1462515346.9721 1462515368.8317 1006
20.2769 42729 1462515348.5606 1462515368.8376 1028
3.1831 187097 1462515365.8192 1462515369.0024 1267
2.7614 14181 1462515366.4687 1462515369.2301 1276
13.2811 24434 1462515355.9984 1462515369.2796 1131
13.7786 5205 1462515355.5654 1462515369.3440 1125
6.2546 22113 1462515363.1471 1462515369.4018 1230
13.0495 4470 1462515356.3593 1462515369.4088 1136
14.6938 16941 1462515355.1325 1462515369.8264 1119
3.2995 21232 1462515366.6131 1462515369.9126 1278
13.7957 15515 1462515356.2149 1462515370.0107 1134
13.2695 24078 1462515356.7923 1462515370.0619 1142
6.5728 24940 1462515363.5814 1462515370.1543 1236
7.2828 156879 1462515363.0027 1462515370.2855 1228
13.4426 169180 1462515356.9366 1462515370.3793 1144
6.5688 98262 1462515363.8699 1462515370.4388 1240
6.5092 12738 1462515364.0862 1462515370.5955 1243
21.1799 4223 1462515349.4267 1462515370.6067 1040
19.7480 4471 1462515350.8708 1462515370.6189 1060
3.7558 101400 1462515366.9016 1462515370.6576 1282
6.7257 151576 1462515363.9421 1462515370.6679 1241
19.3830 4312 1462515351.3033 1462515370.6864 1066
13.5682 44322 1462515357.1530 1462515370.7213 1147
3.8642 9032 1462515366.9739 1462515370.8382 1283
3.3194 82870 1462515367.6240 1462515370.9434 1292
12.5369 20561 1462515358.5967 1462515371.1337 1167
20.9344 173965 1462515350.2201 1462515371.1546 1051
12.8631 6137 1462515358.4528 1462515371.3159 1165
7.2749 141880 1462515364.1584 1462515371.4334 1244
20.8518 18974 1462515350.5822 1462515371.4341 1056
21.5752 8108 1462515349.9317 1462515371.5070 1047
7.2143 4408 1462515364.3026 1462515371.5170 1246
20.5549 19745 1462515351.0868 1462515371.6418 1063
20.4378 94579 1462515351.2312 1462515371.6691 1065
21.5943 6057 1462515350.0762 1462515371.6719 1049
23.6286 456492 1462515348.0550 1462515371.6837 1021
3.9138 165275 1462515367.7707 1462515371.6846 1294
19.9650 42983 1462515351.7360 1462515371.7011 1072
7.4984 30168 1462515364.4468 1462515371.9452 1248
4.1119 25657 1462515367.9869 1462515372.0989 1297
22.9191 70074 1462515349.2101 1462515372.1293 1037
4.0350 8234 1462515368.1314 1462515372.1665 1299
12.3728 13449 1462515359.8253 1462515372.1982 1184
12.3816 6255 1462515360.1865 1462515372.5681 1189
18.5565 131791 1462515354.1918 1462515372.7484 1106
3.9018 107454 1462515369.1424 1462515373.0443 1313
3.9866 156119 1462515369.0702 1462515373.0569 1312
13.9141 5897 1462515359.1760 1462515373.0902 1175
13.6228 222627 1462515359.5369 1462515373.1598 1180
12.4710 14913 1462515360.6914 1462515373.1625 1196
15.9422 9256 1462515357.2252 1462515373.1675 1148
11.5339 5707 1462515361.7019 1462515373.2358 1210
7.5914 29217 1462515365.6747 1462515373.2662 1265
12.0773 4495 1462515361.1969 1462515373.2743 1203
11.6496 13128 1462515361.6296 1462515373.2794 1209
12.6630 95415 1462515360.7636 1462515373.4268 1197
11.1996 13345 1462515362.3516 1462515373.5513 1219
3.9574 43750 1462515369.6478 1462515373.6053 1320
8.6713 138261 1462515365.0251 1462515373.6965 1256
10.9225 95388 1462515363.0748 1462515373.9974 1229
14.5842 114074 1462515359.4647 1462515374.0490 1179
4.4227 122644 1462515369.7201 1462515374.1429 1321
16.8931 30009 1462515357.2973 1462515374.1905 1149
12.4371 30208 1462515361.7740 1462515374.2112 1211
16.2802 7879 1462515358.0200 1462515374.3002 1159
16.4101 55185 1462515357.9478 1462515374.3580 1158
16.9140 6497 1462515357.5855 1462515374.4995 1153
20.5510 20520 1462515353.9751 1462515374.5261 1103
8.4250 38342 1462515366.1080 1462515374.5330 1271
19.6364 7580 1462515354.9137 1462515374.5502 1116
7.3016 25550 1462515367.2627 1462515374.5644 1287
7.8098 18411 1462515366.7573 1462515374.5672 1280
21.5958 77927 1462515353.0361 1462515374.6320 1090
11.8619 5721 1462515362.7861 1462515374.6481 1225
4.6761 5105 1462515370.0092 1462515374.6853 1325
4.5594 23410 1462515370.1534 1462515374.7129 1327
4.4314 5307 1462515370.2977 1462515374.7292 1329
16.6421 248341 1462515358.0922 1462515374.7343 1160
21.0298 282263 1462515353.7585 1462515374.7884 1100
10.8344 27298 1462515364.0141 1462515374.8486 1242
15.7501 5811 1462515359.1017 1462515374.8519 1174
8.4564 29691 1462515366.3965 1462515374.8529 1275
8.2061 87555 1462515366.8295 1462515375.0357 1281
4.7986 17383 1462515370.4427 1462515375.2413 1331
4.7201 26894 1462515370.5871 1462515375.3073 1333
14.1948 13389 1462515361.1247 1462515375.3195 1202
10.5993 4563 1462515365.0972 1462515375.6966 1257
12.5686 61314 1462515363.2197 1462515375.7884 1231
5.2956 14986 1462515370.6592 1462515375.9549 1334
8.1594 12521 1462515367.8425 1462515376.0020 1295
4.0510 15125 1462515372.0304 1462515376.0816 1353
17.3006 44029 1462515358.8134 1462515376.1140 1170
16.1488 11501 1462515359.9696 1462515376.1185 1186
16.6399 13147 1462515359.7531 1462515376.3931 1183
10.9823 11874 1462515365.4581 1462515376.4405 1262
3.8048 10714 1462515372.6805 1462515376.4854 1362
19.5550 10089 1462515357.0809 1462515376.6360 1146
10.4463 4549 1462515366.5409 1462515376.9873 1277
9.5090 206090 1462515367.6961 1462515377.2051 1293
20.6502 6578 1462515356.5759 1462515377.2262 1139
20.9472 12376 1462515356.2871 1462515377.2344 1135
22.0315 14740 1462515355.2043 1462515377.2359 1120
17.1994 29903 1462515360.0423 1462515377.2417 1187
16.8398 63534 1462515360.4029 1462515377.2427 1192
20.2375 19124 1462515357.0087 1462515377.2462 1145
17.1362 22289 1462515360.1144 1462515377.2506 1188
17.6502 4705 1462515359.6091 1462515377.2593 1181
3.8107 9456 1462515373.4735 1462515377.2843 1373
3.9835 28372 1462515373.4014 1462515377.3850 1372
18.1223 191815 1462515359.3204 1462515377.4428 1177
9.1964 10103 1462515368.3481 1462515377.5445 1302
21.9853 29341 1462515355.6375 1462515377.6229 1126
19.1017 129888 1462515358.5246 1462515377.6263 1166
21.2268 182383 1462515356.4315 1462515377.6583 1137
3.5716 14763 1462515374.2017 1462515377.7734 1383
9.4923 5103 1462515368.4209 1462515377.9133 1303
9.0839 4497 1462515368.8536 1462515377.9375 1309
11.8171 4362 1462515366.1801 1462515377.9973 1272
10.7203 7883 1462515367.3350 1462515378.0554 1288
3.5718 94647 1462515374.4904 1462515378.0623 1387
17.8444 5182 1462515360.2586 1462515378.1031 1190
10.2758 10729 1462515368.0591 1462515378.3350 1298
3.6776 15782 1462515374.7790 1462515378.4567 1391
4.0993 4077 1462515374.4183 1462515378.5177 1386
11.6839 17524 1462515367.1187 1462515378.8027 1285
10.1854 22014 1462515368.6367 1462515378.8222 1306
10.2144 13154 1462515368.9979 1462515379.2124 1311
3.2873 4752 1462515375.9347 1462515379.2220 1407
3.3833 12877 1462515375.8625 1462515379.2459 1406
8.7597 172202 1462515370.5148 1462515379.2746 1332
9.2040 23298 1462515370.0813 1462515379.2853 1326
10.0775 4515 1462515369.2146 1462515379.2923 1314
10.0866 9729 1462515369.2870 1462515379.3736 1315
10.8971 4638 1462515368.4924 1462515379.3896 1304
3.2821 5034 1462515376.1510 1462515379.4332 1410
3.3612 4906 1462515376.0791 1462515379.4404 1409
10.0555 15078 1462515369.4313 1462515379.4869 1317
9.2678 8105 1462515370.2256 1462515379.4935 1328
20.7047 100730 1462515358.9576 1462515379.6625 1172
20.7857 118190 1462515358.8855 1462515379.6714 1171
22.3044 7212 1462515357.3694 1462515379.6739 1150
19.7816 11393 1462515359.8975 1462515379.6792 1185
20.4334 4410 1462515359.2482 1462515379.6817 1176
20.8581 25811 1462515359.0299 1462515379.8881 1173
23.4321 4756 1462515356.5037 1462515379.9358 1138
10.5884 120189 1462515369.3591 1462515379.9476 1316
3.3606 13963 1462515376.6561 1462515380.0168 1417
19.2593 162160 1462515360.9803 1462515380.2397 1200
18.7828 5117 1462515361.4856 1462515380.2685 1207
19.6578 63064 1462515360.6193 1462515380.2772 1195
19.8202 19436 1462515360.4751 1462515380.2954 1193
16.9776 13571 1462515363.3646 1462515380.3423 1233
11.8721 16050 1462515368.7089 1462515380.5811 1307
3.4200 162067 1462515377.2336 1462515380.6537 1425
20.2878 16681 1462515360.5472 1462515380.8351 1194
17.6639 7599 1462515363.2923 1462515380.9563 1232
11.1688 5916 1462515369.8646 1462515381.0335 1323
9.2436 5875 1462515371.8139 1462515381.0576 1350
9.2175 98257 1462515371.8861 1462515381.1036 1351
15.0910 388439 1462515366.0357 1462515381.1268 1270
18.8512 202980 1462515362.2795 1462515381.1309 1218
19.1888 5043 1462515362.2074 1462515381.3963 1217
10.0428 4034 1462515371.3813 1462515381.4242 1344
19.4948 8147 1462515362.0630 1462515381.5579 1215
10.0511 172250 1462515371.5976 1462515381.6487 1347
10.3431 162003 1462515371.3092 1462515381.6525 1343
18.4098 67438 1462515363.5091 1462515381.9190 1235
19.5065 7930 1462515362.4238 1462515381.9304 1220
10.7664 31466 1462515371.1648 1462515381.9314 1341
9.7585 4951 1462515372.1747 1462515381.9332 1355
3.3662 4924 1462515378.7495 1462515382.1158 1446
20.3299 4918 1462515361.9185 1462515382.2485 1213
19.6970 19320 1462515362.5697 1462515382.2667 1222
3.6851 12466 1462515378.6772 1462515382.3623 1445
16.8259 13558 1462515365.6026 1462515382.4286 1264
17.5999 6561 1462515364.8807 1462515382.4806 1254
18.8428 8687 1462515363.7256 1462515382.5685 1238
11.5336 25870 1462515371.0926 1462515382.6263 1340
3.7325 13744 1462515378.8945 1462515382.6272 1448
17.6956 4167 1462515364.9529 1462515382.6486 1255
10.4187 14771 1462515372.3191 1462515382.7380 1357
9.2429 4511 1462515373.5457 1462515382.7886 1374
3.8728 169703 1462515378.9667 1462515382.8396 1449
9.1258 131849 1462515373.7622 1462515382.8881 1377
10.7076 16642 1462515372.2469 1462515382.9546 1356
8.9653 65478 1462515374.0575 1462515383.0228 1381
8.9057 7835 1462515374.1295 1462515383.0353 1382
3.9375 331634 1462515379.1117 1462515383.0493 1451
3.7975 134082 1462515379.2594 1462515383.0570 1453
3.8575 7524 1462515379.3315 1462515383.1891 1454
21.2527 4086 1462515361.9907 1462515383.2434 1214
11.3004 5021 1462515372.1026 1462515383.4030 1354
3.8419 12561 1462515379.6919 1462515383.5339 1459
17.5192 4659 1462515366.2523 1462515383.7716 1273
9.0690 4998 1462515374.7067 1462515383.7758 1390
18.6535 11350 1462515365.2415 1462515383.8950 1259
3.7114 23676 1462515380.1972 1462515383.9086 1466
12.0534 137522 1462515371.9582 1462515384.0117 1352
9.0923 10540 1462515374.9237 1462515384.0160 1393
8.6492 8216 1462515375.4289 1462515384.0782 1400
19.0509 241732 1462515365.1694 1462515384.2203 1258
8.5488 8961 1462515375.7181 1462515384.2670 1404
9.2740 211521 1462515374.9959 1462515384.2700 1394
3.5268 5957 1462515380.8461 1462515384.3730 1475
20.9966 187352 1462515363.4369 1462515384.4336 1234
18.9041 14134 1462515365.5304 1462515384.4346 1263
18.5084 179758 1462515365.9636 1462515384.4720 1269
11.5103 4523 1462515373.2573 1462515384.7676 1370
11.1546 71659 1462515373.6178 1462515384.7725 1375
3.4279 5520 1462515381.3506 1462515384.7785 1482
12.4082 15589 1462515372.3916 1462515384.7999 1358
3.8811 306778 1462515380.9904 1462515384.8717 1477
8.7403 4568 1462515376.2232 1462515384.9635 1411
7.8963 7323 1462515377.0891 1462515384.9854 1423
22.1853 11702 1462515362.8582 1462515385.0436 1226
8.0718 7880 1462515377.0168 1462515385.0887 1422
12.2009 5816 1462515372.8967 1462515385.0977 1365
3.3921 16519 1462515381.7116 1462515385.1037 1487
8.8700 134736 1462515376.3675 1462515385.2376 1413
7.3943 4474 1462515377.8826 1462515385.2770 1434
21.7276 225917 1462515363.6533 1462515385.3809 1237
17.1125 92328 1462515368.2759 1462515385.3885 1301
20.7304 50493 1462515364.6636 1462515385.3941 1251
21.1777 42177 1462515364.2305 1462515385.4082 1245
18.7475 36598 1462515366.6852 1462515385.4328 1279
15.9498 13072 1462515369.5755 1462515385.5254 1319
17.3308 10503 1462515368.2036 1462515385.5345 1300
16.9759 19516 1462515368.5646 1462515385.5405 1305
20.8553 6046 1462515364.7359 1462515385.5913 1252
6.5968 9060 1462515379.0394 1462515385.6363 1450
7.1380 10645 1462515378.6048 1462515385.7429 1444
12.7499 19710 1462515373.1133 1462515385.8632 1368
11.4351 7126 1462515374.5624 1462515385.9975 1388
11.7363 96094 1462515374.3461 1462515386.0825 1385
2.9311 9043 1462515383.1553 1462515386.0865 1507
17.6738 13801 1462515368.7812 1462515386.4551 1308
6.2733 10567 1462515380.4135 1462515386.6869 1469
3.5973 276026 1462515383.2997 1462515386.8970 1509
3.3127 5386 1462515383.7337 1462515387.0465 1515
6.2474 4862 1462515381.0626 1462515387.3100 1478
3.5107 287558 1462515383.8059 1462515387.3167 1516
3.2654 14794 1462515384.2386 1462515387.5041 1522
5.4747 18806 1462515382.0723 1462515387.5471 1492
4.9793 14157 1462515382.6503 1462515387.6296 1500
12.4955 90313 1462515375.1402 1462515387.6358 1396
3.2750 8878 1462515384.3829 1462515387.6580 1524
13.1820 14983 1462515374.6345 1462515387.8166 1389
14.8003 466516 1462515373.0412 1462515387.8416 1367
3.6612 12247 1462515384.4551 1462515388.1164 1525
3.1295 21642 1462515385.0328 1462515388.1623 1533
21.8569 280547 1462515366.3242 1462515388.1812 1274
20.8200 4957 1462515367.4071 1462515388.2272 1289
12.6574 182132 1462515375.5737 1462515388.2311 1402
5.0673 260909 1462515383.2275 1462515388.2949 1508
13.1063 31777 1462515375.2124 1462515388.3189 1397
5.3168 10509 1462515383.0110 1462515388.3279 1505
3.2968 19089 1462515385.1050 1462515388.4019 1534
21.2535 122826 1462515367.1906 1462515388.4441 1286
4.4435 65013 1462515384.0224 1462515388.4660 1519
20.9372 94223 1462515367.5513 1462515388.4886 1291
4.3437 7726 1462515384.1664 1462515388.5102 1521
20.6049 22810 1462515367.9147 1462515388.5196 1296
3.2720 251108 1462515385.2493 1462515388.5213 1536
2.3057 105068 1462515386.2593 1462515388.5652 1550
13.2158 58649 1462515375.5011 1462515388.7170 1401
12.4674 25695 1462515376.4396 1462515388.9071 1414
21.5690 4798 1462515367.4792 1462515389.0482 1290
20.2414 68173 1462515368.9257 1462515389.1672 1310
22.2883 25149 1462515367.0461 1462515389.3345 1284
18.5832 66002 1462515370.8035 1462515389.3869 1336
4.0167 4389 1462515385.6099 1462515389.6267 1541
2.3243 15639 1462515387.7794 1462515390.1038 1571
13.5980 7866 1462515376.5119 1462515390.1100 1415
19.3130 153551 1462515370.8757 1462515390.1888 1337
16.8757 12388 1462515373.3295 1462515390.2053 1371
14.6422 135149 1462515375.6459 1462515390.2882 1403
18.8024 67561 1462515371.5255 1462515390.3280 1346
17.5852 166067 1462515372.7523 1462515390.3376 1363
17.5698 30617 1462515372.8245 1462515390.3944 1364
18.9545 150069 1462515371.4534 1462515390.4080 1345
4.5134 172635 1462515385.8986 1462515390.4121 1545
20.6938 139638 1462515369.7923 1462515390.4861 1322
13.6013 7600 1462515377.1613 1462515390.7626 1424
13.3541 5317 1462515377.7386 1462515391.0928 1432
4.9174 25205 1462515386.1872 1462515391.1047 1549
2.7548 35063 1462515388.3572 1462515391.1120 1579
3.1540 358569 1462515387.9959 1462515391.1500 1574
20.3620 83303 1462515370.9479 1462515391.3099 1338
2.8120 27747 1462515388.5015 1462515391.3136 1581
3.2316 306314 1462515388.1404 1462515391.3722 1576
19.7548 12948 1462515371.6699 1462515391.4247 1348
2.9290 8908 1462515388.5740 1462515391.5030 1582
21.1708 237491 1462515370.3708 1462515391.5416 1330
20.3054 126136 1462515371.2370 1462515391.5425 1342
17.8584 4779 1462515373.6900 1462515391.5484 1376
14.1081 319650 1462515377.4503 1462515391.5585 1428
5.4889 15573 1462515386.1150 1462515391.6040 1548
14.1327 9121 1462515377.5224 1462515391.6552 1429
15.0773 9055 1462515376.5840 1462515391.6614 1416
2.7784 15904 1462515389.0070 1462515391.7855 1588
15.1544 17694 1462515376.7283 1462515391.8828 1418
2.8437 19102 1462515389.2959 1462515392.1396 1592
20.4287 4811 1462515371.7417 1462515392.1705 1349
15.4247 22942 1462515376.8002 1462515392.2249 1419
2.6463 131455 1462515389.7293 1462515392.3757 1598
22.9989 100795 1462515369.5034 1462515392.5024 1318
22.5797 84169 1462515369.9369 1462515392.5166 1324
5.9346 205278 1462515386.6208 1462515392.5555 1555
14.2449 19459 1462515378.3882 1462515392.6332 1441
5.5117 135122 1462515387.1300 1462515392.6417 1562
2.1896 11930 1462515390.5954 1462515392.7851 1610
6.0719 19759 1462515386.9133 1462515392.9854 1559
6.0175 13283 1462515386.9855 1462515393.0032 1560
5.8419 96209 1462515387.2745 1462515393.1165 1564
1.7284 54391 1462515391.5353 1462515393.2638 1623
15.4196 55798 1462515377.9547 1462515393.3744 1435
3.2553 6727 1462515390.1626 1462515393.4180 1604
23.0053 93133 1462515370.7314 1462515393.7368 1335
6.0415 15557 1462515387.7073 1462515393.7489 1570
19.8770 18646 1462515373.9065 1462515393.7836 1379
20.9932 262604 1462515372.9690 1462515393.9622 1366
1.8223 6949 1462515392.1851 1462515394.0075 1632
5.6236 26442 1462515388.4293 1462515394.0530 1580
19.0614 11732 1462515375.2846 1462515394.3461 1398
20.1254 4391 1462515374.2739 1462515394.3993 1384
1.8554 28673 1462515392.5463 1462515394.4017 1637
23.5003 25464 1462515371.0201 1462515394.5205 1339
16.7781 99748 1462515377.8104 1462515394.5886 1433
14.1157 122180 1462515380.4856 1462515394.6014 1470
13.3749 4741 1462515381.2787 1462515394.6537 1481
19.6441 5151 1462515375.0681 1462515394.7123 1395
21.5662 34458 1462515373.1851 1462515394.7514 1369
14.7169 17339 1462515380.0529 1462515394.7698 1464
2.0779 7991 1462515392.7630 1462515394.8410 1640
6.2022 35231 1462515388.6462 1462515394.8485 1583
19.6297 172821 1462515375.3567 1462515394.9864 1399
22.6421 50731 1462515372.4638 1462515395.1060 1359
20.2577 25771 1462515374.8513 1462515395.1091 1392
14.9967 5947 1462515380.2694 1462515395.2661 1467
2.4423 4682 1462515392.9794 1462515395.4218 1643
6.4165 12477 1462515389.0792 1462515395.4958 1589
18.7145 53919 1462515376.8724 1462515395.5870 1420
2.4017 5019 1462515393.1959 1462515395.5976 1646
6.5128 54468 1462515389.1513 1462515395.6642 1590
13.9179 6156 1462515381.7837 1462515395.7017 1488
2.2912 13965 1462515393.4845 1462515395.7758 1650
17.3283 354862 1462515378.5326 1462515395.8609 1443
14.4389 8999 1462515381.4230 1462515395.8620 1483
17.6524 42044 1462515378.3159 1462515395.9685 1440
19.9628 4864 1462515376.0069 1462515395.9698 1408
17.9489 397900 1462515378.0269 1462515395.9759 1436
19.6866 7410 1462515376.2952 1462515395.9822 1412
14.8482 17498 1462515381.1344 1462515395.9827 1479
20.2817 7854 1462515375.7903 1462515396.0721 1405
2.0966 59363 1462515393.9903 1462515396.0869 1657
18.7594 9706 1462515377.5946 1462515396.3541 1430
19.1732 26513 1462515377.3060 1462515396.4793 1426
19.1262 4868 1462515377.3782 1462515396.5045 1427
6.5201 5633 1462515390.0182 1462515396.5385 1602
6.2008 17445 1462515390.3791 1462515396.5799 1607
5.9321 101090 1462515390.6696 1462515396.6018 1611
6.8560 16958 1462515389.8016 1462515396.6577 1599
7.4435 255902 1462515389.2235 1462515396.6671 1591
15.4836 144551 1462515381.5672 1462515397.0509 1485
3.0087 20466 1462515394.0624 1462515397.0713 1658
2.9637 104232 1462515394.1346 1462515397.0984 1659
17.9366 39279 1462515379.1872 1462515397.1239 1452
6.5025 7746 1462515390.9581 1462515397.4607 1615
20.6831 185370 1462515376.9446 1462515397.6287 1421
6.8931 7779 1462515390.7418 1462515397.6349 1612
17.7385 16571 1462515379.9085 1462515397.6791 1462
19.5495 128414 1462515378.0990 1462515397.6793 1437
18.2553 111166 1462515379.4037 1462515397.6795 1455
6.3496 118554 1462515391.3189 1462515397.6797 1620
15.2079 15828 1462515382.5060 1462515397.7140 1498
6.1215 52839 1462515391.6075 1462515397.7290 1624
18.0001 31451 1462515379.9807 1462515397.9820 1463
24.1738 47828 1462515373.8344 1462515398.0082 1378
6.1767 93073 1462515391.9679 1462515398.1453 1629
5.8480 18471 1462515392.3294 1462515398.1774 1634
6.1221 5058 1462515392.2572 1462515398.3794 1633
18.5484 6427 1462515379.8363 1462515398.3847 1461
6.7198 9020 1462515391.6796 1462515398.3995 1625
6.3637 37516 1462515392.0405 1462515398.4042 1630
4.5618 6444 1462515393.8459 1462515398.4077 1655
4.2532 280327 1462515394.2069 1462515398.4601 1660
24.8230 23393 1462515373.9788 1462515398.8019 1380
21.3926 6114 1462515377.6664 1462515399.0590 1431
26.5381 152428 1462515372.5361 1462515399.0742 1360
19.1849 139643 1462515380.3416 1462515399.5265 1468
19.8676 16866 1462515379.7641 1462515399.6318 1460
27.1036 178469 1462515372.6083 1462515399.7119 1361
20.9505 5145 1462515378.8223 1462515399.7729 1447
17.6499 16834 1462515382.2165 1462515399.8664 1494
16.8029 24700 1462515383.0832 1462515399.8862 1506
20.3544 184788 1462515379.5478 1462515399.9023 1457
18.0204 111292 1462515382.0004 1462515400.0209 1491
21.8667 4809 1462515378.1712 1462515400.0380 1438
19.6245 7383 1462515380.6299 1462515400.2545 1472
22.1433 165315 1462515378.2435 1462515400.3869 1439
20.7785 363710 1462515379.6198 1462515400.3984 1458
19.8489 242274 1462515380.5577 1462515400.4067 1471
19.2588 151032 1462515381.2065 1462515400.4654 1480
18.1116 7269 1462515382.3616 1462515400.4734 1496
22.0616 6682 1462515378.4604 1462515400.5221 1442
18.9047 130757 1462515381.6394 1462515400.5443 1486
20.4312 33673 1462515380.1250 1462515400.5563 1465
18.7189 37068 1462515381.8560 1462515400.5750 1489
19.8231 146239 1462515380.7743 1462515400.5975 1474
18.0878 5602 1462515382.7224 1462515400.8103 1501
16.2133 52104 1462515384.5998 1462515400.8132 1527
15.8628 11729 1462515384.9606 1462515400.8235 1532
17.3078 5758 1462515383.5169 1462515400.8248 1512
18.9025 4339 1462515381.9281 1462515400.8307 1490
17.1719 118891 1462515383.6614 1462515400.8333 1514
16.6950 4663 1462515384.3107 1462515401.0057 1523
19.0836 26995 1462515382.1443 1462515401.2280 1493
20.5305 13593 1462515380.7021 1462515401.2327 1473
13.4086 15105 1462515387.8515 1462515401.2603 1572
16.1234 12913 1462515385.1771 1462515401.3007 1535
19.1559 159075 1462515382.2887 1462515401.4447 1495
15.9343 16161 1462515386.0428 1462515401.9772 1547
16.6690 12432 1462515385.3214 1462515401.9905 1537
15.2272 28068 1462515386.7652 1462515401.9925 1557
13.2837 153114 1462515388.7183 1462515402.0021 1584
17.9085 37631 1462515384.0946 1462515402.0032 1520
14.0820 110005 1462515388.0684 1462515402.1504 1575
14.6671 10329 1462515387.4906 1462515402.1579 1567
19.8462 19525 1462515382.4338 1462515402.2801 1497
19.7051 27265 1462515382.5781 1462515402.2833 1499
15.4949 7489 1462515386.8412 1462515402.3362 1558
18.4107 10074 1462515383.9502 1462515402.3609 1518
22.9334 10480 1462515379.4760 1462515402.4094 1456
17.7472 362576 1462515384.7442 1462515402.4915 1529
19.6434 12798 1462515382.8667 1462515402.5101 1503
13.6922 4521 1462515388.8626 1462515402.5549 1586
18.1965 124726 1462515384.5274 1462515402.7239 1526
17.1515 4991 1462515385.6821 1462515402.8337 1542
17.9929 239290 1462515384.8885 1462515402.8814 1531
13.4624 7921 1462515389.4402 1462515402.9027 1594
12.7731 5369 1462515390.2348 1462515403.0079 1605
13.6562 216090 1462515389.5124 1462515403.1687 1595
11.8909 4663 1462515391.3911 1462515403.2820 1621
12.9922 7192 1462515390.3069 1462515403.2992 1606
17.4898 110114 1462515385.8264 1462515403.3163 1544
21.8239 15596 1462515381.4951 1462515403.3190 1484
11.6009 26860 1462515391.7515 1462515403.3525 1626
12.9200 21555 1462515390.4511 1462515403.3712 1608
12.5007 4151 1462515390.8858 1462515403.3866 1614
20.4777 9202 1462515382.9388 1462515403.4166 1504
10.8061 16643 1462515392.6186 1462515403.4248 1638
12.3374 18482 1462515391.1746 1462515403.5120 1618
20.7933 13632 1462515382.7945 1462515403.5879 1502
10.6880 4936 1462515392.9072 1462515403.5952 1642
10.2868 12518 1462515393.3403 1462515403.6271 1648
9.3468 28330 1462515394.2809 1462515403.6277 1661
13.1214 467399 1462515390.5232 1462515403.6447 1609
20.5779 7962 1462515383.5892 1462515404.1683 1513
17.0143 4555 1462515387.3466 1462515404.3610 1565
17.4021 4476 1462515387.0577 1462515404.4598 1561
21.2424 108523 1462515383.4441 1462515404.6866 1511
17.3776 78708 1462515387.4184 1462515404.7961 1566
17.2282 6121 1462515387.6351 1462515404.8634 1569
18.9012 416709 1462515386.4038 1462515405.3051 1552
21.4482 6001 1462515383.8781 1462515405.3264 1517
17.1699 29145 1462515388.2126 1462515405.3825 1577
19.9019 14060 1462515385.5377 1462515405.4397 1540
22.0760 316129 1462515383.3719 1462515405.4480 1510
20.8847 24875 1462515384.6720 1462515405.5567 1528
14.7478 13721 1462515390.8139 1462515405.5618 1613
16.7772 9658 1462515388.9348 1462515405.7121 1587
15.8416 5485 1462515389.8738 1462515405.7154 1600
18.5494 33678 1462515387.2023 1462515405.7518 1563
