0.49542903900146
0.57469606399536
0.55464100837708
0.35417795181274
0.35554599761963
0.70458793640137
0.63184595108032
0.3575611114502
0.4312310218811
0.40254998207092
0.39436316490173
0.3967559337616
0.5482759475708
0.55136585235596
0.40169906616211
0.57228302955627
0.94765782356262
0.82108211517334
0.99954390525818
0.4746470451355
0.35482716560364
0.66994309425354
1.0369749069214
1.283271074295
1.1673681735992
0.88215088844299
1.1398890018463
0.37901997566223
0.38738298416138
0.37045884132385
0.36745500564575
0.35851502418518
0.36446905136108
0.43883085250854
0.37411999702454
0.57303285598755
0.39453887939453
0.36962389945984
0.44327092170715
0.39749193191528
0.3550500869751
0.55810284614563
0.58716106414795
0.56122899055481
0.57171201705933
0.3746349811554
0.37726998329163
0.35923886299133
0.35883808135986
0.3579249382019
0.64090204238892
0.94269800186157
1.0442399978638
0.81099915504456
0.36649894714355
0.54436206817627
0.87915301322937
1.1654090881348
1.0187001228333
0.80217099189758
0.64626598358154
1.0092010498047
1.0565619468689
1.1432671546936
1.0603940486908
0.8443648815155
0.36343812942505
0.37528109550476
0.42193508148193
1.3862018585205
0.38757920265198
0.35924792289734
1.3442349433899
0.38726377487183
0.40456199645996
0.36588788032532
0.35541200637817
0.35842108726501
0.36580681800842
0.3750958442688
0.35560202598572
0.36051893234253
0.35969209671021
0.67108798027039
0.59947800636292
0.62201690673828
0.38719320297241
0.36448812484741
0.35670185089111
0.39121389389038
0.40446996688843
0.40777897834778
0.36680507659912
0.36266303062439
0.38576412200928
0.36899423599243
0.3965790271759
0.38964104652405
0.36132097244263
0.37897801399231
0.36268210411072
0.36753296852112
0.37858200073242
0.35478591918945
0.36786508560181
0.37343406677246
0.56776809692383
0.79703593254089
0.60677695274353
0.35780596733093
0.36309599876404
0.36295819282532
0.58921408653259
0.37303280830383
0.36524796485901
0.36962294578552
0.38398885726929
0.40171718597412
0.42532587051392
0.3893871307373
0.35550594329834
0.39304304122925
0.35556697845459
0.61933183670044
0.72297787666321
0.58489298820496
0.35336804389954
0.35523891448975
0.35401892662048
0.37438201904297
0.38389205932617
0.38150095939636
1.4002330303192
0.38277411460876
0.42029809951782
0.3822660446167
0.69051289558411
0.82362604141235
0.76575183868408
0.3727719783783
0.65879893302917
0.59671497344971
0.6858389377594
0.80825090408325
0.75539207458496
0.37737202644348
0.3646559715271
0.36735606193542
0.84764099121094
0.85373592376709
0.36491394042969
0.36482381820679
0.3664219379425
0.57866621017456
0.56869792938232
0.36985802650452
0.36338901519775
0.36892700195312
0.61065220832825
0.6682710647583
0.37872791290283
0.63758611679077
0.76032590866089
1.05224609375
1.2034561634064
1.3681681156158
1.0959990024567
0.41865396499634
0.69600081443787
0.78766202926636
0.62728905677795
0.38018298149109
0.39753293991089
0.37607192993164
0.37643504142761
0.3857741355896
0.37385010719299
0.3788480758667
0.52663803100586
0.55668711662292
1.3848850727081
0.39240097999573
0.40474581718445
0.59668803215027
0.57887315750122
0.52032113075256
0.54821586608887
0.37443017959595
0.66156888008118
0.66176700592041
0.84964299201965
0.76526594161987
0.3884539604187
0.35531997680664
0.36628317832947
0.35060906410217
0.40012097358704
0.50214982032776
0.3561680316925
