
0.73223686218262
0.94738793373108
1.125314950943
1.121160030365
1.1660048961639
0.91519689559937
0.63303899765015
0.45348191261292
0.36703300476074
0.52785897254944
0.6821711063385
0.53846287727356
0.41798186302185
0.4943540096283
0.5822479724884
0.57223677635193
0.4817488193512
0.37434601783752
0.41177201271057
0.56748604774475
0.57439208030701
0.51976203918457
0.52625584602356
0.40303206443787
0.50268912315369
0.51407599449158
0.52962493896484
0.5847020149231
0.70126891136169
1.039125919342
1.2641458511353
1.2866160869598
0.89016604423523
0.73290491104126
0.83110404014587
0.89739298820496
0.87859582901001
0.68053913116455
0.36177206039429
0.35324311256409
0.56956195831299
0.53506588935852
0.36089181900024
0.6030900478363
0.61683011054993
0.35629391670227
0.43217086791992
0.41708302497864
0.65763711929321
0.7989239692688
0.7803840637207
0.70907092094421
0.94012594223022
0.93213510513306
0.93509292602539
0.87449502944946
1.0982110500336
0.86103105545044
1.3778641223907
0.66983199119568
0.78670907020569
0.67838287353516
0.73787808418274
1.2672300338745
1.322998046875
1.3626389503479
1.0855700969696
0.37935996055603
0.49495196342468
0.89911794662476
1.400866985321
1.4566130638123
1.5725638866425
1.627720117569
1.3234379291534
1.1458580493927
0.57282114028931
0.38073205947876
0.36224508285522
0.36385607719421
0.52832794189453
0.53866386413574
0.36635088920593
0.38616514205933
0.45329999923706
0.7543249130249
0.67388010025024
0.59717392921448
0.95535898208618
1.0098628997803
0.77796292304993
0.37176108360291
0.64206504821777
0.36918783187866
0.37235283851624
0.39166903495789
0.67537593841553
0.38465690612793
0.61750507354736
0.56471085548401
0.57976889610291
0.58380889892578
0.45571994781494
0.49607014656067
0.69634509086609
0.66303205490112
0.39911413192749
0.35430788993835
0.37213182449341
0.54503607749939
0.52100896835327
0.7894549369812
1.0679650306702
0.73816585540771
0.70474696159363
0.84202909469604
1.2425980567932
1.1879270076752
1.2661681175232
1.5367751121521
1.6137330532074
1.5207760334015
1.4533319473267
1.6730999946594
0.60968708992004
0.55444097518921
0.64772605895996
0.66386294364929
0.65824484825134
0.88464307785034
0.829185962677
0.81187796592712
0.36275601387024
0.35589408874512
0.54147911071777
0.61751699447632
0.78793120384216
0.90787792205811
1.0363850593567
0.49363589286804
0.43976616859436
0.36033082008362
0.86467313766479
0.92600107192993
1.0245959758759
0.56058812141418
0.94754719734192
0.99135184288025
0.63014507293701
0.78851795196533
0.88309597969055
0.36856389045715
0.37372088432312
0.37427806854248
0.39791297912598
0.36049389839172
0.60650992393494
0.43831014633179
0.87870192527771
1.3652789592743
1.301805973053
1.1634740829468
1.0822110176086
0.61909222602844
0.43563795089722
0.37946510314941
0.35454702377319
0.57103085517883
0.66900491714478
0.46533584594727
0.37002611160278
0.55365204811096
0.71678185462952
0.51648092269897
0.68401098251343
0.92142605781555
1.228019952774
1.2832660675049
1.3988218307495
1.0190958976746
1.0286781787872
0.63649892807007
0.40633606910706
0.88599395751953
1.2195510864258
1.3267860412598
1.1444520950317
0.79845309257507
0.35894703865051
0.36062002182007
0.8296639919281
1.0173900127411
0.5876669883728
0.43764591217041
0.38988208770752
0.41870903968811
0.48028421401978
0.69334292411804
0.80576515197754
