0.0059208869934082
0.020280122756958
0.015359878540039
0.0050561428070068
0.026861906051636
0.014148950576782
0.020776033401489
0.016100168228149
0.024019002914429
0.015171051025391
0.0091688632965088
0.042430877685547
0.024626970291138
0.038713932037354
0.018814086914062
0.054208993911743
0.020364046096802
0.050126075744629
0.069406032562256
0.038841962814331
0.068897008895874
0.0502610206604
0.073791980743408
0.048117160797119
0.052278995513916
0.03168797492981
0.031919002532959
0.043980121612549
0.011625051498413
0.070647954940796
0.011358976364136
0.15441703796387
0.051462888717651
0.044275045394897
0.066676139831543
0.031315088272095
0.086920976638794
0.072245836257935
0.065858840942383
4.7195479869843
4.8988001346588
1.6690289974213
0.88819289207458
1.7975258827209
2.177885055542
3.69935297966
0.055394887924194
0.051331996917725
0.066585063934326
0.11021685600281
0.10389709472656
0.073707103729248
0.053909063339233
0.068381071090698
0.068243980407715
0.098603010177612
0.12704396247864
0.16459202766418
0.1404550075531
0.1006190776825
0.10144710540771
0.052361965179443
0.050217866897583
0.080881118774414
0.090373992919922
0.10234880447388
0.036185026168823
0.084942102432251
0.1048309803009
0.20814609527588
0.010374069213867
0.052412986755371
0.093676090240479
0.10728406906128
0.010141849517822
0.073868036270142
0.048742055892944
0.3210129737854
0.083032846450806
0.15618300437927
0.23039793968201
0.16724395751953
0.098603963851929
0.21910810470581
0.43926882743835
0.13031601905823
0.11055183410645
0.25280022621155
0.17514705657959
0.066724061965942
0.07596492767334
0.092006921768188
0.098825931549072
0.080428123474121
0.13621401786804
0.13390898704529
0.21598100662231
0.1513819694519
0.2092559337616
0.16758179664612
0.012511968612671
0.21024799346924
0.010731935501099
0.14554190635681
0.11506605148315
0.095060110092163
0.15017414093018
0.24026894569397
0.2060911655426
0.19112706184387
0.088346004486084
0.10916900634766
0.13377785682678
0.16992998123169
0.016173124313354
0.0068559646606445
0.0093810558319092
0.0082809925079346
0.11874008178711
0.077656984329224
0.008540153503418
0.18040800094604
0.2063000202179
0.084496021270752
0.16261005401611
0.10359692573547
0.27014207839966
0.16996812820435
0.0079400539398193
0.20375108718872
0.1386239528656
0.14696884155273
0.14686584472656
0.136470079422
0.11170291900635
0.054558992385864
0.090590000152588
0.11855792999268
0.19451189041138
0.20438599586487
0.2265899181366
0.0095000267028809
0.57816600799561
0.059923887252808
0.52177000045776
0.21736407279968
0.12033581733704
0.079943895339966
0.18920493125916
0.11610794067383
0.63894486427307
0.59184598922729
0.2028501033783
0.16290307044983
0.19173312187195
0.23233795166016
0.078015089035034
0.10925912857056
0.1261739730835
0.076107978820801
0.14048314094543
0.13975095748901
0.18906092643738
0.1110258102417
0.10237312316895
0.11088585853577
0.12970089912415
0.11187219619751
0.10622882843018
0.12287402153015
0.14308500289917
0.15017294883728
0.11098599433899
0.13598299026489
0.15296602249146
0.12991309165955
0.077702045440674
0.07711386680603
0.093473196029663
0.055641889572144
0.093672037124634
0.19128704071045
0.074660062789917
0.070278882980347
0.22372484207153
0.096382141113281
0.096021175384521
0.040331840515137
0.060619831085205
0.085049152374268
0.088503837585449
0.064280033111572
0.17666292190552
0.05122709274292
0.019124984741211
0.11009001731873
0.06029200553894
0.10106301307678
0.052191972732544
0.10331392288208
