0.4270601272583
0.48666191101074
0.38439202308655
0.37054204940796
0.37061214447021
0.37433385848999
0.6620090007782
0.9182071685791
1.1486558914185
1.0469388961792
0.74325489997864
0.49798393249512
1.1535739898682
1.248104095459
1.3572058677673
1.4901649951935
1.7429521083832
1.7471868991852
2.2765548229218
2.4149451255798
1.9467442035675
2.0706129074097
1.8836939334869
1.8248791694641
1.5878918170929
1.0783939361572
2.2435150146484
1.1576318740845
0.85876607894897
1.0072348117828
1.1017179489136
1.0255329608917
1.1594569683075
0.37856817245483
0.38804006576538
0.36767101287842
0.49963188171387
0.57320499420166
0.49532413482666
0.50515007972717
0.59950709342957
0.59762501716614
0.41472792625427
0.59711599349976
0.633141040802
0.57526588439941
0.79307699203491
0.69507694244385
1.5781500339508
0.3750901222229
0.61546611785889
0.83826184272766
0.7616879940033
0.75229620933533
0.88206815719604
0.84889078140259
0.36609387397766
0.41798996925354
0.37167286872864
0.58165693283081
0.41201496124268
0.57016205787659
0.7889609336853
0.76661801338196
0.80797600746155
0.74644494056702
0.38572192192078
0.48003697395325
0.48558187484741
0.5370180606842
0.50026893615723
0.66659784317017
1.0569250583649
0.96004796028137
0.86272001266479
0.45216488838196
0.36665391921997
0.377357006073
0.36843609809875
0.68057084083557
0.87821888923645
1.047492980957
1.3590178489685
1.2383341789246
1.295746088028
1.1760530471802
0.83995699882507
0.82255506515503
0.85346698760986
0.84353518486023
0.72837090492249
0.59363698959351
0.50007510185242
0.81768298149109
0.75431084632874
0.49925303459167
0.57216310501099
0.73884201049805
0.54264307022095
0.58712387084961
0.3755259513855
0.39026498794556
0.36790108680725
0.61509704589844
0.63140988349915
0.36738109588623
0.88794016838074
0.87993001937866
0.84919381141663
0.42233896255493
0.85123419761658
0.86399602890015
0.87534284591675
0.42467403411865
0.36840510368347
0.36897110939026
0.37849593162537
0.37970805168152
0.8461000919342
0.92648601531982
0.96923208236694
0.9029598236084
0.55792689323425
0.37065505981445
0.51162219047546
1.1768329143524
1.1707940101624
1.1395630836487
1.2557618618011
1.2838621139526
1.1815898418427
0.74685096740723
0.97023010253906
0.95505309104919
1.0863468647003
0.38415503501892
0.51846385002136
0.7470600605011
0.62194800376892
0.37491512298584
0.37374520301819
0.40482115745544
0.38139700889587
0.36839509010315
0.37164783477783
0.58742189407349
0.59592890739441
0.39362502098083
0.36782813072205
0.61186194419861
0.64483213424683
0.69195199012756
1.3777570724487
1.2669069766998
1.2337820529938
0.81991505622864
0.4249792098999
0.41205811500549
0.51340413093567
0.50481104850769
0.40729904174805
0.48784279823303
0.89628100395203
0.85544300079346
1.8352301120758
0.38635182380676
0.37362217903137
0.37505984306335
0.46669292449951
0.48865795135498
0.58840107917786
0.72843384742737
0.49383091926575
0.42441391944885
0.37185716629028
0.3679780960083
0.40527415275574
0.41615796089172
0.66338300704956
0.61925005912781
0.37623810768127
0.44098806381226
0.48457193374634
0.41297507286072
0.41456413269043
0.36564683914185
0.38533401489258
0.49638485908508
0.56961894035339
0.37533593177795
1.6030941009521
0.4558219909668
0.53509092330933
0.37134218215942
0.3795280456543
0.37808299064636
0.35277700424194
0.68471598625183
1.1116468906403
