
0.36633896827698
0.80857706069946
1.0499889850616
0.7834939956665
0.38026809692383
0.8687219619751
0.99634194374084
0.97188591957092
1.2710490226746
1.3826379776001
1.5930061340332
1.6741728782654
1.8276209831238
2.1540567874908
2.8395180702209
2.3666768074036
2.8122627735138
2.583505153656
2.6278641223907
2.7806239128113
2.8852889537811
3.2459518909454
3.225301027298
3.5047190189362
3.5610678195953
4.0806629657745
3.7565560340881
4.2868881225586
3.7908499240875
3.7842540740967
3.7608511447906
4.8286130428314
4.3083868026733
4.1592240333557
3.5721828937531
1.501965045929
8.5241711139679
2.6494500637054
8.6982579231262
5.0302460193634
7.9622509479523
4.7104320526123
1.4860970973969
3.6383271217346
2.5022850036621
8.2673828601837
6.1149499416351
7.6213798522949
1.9647450447083
1.587611913681
1.7687239646912
2.0832347869873
2.1440620422363
2.5134291648865
2.7324960231781
3.4206018447876
2.8710880279541
3.1468210220337
3.4811949729919
3.173504114151
4.254457950592
3.6241779327393
3.5386650562286
3.1223170757294
3.4137170314789
3.4558961391449
3.335865020752
3.0937139987946
2.7306110858917
2.7754969596863
2.4919390678406
2.3802449703217
2.627228975296
2.4089441299438
2.2572159767151
2.4141170978546
2.4783208370209
2.5396020412445
2.5604159832001
2.3490920066833
2.5212509632111
2.2776598930359
2.1453680992126
2.1630439758301
1.9727599620819
1.803279876709
1.758308172226
1.7329659461975
1.8653910160065
2.2558162212372
2.049309015274
1.9635109901428
2.0335838794708
2.0168528556824
1.8952648639679
2.0356822013855
1.8157458305359
1.0352349281311
0.92663908004761
1.3766269683838
1.5826179981232
1.5038268566132
1.5480449199677
1.5390601158142
1.7606229782104
1.8379988670349
2.4298911094666
2.4203321933746
2.7409081459045
2.8482689857483
3.0958120822906
3.159353017807
3.482794046402
3.5700540542603
3.9938399791718
4.8562219142914
4.2099161148071
3.989382982254
4.374696969986
4.0996971130371
4.0643951892853
4.741021156311
4.049329996109
4.3612160682678
3.8368380069733
4.1222829818726
4.5182008743286
4.352952003479
4.8457260131836
4.4883019924164
5.2352840900421
4.7745399475098
5.2225689888
5.1027019023895
5.3458738327026
5.1287949085236
5.1391258239746
4.9185819625854
5.0767481327057
4.9452710151672
5.0685040950775
5.1856441497803
4.9763858318329
5.2753610610962
4.8329980373383
4.8795709609985
5.6280660629272
4.6787469387054
4.4717509746552
4.3030319213867
4.2861750125885
3.8816010951996
4.1162548065186
3.8094301223755
3.5021860599518
3.6653809547424
3.9879751205444
4.6820380687714
5.2190148830414
4.7304100990295
6.0822188854218
4.8541910648346
5.0253610610962
5.3723471164703
5.6917588710785
5.1244270801544
4.9712378978729
5.3358011245728
4.4885919094086
4.3095788955688
3.7795541286469
3.6123321056366
3.1167559623718
2.3429658412933
2.7947261333466
2.0802068710327
1.657133102417
1.7532789707184
1.5610799789429
1.4800820350647
1.6445710659027
1.7863829135895
2.3988819122314
2.4219598770142
2.556648015976
3.1415719985962
3.3132531642914
3.4604949951172
3.9216120243073
4.0759680271149
3.8787961006165
4.1679260730743
4.1134111881256
4.4386098384857
4.7531208992004
4.5391399860382
5.3827509880066
4.7870309352875
5.3491370677948
