0.01359486579895
0.015401363372803
0.040127992630005
0.028010845184326
0.033957004547119
0.028475999832153
0.030551195144653
0.071718215942383
0.012792587280273
0.03794002532959
0.014991760253906
0.0051119327545166
0.0055079460144043
0.004925012588501
0.016881942749023
0.017426013946533
0.030591011047363
0.062967777252197
0.018784999847412
0.018913984298706
0.0053670406341553
0.0064270496368408
0.037100076675415
0.014829874038696
0.027214050292969
0.037950992584229
0.037940979003906
0.01114821434021
0.026565790176392
0.011289834976196
0.050049066543579
0.078551769256592
0.042685031890869
0.056368827819824
0.037095069885254
0.055789232254028
0.030439138412476
0.02704119682312
0.029983997344971
0.041066884994507
0.031091928482056
0.071480989456177
0.049516916275024
0.049978971481323
0.087076902389526
0.026307106018066
0.008375883102417
0.049585103988647
0.034178018569946
0.009598970413208
0.0063049793243408
0.016658782958984
0.0068089962005615
0.0053877830505371
0.0056188106536865
0.0047538280487061
0.032756805419922
0.042572975158691
0.03453516960144
0.029888868331909
0.051490783691406
0.045488595962524
0.072957992553711
0.031911134719849
0.015252828598022
0.035267114639282
0.030876159667969
0.042402267456055
0.036771059036255
0.0046310424804688
0.00494384765625
0.013027906417847
0.0057840347290039
0.015685796737671
0.016203880310059
0.0077378749847412
0.014263153076172
0.01610279083252
0.0046498775482178
0.0061237812042236
0.0051019191741943
0.011861801147461
0.0053272247314453
0.0053398609161377
0.014191865921021
0.030587434768677
0.0055999755859375
0.0064480304718018
0.0055811405181885
0.005054235458374
0.026050806045532
0.019808292388916
0.023981809616089
0.0098090171813965
0.015488862991333
0.0097050666809082
0.012247085571289
0.021281957626343
0.012497663497925
0.02075982093811
0.033179998397827
0.059930801391602
0.0052421092987061
0.03768515586853
0.013520956039429
0.055168151855469
0.037704944610596
0.040229082107544
0.018290996551514
0.027726173400879
0.021730184555054
0.013086080551147
0.040977954864502
0.016762018203735
0.012823104858398
0.019987821578979
0.011767148971558
0.010301828384399
0.026663303375244
0.02410101890564
0.0061821937561035
0.0058419704437256
0.043939828872681
0.0073568820953369
0.060379028320312
0.012433290481567
0.064861297607422
0.0046749114990234
0.018664836883545
0.021611928939819
0.040558099746704
0.02406907081604
0.0051600933074951
0.022509098052979
0.0058093070983887
0.022486925125122
0.0046968460083008
0.014311075210571
0.033350944519043
0.046434879302979
0.14250826835632
0.0069339275360107
0.0068140029907227
0.025039196014404
0.013062715530396
0.044965267181396
0.0094661712646484
0.015599250793457
0.016082048416138
0.088836908340454
0.041339874267578
0.023608922958374
0.0080759525299072
0.020745038986206
0.016997098922729
0.021746158599854
0.026114225387573
0.049184083938599
0.013430833816528
0.044913053512573
0.051236867904663
0.024282932281494
0.04212498664856
0.032217979431152
0.0046699047088623
0.032194137573242
0.024326801300049
0.0073881149291992
0.017518043518066
0.0062770843505859
0.039167165756226
0.013212919235229
0.017379999160767
0.019394159317017
0.02046012878418
0.018203020095825
0.25109696388245
0.0047018527984619
1.0126810073853
0.0047779083251953
0.0068950653076172
0.0055310726165771
0.0049450397491455
0.0071470737457275
0.0049622058868408
0.014414072036743
0.057950258255005
0.14874124526978
0.015505075454712
0.014401912689209
0.041948795318604
0.018513917922974
0.049227952957153
0.034825086593628
0.04866099357605
0.071091890335083
0.01517915725708
0.050205945968628
0.058915853500366
0.080534934997559
