0.0079250335693359
0.0092780590057373
0.021921873092651
0.0060939788818359
0.024480104446411
0.011299848556519
0.0065479278564453
0.0061709880828857
0.017030954360962
0.0057110786437988
0.0059559345245361
0.020230054855347
0.011777877807617
0.012902021408081
0.0075490474700928
0.0087070465087891
0.0057871341705322
0.0059719085693359
0.0055129528045654
0.0070550441741943
0.01081395149231
0.033511161804199
0.0066461563110352
0.0052750110626221
0.0060279369354248
0.0070431232452393
0.013252973556519
0.0054919719696045
0.013425827026367
0.019618988037109
0.0069911479949951
0.0063459873199463
0.0057508945465088
0.0061700344085693
0.0052840709686279
0.0069139003753662
0.0097057819366455
0.0054450035095215
0.0057799816131592
0.0057239532470703
0.007476806640625
0.0057709217071533
0.0056288242340088
0.0088210105895996
0.0068471431732178
0.0053260326385498
0.0082111358642578
0.010524034500122
0.0067911148071289
0.0052559375762939
0.0054500102996826
0.0059800148010254
0.0066089630126953
0.022714853286743
0.0065920352935791
0.0063769817352295
0.0057499408721924
0.011362075805664
0.0089621543884277
0.0087640285491943
0.016916990280151
0.011904001235962
0.018985986709595
0.019196033477783
0.0058138370513916
0.26846313476562
0.012653112411499
0.019147872924805
0.0063161849975586
0.024194955825806
0.006227970123291
0.018681049346924
0.0069150924682617
0.0055959224700928
0.020309925079346
0.0071370601654053
0.047955989837646
0.045357942581177
0.0060570240020752
0.0058197975158691
0.0076010227203369
0.012096166610718
0.0062820911407471
0.0069022178649902
0.0056707859039307
0.026076078414917
0.0057520866394043
0.012223958969116
0.008882999420166
0.0057740211486816
0.0068769454956055
0.0061519145965576
0.0059831142425537
0.025548934936523
0.006525993347168
0.0071601867675781
0.005983829498291
0.0066549777984619
0.0055990219116211
0.0085761547088623
0.0059828758239746
0.0060830116271973
0.0060348510742188
0.017762899398804
0.014124870300293
0.011747121810913
0.01252007484436
0.024028062820435
0.0052988529205322
0.0055961608886719
0.0049710273742676
0.010946989059448
0.040737867355347
0.039386987686157
0.017868041992188
0.033351898193359
0.0062770843505859
0.016022205352783
0.0058140754699707
0.010550975799561
0.026710987091064
0.0077641010284424
0.024127006530762
0.0072059631347656
0.018339157104492
0.016778945922852
0.0057780742645264
0.010761976242065
0.0060291290283203
0.01046895980835
0.0074589252471924
0.0049951076507568
0.0061819553375244
0.0049209594726562
0.0052769184112549
0.0055150985717773
0.036438941955566
0.0076220035552979
0.019270896911621
0.010518074035645
0.011787176132202
0.0061938762664795
0.013773918151855
0.019474983215332
0.0050427913665771
0.016300916671753
0.0094220638275146
0.0059599876403809
0.0093069076538086
0.26700305938721
0.0059959888458252
0.025143146514893
0.0082499980926514
0.0083129405975342
0.0076210498809814
0.0055980682373047
0.048125028610229
0.01816201210022
0.0078728199005127
0.00667405128479
0.0049679279327393
0.0054519176483154
0.0053350925445557
0.0057311058044434
0.0059869289398193
0.007033109664917
0.018144130706787
0.0060789585113525
0.011801958084106
0.0051460266113281
0.013534069061279
0.0221848487854
0.0066111087799072
0.007659912109375
0.0055668354034424
0.0057361125946045
0.012639045715332
0.017692089080811
0.0055959224700928
0.0077681541442871
0.0055251121520996
0.0053551197052002
0.0060069561004639
0.0064749717712402
0.0050849914550781
0.0059070587158203
0.0067708492279053
0.0072171688079834
0.005565881729126
0.0070641040802002
0.0056929588317871
0.0056250095367432
0.0056939125061035
0.0076248645782471
0.025345087051392
0.0069789886474609
0.022854089736938
0.0060698986053467
0.0054941177368164
0.0056469440460205
