0.0059208869934082
0.0056300163269043
0.0066039562225342
0.0087389945983887
0.0054609775543213
0.010240077972412
0.017009019851685
0.0058610439300537
0.0058689117431641
0.0052030086517334
0.016751050949097
0.012356996536255
0.023582935333252
0.0053281784057617
0.013120889663696
0.0065209865570068
0.0079290866851807
0.0054891109466553
0.0052549839019775
0.0048749446868896
0.010035991668701
0.0060820579528809
0.0052328109741211
0.0060989856719971
0.0060639381408691
0.0085442066192627
0.0052909851074219
0.0051980018615723
0.0052180290222168
0.017795085906982
0.016242980957031
0.039335966110229
0.0051038265228271
0.021522998809814
0.010630130767822
0.0059449672698975
0.014770984649658
0.015838861465454
0.02800989151001
0.019454956054688
0.0052459239959717
0.0057449340820312
0.0055391788482666
0.0071299076080322
0.0053138732910156
0.0059220790863037
0.021460056304932
0.0050559043884277
0.0053198337554932
0.017942905426025
0.010797023773193
0.0058860778808594
0.0053091049194336
0.0077190399169922
0.0067241191864014
0.0096979141235352
0.0054459571838379
0.0062320232391357
0.021162033081055
0.02632999420166
0.005620002746582
0.0095980167388916
0.0056240558624268
0.0061159133911133
0.0051999092102051
0.0053272247314453
0.0087690353393555
0.029748916625977
0.0090639591217041
0.021233081817627
0.018646001815796
0.029438018798828
0.028301000595093
0.0066759586334229
0.0067000389099121
0.014010906219482
0.0059709548950195
0.0051629543304443
0.041738986968994
0.005695104598999
0.0051450729370117
0.017282962799072
0.013422966003418
0.015013933181763
0.010122060775757
0.02904486656189
0.019942998886108
0.046363115310669
0.022671222686768
0.0057070255279541
0.0056281089782715
0.02160906791687
0.0049989223480225
0.0058670043945312
0.0059521198272705
0.02037787437439
0.017853975296021
0.013916015625
0.013338088989258
0.021477937698364
0.035869836807251
0.020388126373291
0.0064740180969238
0.0063788890838623
0.021138906478882
0.0058431625366211
0.0052809715270996
0.0053689479827881
0.0044357776641846
0.023880004882812
0.028894186019897
0.017149925231934
0.016658067703247
0.014930009841919
0.012073993682861
0.029267072677612
0.0052490234375
0.015391111373901
0.011597871780396
0.020905017852783
0.0059771537780762
0.0046830177307129
0.024282932281494
0.022418975830078
0.0047957897186279
0.0047471523284912
0.004802942276001
0.012203931808472
0.0104079246521
0.0054609775543213
0.0051000118255615
0.021661996841431
0.0053069591522217
0.018792152404785
0.0068559646606445
0.0052189826965332
0.008098840713501
0.018080949783325
0.017230987548828
0.027137041091919
0.027600049972534
0.017975091934204
0.021531105041504
0.033347129821777
0.049664974212646
0.034497976303101
0.0081920623779297
0.026780128479004
0.019315958023071
0.0058269500732422
0.030350923538208
0.0091891288757324
0.032186031341553
0.027075052261353
0.0089659690856934
0.005079984664917
0.010488033294678
0.0083549022674561
0.0057587623596191
0.0049059391021729
0.0050370693206787
0.012633085250854
0.0057048797607422
0.0065081119537354
0.0060479640960693
0.0057199001312256
0.0053348541259766
0.0048420429229736
0.0057559013366699
0.0052540302276611
0.0053420066833496
0.0056650638580322
0.015100002288818
0.0053279399871826
0.0070858001708984
0.011636018753052
0.020285844802856
0.01732611656189
0.0077459812164307
0.011880874633789
0.011827945709229
0.0089161396026611
0.0085570812225342
0.01706600189209
0.017040014266968
0.0053000450134277
0.012374877929688
0.020548820495605
0.0061869621276855
0.0066251754760742
0.0088889598846436
0.014857053756714
0.0060110092163086
0.0050818920135498
0.0058808326721191
0.0052649974822998
0.012815952301025
0.015505075454712
0.018522977828979
0.015581130981445
