0.0059208869934082
0.0086359977722168
0.0056190490722656
0.005220890045166
0.0055251121520996
0.0062239170074463
0.02839994430542
0.0053489208221436
0.0072340965270996
0.2094669342041
0.0056359767913818
0.0057690143585205
0.60998606681824
0.0060079097747803
0.0054121017456055
0.011767148971558
0.0063960552215576
0.0087110996246338
0.0057070255279541
0.0055458545684814
0.0052938461303711
0.0058588981628418
0.0056121349334717
0.0053870677947998
0.008051872253418
0.0065319538116455
0.0067019462585449
0.0063278675079346
0.0056009292602539
0.0052850246429443
0.016942977905273
0.005626916885376
0.024436950683594
0.0053730010986328
0.0052149295806885
0.0067470073699951
0.00518798828125
0.0054869651794434
0.0055639743804932
0.0099999904632568
0.018301963806152
0.0060570240020752
0.0054471492767334
0.0086808204650879
0.0055599212646484
0.0074498653411865
0.0056478977203369
0.0067160129547119
0.0076749324798584
0.0086469650268555
0.0056111812591553
0.015854120254517
0.0052149295806885
0.00541090965271
0.016004085540771
0.0060560703277588
0.0058858394622803
0.01384711265564
0.017974138259888
0.0058529376983643
0.0052790641784668
0.0052139759063721
0.0066049098968506
0.0052139759063721
0.017287969589233
0.0053911209106445
0.0057079792022705
0.0055029392242432
0.005357027053833
0.0056078433990479
0.0054469108581543
0.0056660175323486
0.016170978546143
0.012933015823364
0.028260946273804
0.0050630569458008
0.005612850189209
0.014808893203735
0.0056800842285156
0.0048458576202393
0.0061841011047363
0.0054020881652832
0.0059850215911865
0.0068149566650391
0.16558814048767
0.0058538913726807
0.010753154754639
0.005612850189209
0.0059130191802979
0.0069160461425781
0.0051090717315674
0.0056710243225098
0.0056109428405762
0.0054798126220703
0.0053849220275879
0.0078158378601074
0.0053648948669434
0.0060470104217529
0.013020992279053
0.0066409111022949
0.0060648918151855
0.0068678855895996
0.0122230052948
0.0060439109802246
0.012287139892578
0.0056498050689697
0.0056900978088379
0.012701988220215
0.005810022354126
0.0052518844604492
0.0060489177703857
0.0052409172058105
0.0059020519256592
0.0055170059204102
0.0056610107421875
0.0053949356079102
0.0053470134735107
0.0058438777923584
0.0068628787994385
0.0056948661804199
0.0050718784332275
0.012511014938354
0.013648986816406
0.0060322284698486
0.0053129196166992
0.0053679943084717
0.0054371356964111
0.0054709911346436
0.0088088512420654
0.010109901428223
0.0061919689178467
0.0058219432830811
0.0057809352874756
0.0057320594787598
0.012274980545044
0.0061609745025635
0.0054409503936768
0.0058479309082031
0.0068581104278564
0.0065140724182129
0.0055949687957764
0.0060770511627197
0.007004976272583
0.0060579776763916
0.0068380832672119
0.00490403175354
0.0053222179412842
0.0060751438140869
0.0056769847869873
0.0067291259765625
0.0064258575439453
0.0055148601531982
0.014461040496826
0.0056328773498535
0.0067930221557617
0.023488998413086
0.0057568550109863
0.0073220729827881
0.0052359104156494
0.012990951538086
0.0055091381072998
0.0123450756073
0.0094089508056641
0.0069990158081055
0.013351202011108
0.005964994430542
0.0056459903717041
0.0050919055938721
0.022953987121582
0.0051450729370117
0.0055758953094482
0.010770797729492
0.0053310394287109
0.0063691139221191
0.0072710514068604
0.0054559707641602
0.0054128170013428
0.0048279762268066
0.0056240558624268
0.0070681571960449
0.0058410167694092
0.0065770149230957
0.00667405128479
0.0051670074462891
0.018529891967773
0.0065209865570068
0.0059740543365479
0.016511917114258
0.0063059329986572
0.0054519176483154
0.0053749084472656
0.0052199363708496
0.00522780418396
0.0061390399932861
0.0056450366973877
0.0052540302276611
0.01403021812439
0.0057270526885986
0.0061130523681641
0.0068039894104004
