0.030062913894653
0.034271001815796
0.015819072723389
0.040359973907471
0.06046986579895
0.0050458908081055
0.0047409534454346
0.016597986221313
0.057747840881348
0.0053501129150391
0.0044200420379639
0.040084600448608
0.02958083152771
0.029394865036011
0.070606231689453
0.054188966751099
0.072965860366821
0.042203187942505
0.041475057601929
0.042009830474854
0.041167974472046
0.039407968521118
0.061432838439941
0.022783994674683
0.052377939224243
0.051547050476074
0.087563037872314
0.040052890777588
0.03600001335144
0.036067008972168
0.030529022216797
0.05941104888916
0.042041063308716
0.05907130241394
0.039149761199951
0.025283098220825
0.027944803237915
0.043646812438965
0.041419982910156
0.017980098724365
0.018396139144897
0.22330689430237
0.027426242828369
0.010896682739258
0.03094220161438
0.032205820083618
0.016142845153809
0.014899253845215
0.020444869995117
0.020754098892212
0.014110803604126
0.0078060626983643
0.0066170692443848
0.0060279369354248
0.013795137405396
0.014320135116577
0.01594090461731
0.004680871963501
0.0079903602600098
0.0048692226409912
0.012257099151611
0.0049538612365723
0.012805223464966
0.0096728801727295
0.014455795288086
0.014362335205078
0.0071871280670166
0.010506868362427
0.020467758178711
0.0075781345367432
0.017270088195801
0.0046701431274414
0.017287015914917
0.053760051727295
0.030235052108765
0.02367901802063
0.0046999454498291
0.050987005233765
0.032932996749878
0.03401517868042
0.044982194900513
0.020084142684937
0.0066606998443604
0.030105113983154
0.038317918777466
0.016049146652222
0.013126850128174
0.0054464340209961
0.023367166519165
0.013918876647949
0.0049738883972168
0.0053372383117676
0.021558046340942
0.012858867645264
0.013231039047241
0.010877132415771
0.012007713317871
0.016969919204712
0.0057120323181152
0.022583961486816
0.02096700668335
0.027374982833862
0.024308919906616
0.0081579685211182
0.035184860229492
0.010318040847778
0.028156042098999
0.0079472064971924
0.011360168457031
0.004702091217041
0.0054459571838379
0.0047280788421631
0.039950132369995
0.014815092086792
0.0061259269714355
0.0063290596008301
0.022658824920654
0.013657808303833
0.021719932556152
0.0061650276184082
0.0095951557159424
0.01117205619812
0.013802289962769
0.021658182144165
0.015094995498657
0.030929088592529
0.063923835754395
0.01314115524292
0.014521837234497
0.011887073516846
0.01569676399231
0.020933866500854
0.026241302490234
0.029282331466675
0.019285917282104
0.0055239200592041
0.016985893249512
0.014228105545044
0.015007019042969
0.013516187667847
0.0049159526824951
0.019474983215332
0.015519142150879
0.021133184432983
0.0053219795227051
0.015889167785645
0.01016902923584
0.01370906829834
0.010403156280518
0.018989086151123
0.0063998699188232
0.0060868263244629
0.0074830055236816
0.00472092628479
0.007781982421875
0.021651029586792
0.012860059738159
0.0046887397766113
0.018059253692627
0.023033142089844
0.0045549869537354
0.0087430477142334
0.029335021972656
0.013737201690674
0.0044951438903809
0.023107290267944
0.0046017169952393
0.0056741237640381
0.023725986480713
0.015826940536499
0.0069842338562012
0.012098789215088
0.011031866073608
0.013596057891846
0.025215148925781
0.0060861110687256
0.0090408325195312
0.010987043380737
0.022671937942505
0.010746955871582
0.0053501129150391
0.0098831653594971
0.0045690536499023
0.0047731399536133
0.011776685714722
0.014874935150146
0.0047709941864014
0.010236978530884
0.0063660144805908
0.062445402145386
0.011338949203491
0.023233890533447
0.04273796081543
0.008307933807373
0.013970851898193
0.050268888473511
0.018270015716553
0.042757987976074
0.041725158691406
0.01429009437561
