
0.91664505004883
1.006089925766
0.94657897949219
0.654128074646
0.49669599533081
0.50555920600891
1.3383581638336
0.62586808204651
0.6762330532074
1.0350711345673
1.1122059822083
1.2571120262146
0.5733630657196
0.78424310684204
0.79720902442932
0.55888795852661
0.38112211227417
0.35790300369263
0.7660608291626
1.0559470653534
1.2011389732361
1.306312084198
1.1311631202698
0.8549690246582
0.35045599937439
0.71376919746399
0.88347506523132
0.81168794631958
0.53895306587219
0.54609894752502
0.43756890296936
0.35813689231873
0.35160517692566
0.36284708976746
0.96609306335449
1.1577091217041
0.89247989654541
0.36207985877991
0.72402906417847
0.88073897361755
0.80008101463318
0.36887216567993
0.5706250667572
0.96649217605591
1.3582391738892
1.2205421924591
1.2745399475098
1.6755700111389
1.7586488723755
1.5902121067047
1.4913890361786
1.2286169528961
0.55545687675476
0.35517501831055
0.3844518661499
0.5533139705658
0.8117949962616
0.61757206916809
0.3611958026886
0.36367917060852
0.6203920841217
0.62686109542847
0.4315779209137
0.93849515914917
0.9404878616333
1.0397050380707
0.55826306343079
0.3946590423584
0.40421390533447
0.67899703979492
0.8758909702301
1.1703388690948
1.1977849006653
1.1184120178223
1.0796151161194
0.6860728263855
1.3117318153381
1.5140261650085
1.5922088623047
1.7410500049591
1.6843218803406
1.6737248897552
1.5058419704437
1.7118239402771
1.1943299770355
0.40631985664368
0.43140697479248
0.36088585853577
0.8883421421051
1.2754368782043
1.4566028118134
1.6957769393921
1.6032769680023
1.9574301242828
1.9485042095184
2.3353900909424
2.3444538116455
2.4786670207977
2.3564038276672
2.6369140148163
2.864816904068
3.1900119781494
2.942419052124
2.5295670032501
3.0726149082184
2.4838829040527
2.3839108943939
1.9482710361481
2.1884999275208
2.4984669685364
2.4147930145264
2.2170209884644
2.0281879901886
1.7850451469421
1.9919190406799
1.1102669239044
0.36055612564087
0.49774289131165
0.52425193786621
0.38169002532959
0.56962299346924
0.71554493904114
0.71050810813904
0.36018896102905
0.4952220916748
1.0129818916321
1.0114290714264
0.95151495933533
0.40795493125916
0.36121296882629
0.61177802085876
0.712965965271
0.89492201805115
0.85996508598328
1.182314157486
1.3964760303497
1.3322129249573
1.3314249515533
1.2924869060516
0.98946404457092
0.50459408760071
0.54297804832458
0.36356496810913
0.36180806159973
0.64479207992554
0.909343957901
0.78586292266846
0.40205001831055
0.35927319526672
0.44346809387207
0.43441605567932
0.36587882041931
0.36407494544983
0.35886287689209
0.7279679775238
0.96375203132629
1.1471989154816
1.2291910648346
0.97487998008728
0.76917886734009
0.35816788673401
0.38080501556396
0.54235482215881
0.63660192489624
0.71684408187866
0.91439008712769
1.1327841281891
1.37007188797
1.5108880996704
1.6582520008087
1.9637520313263
1.650416135788
2.1895999908447
2.0830109119415
2.1563551425934
2.3591721057892
2.3482267856598
2.231507062912
2.8321859836578
2.9534919261932
2.8787899017334
2.8023941516876
2.7719299793243
2.7403221130371
2.7404329776764
2.1291580200195
1.7318439483643
1.0588109493256
0.36501288414001
0.36654210090637
0.4778368473053
0.53572702407837
0.45097613334656
0.39036703109741
0.35909199714661
0.63249707221985
0.55745196342468
0.71748805046082
0.84905791282654
