0.0059208869934082
0.0061898231506348
0.020814895629883
0.0052890777587891
0.021186113357544
0.016855001449585
0.055817127227783
0.023411989212036
0.037746906280518
0.029379844665527
0.0067670345306396
0.0084140300750732
0.0054879188537598
0.019545078277588
0.00543212890625
0.0067710876464844
0.014252901077271
0.027156114578247
0.059210062026978
0.0064070224761963
0.041682958602905
0.018204212188721
0.018786907196045
0.057912111282349
0.040374994277954
0.035073041915894
0.047597885131836
0.03783106803894
0.040907859802246
0.03737998008728
0.015956163406372
0.060137033462524
0.063652992248535
0.042094945907593
0.091965913772583
0.025702953338623
0.029531955718994
0.040380001068115
0.040650844573975
0.13031792640686
0.11085104942322
0.048833131790161
0.070955991744995
0.06196117401123
0.068013906478882
0.071058988571167
0.054234027862549
0.04891300201416
0.13761591911316
0.1048469543457
0.074933767318726
0.053487062454224
0.070106029510498
0.06228494644165
0.095893859863281
0.08371901512146
0.075294017791748
0.059107065200806
0.11591291427612
0.14995694160461
0.033128976821899
0.051141977310181
0.039058923721313
0.061563968658447
0.044266939163208
0.0139479637146
0.029695987701416
0.060282945632935
0.017637968063354
0.049290895462036
0.039819955825806
0.064775943756104
0.022530078887939
0.017215967178345
0.011168003082275
0.023757934570312
0.046730041503906
0.0096049308776855
0.0075180530548096
0.01144003868103
0.006864070892334
0.015016078948975
0.011198043823242
0.0054810047149658
0.0050239562988281
0.0053648948669434
0.0049269199371338
0.0066559314727783
0.0046749114990234
0.0053870677947998
0.012096881866455
0.22414112091064
0.025451183319092
0.0047469139099121
0.011433124542236
0.0049939155578613
0.014441013336182
0.017845869064331
0.014641046524048
0.0054450035095215
0.0061240196228027
0.0047171115875244
0.004971981048584
0.0060849189758301
0.015175104141235
0.0052962303161621
0.0075869560241699
0.013406991958618
0.0092499256134033
0.0059988498687744
0.0062961578369141
0.0055551528930664
0.01515007019043
0.015228033065796
0.01661491394043
0.023950099945068
0.022423982620239
0.024259090423584
0.020777940750122
0.0049450397491455
0.021688938140869
0.0063290596008301
0.011731863021851
0.0067908763885498
0.0087141990661621
0.022839069366455
0.020886898040771
0.0055909156799316
0.015887022018433
0.0054221153259277
0.0056052207946777
0.0059950351715088
0.006476879119873
0.0052530765533447
0.0054810047149658
0.00730299949646
0.0094490051269531
0.015859842300415
0.016471862792969
0.0057339668273926
0.015961885452271
0.0048551559448242
0.0062289237976074
0.0050358772277832
0.0047690868377686
0.0048232078552246
0.0058269500732422
0.0045289993286133
0.0048110485076904
0.014338970184326
0.012449979782104
0.0068800449371338
0.004612922668457
0.0093340873718262
0.023478031158447
0.014202833175659
0.028307914733887
0.0265212059021
0.021043062210083
0.042225122451782
0.066123962402344
0.03547191619873
0.017898082733154
0.034918069839478
0.033248901367188
0.040912866592407
0.014786958694458
0.0053329467773438
0.0057380199432373
0.005357027053833
0.0051698684692383
0.0097370147705078
0.0059819221496582
0.0053930282592773
0.04085111618042
0.024981021881104
0.049036979675293
0.020099878311157
0.016204118728638
0.014065027236938
0.060086011886597
0.020843982696533
0.018918991088867
0.048586130142212
0.022742986679077
0.030841112136841
0.028552055358887
0.035400867462158
0.0061490535736084
0.050097942352295
0.029494047164917
0.029366970062256
0.066993951797485
0.020580053329468
0.01124906539917
0.038006782531738
0.33966898918152
0.022839784622192
0.0069608688354492
0.0080080032348633
