0.35045099258423
0.283362865448
0.49495005607605
0.31739091873169
0.40244507789612
0.40106987953186
0.49945592880249
0.32080388069153
0.50029969215393
0.58542895317078
0.034066200256348
0.048751831054688
0.026235818862915
0.038027048110962
0.041589260101318
0.028815984725952
0.021713256835938
0.020760297775269
0.029772043228149
0.019964218139648
0.026685237884521
0.027102947235107
0.035825252532959
0.095812082290649
0.091091156005859
0.068557977676392
0.039850950241089
0.038296937942505
0.075932025909424
0.049862861633301
0.04582405090332
0.041796922683716
0.033792018890381
0.036257982254028
0.054092884063721
0.014759063720703
0.023583889007568
0.035174131393433
0.052961111068726
0.029285192489624
0.049058198928833
0.029978036880493
0.019670009613037
0.063374996185303
0.013601779937744
0.015568971633911
0.0049660205841064
0.007606029510498
0.0080831050872803
0.050886154174805
0.026026010513306
0.042684078216553
0.010649919509888
0.013070821762085
0.010993003845215
0.018665075302124
0.0046749114990234
0.01482629776001
0.0048019886016846
0.013531684875488
0.0078127384185791
0.020270824432373
0.03254508972168
0.012320995330811
0.0083093643188477
0.012845993041992
0.0055341720581055
0.016711235046387
0.008364200592041
0.01161789894104
0.028410911560059
0.040931940078735
0.010085821151733
0.025840044021606
0.014636039733887
0.025141000747681
0.032564163208008
0.051747798919678
0.047574043273926
0.079096794128418
0.021246910095215
0.038007736206055
0.015978813171387
0.014058828353882
0.053015947341919
0.061697006225586
0.12077283859253
0.049698829650879
0.11620831489563
0.090394973754883
0.036764144897461
0.12622809410095
0.064770221710205
0.037187814712524
0.075553178787231
0.03962779045105
0.048060894012451
0.0814528465271
0.087668895721436
0.10472416877747
0.052072048187256
0.11353206634521
0.036442041397095
0.051379203796387
0.037548065185547
0.087539911270142
0.032846927642822
0.040856122970581
0.051899194717407
0.049332141876221
0.044111013412476
0.03559422492981
0.034420013427734
0.027134895324707
0.049849033355713
0.048566818237305
0.018439054489136
0.015851974487305
0.021368980407715
0.04442286491394
0.02117919921875
0.047980070114136
0.0055267810821533
0.0066549777984619
0.014387845993042
0.041242837905884
0.0054299831390381
0.034970998764038
0.031100988388062
0.023799180984497
0.031314849853516
0.079454183578491
0.017050981521606
0.076858997344971
0.04021692276001
0.044858932495117
0.023988008499146
0.018174171447754
0.063406705856323
0.068286180496216
0.20189905166626
0.069847822189331
0.03774094581604
0.087975740432739
0.059259176254272
0.068763256072998
0.089133977890015
0.13119411468506
0.056766271591187
0.063196182250977
0.10504198074341
0.049579858779907
0.13855695724487
0.091164112091064
0.051643848419189
0.056455135345459
0.068846940994263
0.029092073440552
0.079816102981567
0.048377275466919
0.080410957336426
0.073490142822266
0.21004271507263
0.043949127197266
0.045102834701538
0.068670034408569
0.036155939102173
0.041995048522949
0.04087495803833
0.059008836746216
0.10179495811462
0.067983865737915
0.013118982315063
0.070897102355957
0.091571807861328
0.11220407485962
0.095260620117188
0.13869214057922
0.12110996246338
0.095048904418945
0.051922082901001
0.043925762176514
0.031126022338867
0.061113834381104
0.12198615074158
0.069473028182983
0.095562696456909
0.038091897964478
0.10322618484497
0.055207014083862
0.042521953582764
0.049869060516357
0.052732706069946
0.04013204574585
0.025513172149658
0.11069631576538
0.050098180770874
0.053713083267212
0.05472207069397
0.061463832855225
