0.0052487850189209
0.0058631896972656
0.0052189826965332
0.0053551197052002
0.0059740543365479
0.0055339336395264
0.0051147937774658
0.0054349899291992
0.0053319931030273
0.0055990219116211
0.0065960884094238
0.0057380199432373
0.014252901077271
0.0088679790496826
0.0053210258483887
0.022954940795898
0.0071818828582764
0.0086970329284668
0.0053339004516602
0.022010087966919
0.0056500434875488
0.0082530975341797
0.018557071685791
0.0096769332885742
0.079678058624268
0.0060529708862305
0.0082080364227295
0.017515897750854
0.0053889751434326
0.0077588558197021
0.010519027709961
0.012208938598633
0.015663146972656
0.021508932113647
0.017383098602295
0.014201164245605
0.011400938034058
0.049937963485718
0.0070438385009766
0.027728080749512
0.021445989608765
0.0082929134368896
0.017953872680664
0.0054628849029541
0.0053079128265381
0.0076401233673096
0.016102075576782
0.032528877258301
0.017216920852661
0.022015810012817
0.0063080787658691
0.0060470104217529
0.0057830810546875
0.0060338973999023
0.0053880214691162
0.0055670738220215
0.022073984146118
0.0051009654998779
0.005544900894165
0.0060141086578369
0.0054290294647217
0.0055811405181885
0.0058250427246094
0.0051529407501221
0.0060930252075195
0.0051820278167725
0.0055780410766602
0.0052869319915771
0.052695035934448
0.026829957962036
0.043184995651245
0.02410888671875
0.025714159011841
0.033713102340698
0.049746036529541
0.029038906097412
0.041379928588867
0.050098896026611
0.032582998275757
0.012557029724121
0.015510082244873
0.05113697052002
0.015882968902588
0.00506591796875
0.0053548812866211
0.0054199695587158
0.0097849369049072
0.0086719989776611
0.0051698684692383
0.0057840347290039
0.022556066513062
0.0056478977203369
0.0053770542144775
0.0054469108581543
0.0065901279449463
0.011912107467651
0.011364936828613
0.0063230991363525
0.0048549175262451
0.016855955123901
0.007796049118042
0.0054540634155273
0.014513969421387
0.011315107345581
0.013273954391479
0.0061659812927246
0.0055570602416992
0.0207679271698
0.013282060623169
0.018226146697998
0.020469188690186
0.028856992721558
0.0057940483093262
0.016297817230225
0.0046341419219971
0.006248950958252
0.015889883041382
0.027587175369263
0.0050151348114014
0.0051310062408447
0.0052909851074219
0.010264873504639
0.010945081710815
0.0055739879608154
0.0057029724121094
0.02603006362915
0.029690027236938
0.0051660537719727
0.030081033706665
0.028447866439819
0.011483907699585
0.012933969497681
0.0071048736572266
0.0059261322021484
0.0087921619415283
0.0054819583892822
0.0060379505157471
0.0083231925964355
0.0052897930145264
0.026213884353638
0.017496109008789
0.0049221515655518
0.02173900604248
0.028356075286865
0.0094749927520752
0.0046989917755127
0.0080399513244629
0.006274938583374
0.004586935043335
0.0071749687194824
0.0048329830169678
0.021266937255859
0.0045289993286133
0.0095069408416748
0.0051159858703613
0.0051729679107666
0.0046811103820801
0.0095880031585693
0.0046560764312744
0.0082039833068848
0.0063931941986084
0.021657943725586
0.0055980682373047
0.04034686088562
0.022243022918701
0.01100492477417
0.0055859088897705
0.0053319931030273
0.0062799453735352
0.0063149929046631
0.0051188468933105
0.0054168701171875
0.040868043899536
0.0068719387054443
0.006864070892334
0.0054559707641602
0.0054779052734375
0.0049610137939453
0.0055000782012939
0.0062639713287354
0.012267827987671
0.0087788105010986
0.0052831172943115
0.0052931308746338
0.029887914657593
0.0062038898468018
0.0056979656219482
0.028492212295532
0.0055949687957764
0.0059080123901367
0.0071568489074707
0.0056190490722656
0.0050199031829834
0.018745899200439
0.0056099891662598
0.0089170932769775
0.0090179443359375
0.016692161560059
0.006990909576416
0.0076358318328857
