
0.78389501571655
0.90254211425781
1.1610240936279
1.2693181037903
1.4280400276184
1.6405239105225
1.6080441474915
1.4423439502716
1.7886819839478
0.85891580581665
0.50134491920471
0.505784034729
0.55239105224609
0.52587985992432
0.37412405014038
0.41823577880859
0.61135816574097
0.75958395004272
0.64694213867188
0.40333485603333
0.66101503372192
0.79945015907288
0.92452716827393
0.74717307090759
1.3948409557343
1.4123389720917
1.5430710315704
1.6130290031433
1.3698790073395
1.2876479625702
1.1779391765594
5.4246089458466
3.9474470615387
1.1078720092773
4.713641166687
2.9804170131683
2.1420509815216
5.1763470172882
4.4198849201202
3.499685049057
3.7951109409332
4.4352149963379
3.9907059669495
3.8143579959869
4.915424823761
5.1342120170593
5.1236758232117
5.8289449214935
5.7603230476379
5.8336160182953
5.750645160675
5.7307021617889
6.0244929790497
8.5598850250244
6.1738600730896
6.2222671508789
6.2976191043854
6.55703997612
6.2783980369568
6.6022250652313
6.7097280025482
6.6889538764954
7.2961449623108
6.8693919181824
6.8482980728149
7.5398609638214
7.180682182312
6.8541150093079
8.2777578830719
7.9254548549652
8.2042980194092
7.7403540611267
9.2421281337738
8.7803769111633
8.6097619533539
8.734925031662
8.1557021141052
8.4094710350037
9.535719871521
9.0503468513489
10.317080020905
9.7824769020081
10.049589157104
9.5226149559021
9.542909860611
9.6913709640503
10.105231046677
10.568269968033
10.655590057373
11.012902975082
11.038568019867
11.460104942322
11.327826976776
12.334386110306
12.850465774536
12.684575796127
12.162129163742
12.857316017151
13.253859043121
12.501664161682
14.544842004776
14.107746839523
13.44411110878
13.823626041412
12.55425620079
13.113726139069
13.450039148331
13.365354061127
15.439445972443
13.293730020523
13.17528295517
14.561499118805
14.643630027771
13.678104877472
14.418092012405
15.176904201508
14.76983499527
15.099765062332
15.577592849731
14.753088951111
14.543792963028
14.966925859451
17.337957859039
18.71301317215
15.876420974731
17.799424171448
16.518918037415
15.629332065582
18.586208105087
16.508960008621
17.067528009415
18.556202888489
16.646452903748
16.87588596344
18.350965023041
19.573752164841
21.203450918198
20.118124961853
19.620742082596
19.220132112503
20.303544998169
18.436259031296
19.221374988556
20.984743118286
21.123664140701
19.546182870865
21.595398902893
19.490815877914
21.852135896683
20.133888959885
19.834048032761
19.023828029633
18.180699110031
19.802891016006
20.188222885132
20.539757013321
19.169078111649
23.00314283371
18.446540117264
20.530503034592
19.346688985825
21.586375951767
20.682380914688
20.004344940186
20.907220125198
19.62354183197
19.093572854996
20.488400936127
22.28417301178
20.774456977844
19.881623029709
19.357512950897
20.851076126099
23.064826011658
18.775572061539
18.85756611824
21.240808963776
17.510272979736
18.500383853912
21.635289907455
21.242369890213
20.711151123047
21.137279987335
15.932325124741
17.323854923248
16.969262838364
20.123545885086
20.234362125397
19.303010225296
16.868660926819
17.564520120621
18.943094968796
20.683598995209
19.801603078842
17.420305967331
19.870115041733
19.919059038162
19.054350852966
20.118175983429
