0.027997970581055
0.063824892044067
0.039064884185791
0.062625885009766
0.14774894714355
0.049134016036987
0.05712103843689
0.064249992370605
0.070904016494751
0.046333789825439
0.06411600112915
0.042385816574097
0.036427021026611
0.074090957641602
0.080447912216187
0.092288017272949
0.029911994934082
0.079722881317139
0.079972743988037
0.058377981185913
0.045953035354614
0.062891244888306
0.03720498085022
0.066325902938843
0.031103372573853
0.025475025177002
0.029187202453613
0.054499864578247
0.033998012542725
0.010180950164795
0.037095069885254
0.019933223724365
0.022173166275024
0.025391817092896
0.056525945663452
0.034955024719238
0.057907104492188
0.028665065765381
0.10815405845642
0.027643918991089
0.012843132019043
0.036270141601562
0.014349699020386
0.060831785202026
0.031795024871826
0.022528171539307
0.074515104293823
0.074125051498413
0.070036888122559
0.089660882949829
0.027957916259766
0.022357702255249
0.075908899307251
0.051420927047729
0.0046780109405518
0.024686098098755
0.045197010040283
0.044171810150146
0.12009310722351
0.0050296783447266
0.0050191879272461
0.0081870555877686
0.04652214050293
0.023443937301636
0.038115262985229
0.012343883514404
0.02393913269043
0.036455869674683
0.058464050292969
0.039483070373535
0.018064975738525
0.044271230697632
0.027818918228149
0.041413307189941
0.10509896278381
0.037531137466431
0.18638682365417
0.030471086502075
0.067560195922852
0.069017171859741
0.028236865997314
0.046520948410034
0.039667129516602
0.099883794784546
0.13388705253601
0.066183090209961
0.10167598724365
0.098198175430298
0.057283163070679
0.073796987533569
0.11620044708252
0.053781986236572
0.04796290397644
0.075923204421997
0.071094989776611
0.092527151107788
0.13199496269226
0.092422008514404
0.039281845092773
0.052005052566528
0.086198091506958
0.14283204078674
0.066183805465698
0.088343858718872
0.14139890670776
0.091718196868896
0.0065450668334961
0.31463408470154
0.10436367988586
0.090214252471924
0.19580101966858
0.16652822494507
0.11942005157471
0.063958168029785
0.097203969955444
0.095908880233765
0.10003423690796
0.087457895278931
0.085487127304077
0.089869976043701
0.031743049621582
0.066477060317993
0.068942070007324
0.048662900924683
0.066740989685059
0.25155925750732
0.081391096115112
0.060600996017456
0.14666604995728
0.11985230445862
0.11120176315308
0.082166433334351
0.09980297088623
0.095806121826172
0.047600984573364
0.049720764160156
0.074671745300293
0.19757509231567
0.08002495765686
0.071279048919678
0.11327481269836
0.17970895767212
0.12414693832397
0.1395308971405
0.13938784599304
0.095556974411011
0.055426120758057
0.08106803894043
0.082634925842285
0.081881046295166
0.11741900444031
0.093989849090576
0.12176704406738
0.082016944885254
0.05420994758606
0.1109139919281
0.084007024765015
0.063044786453247
0.10097718238831
0.072088003158569
0.15909790992737
0.10930800437927
0.14807915687561
0.14296817779541
0.068289041519165
0.093614101409912
0.19770288467407
0.12251591682434
0.26556897163391
0.073277950286865
0.099879026412964
0.056859731674194
0.10689496994019
0.080857038497925
0.058231115341187
0.076634883880615
0.058490753173828
0.11149096488953
0.15949273109436
0.057582139968872
0.10030603408813
0.19350528717041
0.10387015342712
0.15390396118164
0.12725782394409
0.056275129318237
0.085670948028564
0.087150096893311
0.25312495231628
0.047188997268677
0.05863881111145
0.051762104034424
0.066237211227417
0.065001964569092
0.072697162628174
0.077234983444214
0.30173563957214
0.088590860366821
0.06901216506958
0.026002883911133
