
0.55807280540466
0.5561990737915
0.45965194702148
0.43740296363831
0.53712892532349
0.44957208633423
0.38715386390686
0.37363195419312
0.35715889930725
0.36966896057129
0.52003312110901
0.79862308502197
0.82639503479004
0.73444104194641
0.90723395347595
0.81494498252869
0.51939916610718
0.52716708183289
0.42483186721802
0.69438600540161
1.0705900192261
1.2414078712463
1.5373179912567
1.7598640918732
1.934112071991
1.9588539600372
2.3626270294189
2.1696298122406
2.0439710617065
1.5220320224762
1.0073189735413
0.60193109512329
0.76682806015015
0.6687548160553
0.37567710876465
0.84057998657227
0.89032196998596
0.98110699653625
1.2472620010376
1.3367791175842
1.1899988651276
1.1261370182037
1.5767538547516
1.6697070598602
1.5969080924988
1.5915200710297
1.289458990097
0.40308499336243
0.36165499687195
0.62820506095886
0.85545611381531
0.9626898765564
0.91312098503113
0.67228317260742
0.74484395980835
0.91736197471619
0.94059920310974
0.70033407211304
0.37277102470398
0.64066600799561
0.76379990577698
0.5048348903656
0.38558578491211
0.4319429397583
0.43807911872864
0.55484199523926
0.36809420585632
0.370689868927
0.85061287879944
1.0163719654083
1.1173920631409
1.1145131587982
1.3660600185394
1.4718358516693
1.5293390750885
1.5332660675049
1.4728910923004
0.89932799339294
0.41927099227905
0.5646231174469
0.71854591369629
0.81041502952576
0.87010097503662
0.63488602638245
0.36391401290894
0.41251587867737
0.40404391288757
0.36845207214355
0.61073589324951
0.81029582023621
0.54319787025452
0.5820050239563
0.51321816444397
0.38836693763733
0.37433505058289
0.36249804496765
0.54857897758484
1.0070168972015
1.0931389331818
1.339852809906
1.5505640506744
1.541316986084
1.4558811187744
1.3599560260773
1.5768890380859
1.683611869812
1.7624299526215
1.5018639564514
1.3361189365387
1.0965449810028
0.80312895774841
1.1568560600281
1.28209400177
1.1035399436951
0.86797213554382
0.66779208183289
1.0555608272552
0.98382592201233
0.91407203674316
0.7094030380249
0.85866498947144
0.80180978775024
0.42624092102051
0.4473340511322
0.55108308792114
0.76011610031128
0.64892792701721
0.7949960231781
0.98047208786011
1.1414210796356
0.95110702514648
0.77036809921265
0.36971592903137
0.36437702178955
0.36400008201599
0.51582884788513
0.65434908866882
0.41029405593872
0.68236708641052
0.80653405189514
0.91003704071045
0.62857913970947
0.62710118293762
0.4028799533844
0.60569906234741
0.75189805030823
0.97023510932922
1.0106220245361
1.1301279067993
0.72255206108093
0.41966009140015
0.50950694084167
0.51900005340576
0.4012131690979
0.3681480884552
0.3823230266571
0.35845398902893
0.37873601913452
0.36963295936584
0.38948392868042
0.65115094184875
0.62160301208496
0.69441914558411
0.88606286048889
1.0298199653625
1.2561910152435
1.3226590156555
1.6032819747925
1.6131269931793
1.5400791168213
1.2247159481049
0.81572794914246
0.36746191978455
0.38495588302612
0.35129690170288
0.35552382469177
0.94692301750183
1.166825056076
1.1541228294373
1.3468208312988
1.6170248985291
1.5854408740997
1.6125590801239
1.543732881546
2.0990710258484
1.0852320194244
0.62990593910217
0.63749003410339
0.61673092842102
0.38960385322571
0.37248420715332
0.85706686973572
1.0016660690308
1.4773991107941
1.04119181633
1.4583120346069
1.3261120319366
1.2994151115417
1.375342130661
