0.5484 179433 1462515149.8397 1462515150.3883 1
0.7329 13870 1462515149.7555 1462515150.4885 0
0.5188 11427 1462515150.0921 1462515150.6110 4
0.7196 169591 1462515149.9239 1462515150.6436 2
0.3867 93903 1462515150.3447 1462515150.7315 7
0.3666 5001 1462515150.5971 1462515150.9639 10
0.9657 17302 1462515150.0080 1462515150.9738 3
0.3804 52817 1462515150.7651 1462515151.1456 12
0.7506 4482 1462515150.4289 1462515151.1796 8
0.8809 24310 1462515150.5130 1462515151.3940 9
1.3202 23476 1462515150.1763 1462515151.4966 5
1.2685 9714 1462515150.2611 1462515151.5296 6
0.8780 16705 1462515150.9334 1462515151.8115 14
0.8458 6972 1462515151.0171 1462515151.8630 15
0.7124 23508 1462515151.1851 1462515151.8976 17
1.3280 118957 1462515150.6811 1462515152.0092 11
0.6022 22848 1462515151.4374 1462515152.0397 20
1.2314 27608 1462515150.8492 1462515152.0807 13
0.4764 8849 1462515151.6055 1462515152.0820 22
1.0110 20868 1462515151.1012 1462515152.1122 16
0.9733 4098 1462515151.2692 1462515152.2425 18
0.7416 71394 1462515151.5215 1462515152.2632 21
0.4887 117193 1462515151.8580 1462515152.3468 25
0.9968 7598 1462515151.6897 1462515152.6865 23
1.2128 24311 1462515151.7739 1462515152.9867 24
0.5724 32081 1462515152.4478 1462515153.0203 32
1.6830 174973 1462515151.3533 1462515153.0364 19
0.5304 108498 1462515152.7001 1462515153.2306 35
1.3964 6598 1462515151.9421 1462515153.3386 26
0.6242 10847 1462515152.8687 1462515153.4930 37
1.3582 158554 1462515152.1943 1462515153.5526 29
1.4573 6923 1462515152.2783 1462515153.7357 30
1.8703 34436 1462515152.0262 1462515153.8966 27
0.7120 10277 1462515153.2054 1462515153.9175 41
0.5696 42986 1462515153.3773 1462515153.9471 43
0.9106 115033 1462515153.0371 1462515153.9477 39
0.8360 31795 1462515153.1212 1462515153.9573 40
1.5050 7981 1462515152.5319 1462515154.0371 33
0.5567 4408 1462515153.5455 1462515154.1022 45
2.2056 185524 1462515152.1103 1462515154.3161 28
1.0644 44029 1462515153.2933 1462515154.3578 42
1.6026 142453 1462515152.7846 1462515154.3873 36
1.6576 137715 1462515152.9532 1462515154.6109 38
2.0758 44896 1462515152.6161 1462515154.6919 34
0.6665 18651 1462515154.2181 1462515154.8847 53
1.5140 5100 1462515153.4614 1462515154.9756 44
1.4255 277734 1462515153.6295 1462515155.0551 46
1.0157 20815 1462515154.0501 1462515155.0659 51
0.7877 87021 1462515154.3022 1462515155.0900 54
1.6028 93068 1462515153.7137 1462515155.3166 47
1.3605 14315 1462515153.9660 1462515155.3266 50
0.9668 5547 1462515154.3863 1462515155.3532 55
1.5978 6554 1462515153.8820 1462515155.4801 49
1.7160 181861 1462515153.7978 1462515155.5139 48
1.0450 37517 1462515154.7227 1462515155.7679 59
1.2152 152981 1462515154.5545 1462515155.7698 57
0.8688 5832 1462515154.9759 1462515155.8448 62
0.3858 125027 1462515155.5644 1462515155.9503 69
1.4225 9161 1462515154.6386 1462515156.0612 58
1.9656 5734 1462515154.1344 1462515156.1000 52
1.1174 150683 1462515155.2283 1462515156.3457 65
1.2153 7034 1462515155.3962 1462515156.6116 67
1.8241 12268 1462515154.8069 1462515156.6311 60
0.6759 164948 1462515155.9849 1462515156.6609 74
1.2436 90670 1462515155.4804 1462515156.7240 68
0.5519 148948 1462515156.2372 1462515156.7892 77
2.3264 10662 1462515154.4704 1462515156.7969 56
1.9919 18708 1462515154.8911 1462515156.8831 61
1.2165 4646 1462515155.7328 1462515156.9494 71
1.7128 180405 1462515155.3123 1462515157.0252 66
0.5605 92401 1462515156.4895 1462515157.0500 80
1.2597 11738 1462515155.8169 1462515157.0766 72
0.9449 20046 1462515156.1531 1462515157.0981 76
1.6806 132480 1462515155.6485 1462515157.3292 70
1.3167 5463 1462515156.0690 1462515157.3858 75
0.9910 145182 1462515156.4054 1462515157.3965 79
0.8251 26150 1462515156.6576 1462515157.4828 82
0.9815 147790 1462515156.5736 1462515157.5552 81
0.7500 19929 1462515156.9099 1462515157.6600 85
2.6078 67059 1462515155.0595 1462515157.6674 63
2.5332 57425 1462515155.1437 1462515157.6770 64
0.8129 209712 1462515156.9940 1462515157.8070 86
0.9005 159648 1462515157.0782 1462515157.9787 87
0.5479 19732 1462515157.5824 1462515158.1304 93
0.3761 9476 1462515157.8343 1462515158.2105 96
2.4077 4459 1462515155.9009 1462515158.3087 73
1.3773 80891 1462515157.2462 1462515158.6236 89
0.7772 130368 1462515157.9184 1462515158.6957 97
0.3720 5094 1462515158.3384 1462515158.7106 102
2.6108 159069 1462515156.3213 1462515158.9321 78
1.5317 11434 1462515157.4143 1462515158.9460 91
1.5564 4124 1462515157.4985 1462515159.0549 92
1.1819 263578 1462515158.0024 1462515159.1845 98
2.3611 89044 1462515156.8258 1462515159.1870 84
2.5878 5450 1462515156.7417 1462515159.3295 83
1.2031 140199 1462515158.2544 1462515159.4576 101
0.3690 31689 1462515159.0957 1462515159.4648 111
2.3030 4904 1462515157.1622 1462515159.4653 88
1.8691 4774 1462515157.6666 1462515159.5358 94
0.7464 49869 1462515158.8432 1462515159.5897 108
0.8275 48459 1462515158.9273 1462515159.7549 109
1.4023 28502 1462515158.5069 1462515159.9092 104
0.6629 10343 1462515159.2643 1462515159.9282 113
2.6881 343707 1462515157.3303 1462515160.0184 90
1.2598 193417 1462515158.7593 1462515160.0192 107
2.4886 146454 1462515157.7503 1462515160.2390 95
0.3664 4849 1462515159.9389 1462515160.3054 121
2.4015 8901 1462515158.0864 1462515160.4880 99
2.2072 4855 1462515158.4227 1462515160.6299 103
1.1571 6607 1462515159.5182 1462515160.6754 116
2.5169 41020 1462515158.1704 1462515160.6874 100
0.3848 14110 1462515160.5273 1462515160.9123 128
1.4612 6074 1462515159.6024 1462515161.0637 117
2.6045 15385 1462515158.5910 1462515161.1956 105
2.2669 17160 1462515159.0114 1462515161.2784 110
2.6639 7360 1462515158.6752 1462515161.3392 106
2.0392 122905 1462515159.3483 1462515161.3876 114
0.3705 19950 1462515161.0324 1462515161.4030 134
2.5461 20315 1462515159.1798 1462515161.7259 112
2.0167 59283 1462515159.8547 1462515161.8715 120
1.8863 4729 1462515160.0230 1462515161.9093 122
1.8444 21874 1462515160.1071 1462515161.9516 123
2.6139 7312 1462515159.4324 1462515162.0463 115
2.0009 30177 1462515160.1911 1462515162.1921 124
1.3644 234415 1462515160.8642 1462515162.2287 132
0.6940 19775 1462515161.6208 1462515162.3148 141
2.1922 237358 1462515160.2752 1462515162.4675 125
2.2373 24328 1462515160.3592 1462515162.5966 126
0.9489 185472 1462515161.7050 1462515162.6539 142
3.0894 4125 1462515159.7705 1462515162.8600 119
1.0707 295955 1462515161.8731 1462515162.9439 144
2.5312 121169 1462515160.4433 1462515162.9746 127
2.4189 4136 1462515160.6118 1462515163.0308 129
3.4616 135782 1462515159.6865 1462515163.1481 118
1.1577 21279 1462515162.0413 1462515163.1991 146
2.4148 145920 1462515161.1164 1462515163.5313 135
2.8799 92807 1462515160.6960 1462515163.5760 130
1.2200 31793 1462515162.3772 1462515163.5972 150
1.3143 215546 1462515162.2932 1462515163.6076 149
0.3833 64730 1462515163.3019 1462515163.6853 161
2.4419 6638 1462515161.4528 1462515163.8947 139
1.2200 4157 1462515162.7134 1462515163.9339 154
1.5581 16539 1462515162.4613 1462515164.0195 151
1.4545 11393 1462515162.6293 1462515164.0839 153
2.4270 20669 1462515161.7890 1462515164.2161 143
1.6997 174173 1462515162.7975 1462515164.4973 155
3.6282 142234 1462515160.9482 1462515164.5765 133
2.0501 15535 1462515162.5453 1462515164.5954 152
3.8560 121801 1462515160.7801 1462515164.6361 131
1.7151 11008 1462515163.0499 1462515164.7650 158
1.8531 4077 1462515162.9658 1462515164.8189 157
1.5067 159678 1462515163.3864 1462515164.8933 162
1.7722 80512 1462515163.1340 1462515164.9064 159
3.7026 16261 1462515161.2846 1462515164.9873 137
3.8346 429466 1462515161.2005 1462515165.0352 136
1.3088 201232 1462515163.8906 1462515165.1994 168
1.0599 110560 1462515164.1426 1462515165.2026 171
1.6968 10392 1462515163.5545 1462515165.2514 164
2.0606 17646 1462515163.2178 1462515165.2785 160
1.6706 5653 1462515163.7225 1462515165.3932 166
1.0607 93756 1462515164.3946 1462515165.4554 174
1.8281 8661 1462515163.6384 1462515165.4667 165
4.1905 22208 1462515161.3686 1462515165.5592 138
1.3375 261785 1462515164.2268 1462515165.5644 172
4.1807 5314 1462515161.5370 1462515165.7177 140
2.2565 105288 1462515163.4705 1462515165.7270 163
1.3903 13592 1462515164.5627 1462515165.9531 176
2.0329 349271 1462515163.9746 1462515166.0076 169
0.8597 32064 1462515165.1535 1462515166.0132 183
0.8298 9853 1462515165.2375 1462515166.0674 184
1.6015 11969 1462515164.4787 1462515166.0803 175
1.0155 4634 1462515165.0694 1462515166.0850 182
4.1797 5853 1462515161.9573 1462515166.1371 145
1.8510 550921 1462515164.3104 1462515166.1615 173
1.5429 17131 1462515164.6486 1462515166.1915 177
1.4633 10229 1462515164.7326 1462515166.1960 178
1.4781 57478 1462515164.9854 1462515166.4636 181
0.6449 11059 1462515165.8262 1462515166.4712 191
0.4716 6225 1462515166.2463 1462515166.7180 196
0.3775 12392 1462515166.4982 1462515166.8758 199
2.1439 4614 1462515164.8168 1462515166.9607 179
4.8503 102116 1462515162.1254 1462515166.9757 147
1.3368 6304 1462515165.7419 1462515167.0788 190
4.2594 5654 1462515162.8817 1462515167.1411 156
4.9792 13253 1462515162.2094 1462515167.1887 148
0.4074 285658 1462515166.8345 1462515167.2420 203
1.9519 101224 1462515165.4897 1462515167.4418 187
1.3841 6372 1462515166.1623 1462515167.5465 195
2.8752 157408 1462515164.9011 1462515167.7763 180
1.4411 10059 1462515166.4144 1462515167.8556 198
0.3968 21292 1462515167.5067 1462515167.9036 211
1.3618 122804 1462515166.5823 1462515167.9449 200
2.1036 4993 1462515165.9102 1462515168.0139 192
2.2220 95508 1462515165.9942 1462515168.2162 193
0.5477 24237 1462515167.6749 1462515168.2226 213
4.5194 5115 1462515163.8065 1462515168.3260 167
4.2807 12759 1462515164.0587 1462515168.3395 170
0.5463 28050 1462515167.8431 1462515168.3895 215
0.3796 174679 1462515168.0112 1462515168.3910 217
1.3080 34247 1462515167.0865 1462515168.3947 206
1.2907 20827 1462515167.1706 1462515168.4614 207
0.3792 117105 1462515168.4315 1462515168.8108 222
2.1556 117572 1462515166.9184 1462515169.0741 204
1.9737 130992 1462515167.2546 1462515169.2284 208
1.9956 14796 1462515167.3386 1462515169.3343 209
1.9676 32595 1462515167.4226 1462515169.3903 210
4.0144 3979 1462515165.4057 1462515169.4201 186
4.1036 8599 1462515165.3216 1462515169.4252 185
1.3178 123520 1462515168.1793 1462515169.4972 219
1.4586 111771 1462515168.2634 1462515169.7221 220
0.8106 150800 1462515168.9367 1462515169.7474 228
4.3316 31264 1462515165.5738 1462515169.9055 188
1.6107 129606 1462515168.3474 1462515169.9583 221
0.9862 98546 1462515169.0208 1462515170.0071 229
4.4265 11562 1462515165.6579 1462515170.0845 189
0.6780 4415 1462515169.4411 1462515170.1193 234
0.6744 22583 1462515169.5252 1462515170.1997 235
1.7182 22144 1462515168.5996 1462515170.3179 224
1.8188 11640 1462515168.6836 1462515170.5025 225
1.2644 29100 1462515169.2731 1462515170.5376 232
1.7845 7319 1462515168.8526 1462515170.6371 227
1.6581 222612 1462515169.1050 1462515170.7632 230
0.6497 21505 1462515170.1974 1462515170.8472 243
4.8060 73301 1462515166.0782 1462515170.8843 194
4.8220 99207 1462515166.3304 1462515171.1525 197
0.7273 209215 1462515170.4496 1462515171.1769 246
1.1317 226710 1462515170.1134 1462515171.2451 242
1.9924 188808 1462515169.3572 1462515171.3497 233
1.0072 117280 1462515170.3655 1462515171.3728 245
1.6836 5072 1462515169.6933 1462515171.3769 237
1.5573 37823 1462515169.9455 1462515171.5029 240
0.9110 4187 1462515170.6176 1462515171.5287 248
0.8629 17496 1462515170.7860 1462515171.6490 250
1.7961 41856 1462515170.0296 1462515171.8257 241
0.9963 9701 1462515170.8701 1462515171.8665 251
1.3569 126013 1462515170.5336 1462515171.8906 247
5.2845 130311 1462515166.6664 1462515171.9510 201
1.7000 16945 1462515170.2815 1462515171.9815 244
0.8895 11712 1462515171.1227 1462515172.0123 254
1.3827 264167 1462515170.7018 1462515172.0846 249
0.9588 255883 1462515171.2069 1462515172.1659 255
0.5073 13222 1462515171.7111 1462515172.2185 261
1.3355 23389 1462515170.9542 1462515172.2897 252
1.1192 118748 1462515171.2910 1462515172.4103 256
5.6667 87564 1462515166.7504 1462515172.4172 202
5.4814 168762 1462515167.0025 1462515172.4840 205
1.1117 199064 1462515171.3748 1462515172.4866 257
0.6618 351397 1462515171.9636 1462515172.6255 264
4.8993 4923 1462515167.7590 1462515172.6584 214
5.1958 107063 1462515167.5907 1462515172.7866 212
1.8607 4537 1462515171.0384 1462515172.8991 253
0.5968 13463 1462515172.3836 1462515172.9805 269
0.3740 14531 1462515172.6357 1462515173.0097 272
0.9334 10062 1462515172.2995 1462515173.2330 268
5.3202 7425 1462515167.9272 1462515173.2475 216
0.5146 195420 1462515172.8039 1462515173.3186 274
0.8921 18964 1462515172.4676 1462515173.3598 270
1.6754 4728 1462515171.8795 1462515173.5550 263
0.5280 29581 1462515173.1402 1462515173.6683 278
5.7313 4127 1462515168.0953 1462515173.8266 218
0.8699 159497 1462515172.9721 1462515173.8421 276
1.8828 124580 1462515172.0474 1462515173.9302 265
0.6368 4769 1462515173.3084 1462515173.9453 280
5.5710 21392 1462515168.5155 1462515174.0866 223
2.0106 14327 1462515172.1314 1462515174.1421 266
1.0763 139062 1462515173.3921 1462515174.4685 281
1.0758 221276 1462515173.4762 1462515174.5521 282
2.4580 30446 1462515172.2155 1462515174.6736 267
5.1035 6603 1462515169.6092 1462515174.7128 236
5.5985 115467 1462515169.1890 1462515174.7877 231
5.0122 11366 1462515169.7773 1462515174.7896 238
2.2839 15228 1462515172.5516 1462515174.8356 271
0.9051 24209 1462515173.9800 1462515174.8852 288
6.2833 227312 1462515168.7682 1462515175.0517 226
1.0580 125014 1462515174.0641 1462515175.1222 289
0.7262 240719 1462515174.4003 1462515175.1266 293
5.3090 13648 1462515169.8614 1462515175.1704 239
1.4022 8549 1462515173.8959 1462515175.2983 287
0.7307 4054 1462515174.5692 1462515175.3000 295
2.6919 101461 1462515172.7198 1462515175.4118 273
1.1991 6611 1462515174.3163 1462515175.5154 292
0.6325 92592 1462515174.9058 1462515175.5383 299
1.9390 143112 1462515173.6441 1462515175.5831 284
1.8878 8087 1462515173.7278 1462515175.6156 285
1.8222 41309 1462515173.8118 1462515175.6341 286
1.6298 173120 1462515174.1481 1462515175.7780 290
1.2031 81256 1462515174.6534 1462515175.8566 296
0.4635 45674 1462515175.4932 1462515175.9568 306
1.2176 11921 1462515174.9895 1462515176.2072 300
1.9889 197546 1462515174.2322 1462515176.2213 291
1.8479 114203 1462515174.4849 1462515176.3328 294
4.9279 78988 1462515171.4589 1462515176.3868 258
0.5759 49646 1462515175.8293 1462515176.4053 310
5.0250 152928 1462515171.5430 1462515176.5680 259
0.4106 127929 1462515176.1656 1462515176.5762 314
5.0087 5279 1462515171.6270 1462515176.6358 260
5.0169 17512 1462515171.7954 1462515176.8124 262
0.7979 17354 1462515176.0815 1462515176.8794 313
0.4263 82169 1462515176.5009 1462515176.9272 318
1.3856 11531 1462515175.5773 1462515176.9629 307
1.3465 118140 1462515175.6613 1462515177.0079 308
1.3087 6116 1462515175.7453 1462515177.0540 309
2.0548 9924 1462515175.0736 1462515177.1285 301
1.8960 5287 1462515175.2414 1462515177.1375 303
0.9337 22541 1462515176.3331 1462515177.2669 316
0.3845 10364 1462515176.9210 1462515177.3056 323
1.0353 4791 1462515176.4169 1462515177.4523 317
4.4223 8090 1462515173.0562 1462515177.4785 277
4.4619 19653 1462515173.2243 1462515177.6862 279
1.1530 228475 1462515176.6690 1462515177.8221 320
0.9959 5404 1462515176.8372 1462515177.8331 322
2.4307 256336 1462515175.4092 1462515177.8400 305
0.4082 4607 1462515177.5082 1462515177.9165 330
5.0567 179321 1462515172.8880 1462515177.9448 275
1.9548 130419 1462515175.9974 1462515177.9523 312
0.5102 5349 1462515177.5920 1462515178.1022 331
1.8609 30781 1462515176.2493 1462515178.1103 315
4.7272 107331 1462515173.5600 1462515178.2873 283
0.3790 5129 1462515177.9284 1462515178.3075 335
1.4197 99665 1462515177.0048 1462515178.4246 324
1.4238 4067 1462515177.1723 1462515178.5962 326
3.9272 36303 1462515174.7374 1462515178.6648 297
3.8978 170866 1462515174.8215 1462515178.7194 298
2.0134 6982 1462515176.7531 1462515178.7666 321
1.5448 104983 1462515177.2562 1462515178.8010 327
0.4892 10587 1462515178.3487 1462515178.8380 340
1.2563 9036 1462515177.6761 1462515178.9325 332
3.6409 5265 1462515175.3252 1462515178.9662 304
3.8537 71832 1462515175.1573 1462515179.0111 302
0.4834 6164 1462515178.6010 1462515179.0845 343
1.8578 5226 1462515177.4246 1462515179.2824 329
0.7813 263292 1462515178.5169 1462515179.2983 342
0.8782 14911 1462515178.4328 1462515179.3111 341
0.8269 26404 1462515178.7691 1462515179.5962 345
1.8875 4253 1462515177.7602 1462515179.6477 333
3.7439 16519 1462515175.9134 1462515179.6573 311
1.8828 26034 1462515177.8444 1462515179.7272 334
1.0479 18200 1462515178.6851 1462515179.7331 344
1.0674 11234 1462515178.8532 1462515179.9207 346
1.7599 22488 1462515178.1805 1462515179.9406 338
1.7129 17412 1462515178.2646 1462515179.9776 339
0.8833 6742 1462515179.1053 1462515179.9887 349
0.9624 172338 1462515179.1894 1462515180.1518 350
1.1205 128722 1462515179.2735 1462515180.3941 351
0.6348 108987 1462515179.9460 1462515180.5809 359
4.0144 4060 1462515176.5849 1462515180.5994 319
0.6766 129217 1462515180.0301 1462515180.7068 360
1.3817 12110 1462515179.6096 1462515180.9914 355
4.0230 31199 1462515177.0885 1462515181.1116 325
0.3600 25139 1462515180.8712 1462515181.2313 370
3.9192 15826 1462515177.3403 1462515181.2596 328
0.6164 8892 1462515180.7030 1462515181.3194 368
1.7285 30611 1462515179.6936 1462515181.4222 356
1.7064 11559 1462515179.7778 1462515181.4843 357
3.5017 73391 1462515178.0125 1462515181.5143 336
0.7346 41704 1462515180.7870 1462515181.5217 369
0.6954 312023 1462515180.9553 1462515181.6507 371
0.6937 10010 1462515181.0394 1462515181.7332 372
0.3767 19614 1462515181.5438 1462515181.9205 378
0.6822 103089 1462515181.2916 1462515181.9738 375
2.0300 28964 1462515180.1982 1462515182.2283 362
0.5492 24837 1462515181.7959 1462515182.3452 381
0.6385 5589 1462515181.8797 1462515182.5183 382
4.4420 236040 1462515178.0965 1462515182.5386 337
0.6286 23324 1462515181.9638 1462515182.5924 383
3.6575 10300 1462515178.9372 1462515182.5948 347
0.6324 242765 1462515182.0479 1462515182.6803 384
2.4302 14217 1462515180.2823 1462515182.7126 363
1.0957 44956 1462515181.6277 1462515182.7235 379
3.7327 5840 1462515179.0213 1462515182.7540 348
1.2365 75705 1462515181.7118 1462515182.9484 380
3.7177 4261 1462515179.3575 1462515183.0753 352
0.3697 5203 1462515182.7210 1462515183.0908 392
3.7127 5647 1462515179.5256 1462515183.2384 354
3.8074 133638 1462515179.4416 1462515183.2490 353
0.8297 5861 1462515182.4688 1462515183.2985 389
3.0687 5075 1462515180.3664 1462515183.4352 364
3.6669 7211 1462515179.8619 1462515183.5289 358
3.4255 36912 1462515180.1142 1462515183.5398 361
1.6145 177285 1462515182.1320 1462515183.7466 385
0.3861 75813 1462515183.3936 1462515183.7798 400
1.2809 317852 1462515182.5529 1462515183.8339 390
2.8325 58438 1462515181.1234 1462515183.9559 373
2.5064 4338 1462515181.4597 1462515183.9662 377
3.5200 306785 1462515180.4505 1462515183.9706 365
2.6116 4587 1462515181.3756 1462515183.9874 376
3.4558 19121 1462515180.5347 1462515183.9905 366
3.4835 4760 1462515180.6189 1462515184.1025 367
1.1552 17044 1462515182.9732 1462515184.1285 395
1.8146 116167 1462515182.3847 1462515184.1993 388
0.6755 12981 1462515183.5617 1462515184.2373 402
1.1937 6507 1462515183.1414 1462515184.3352 397
0.7112 7630 1462515183.7312 1462515184.4426 404
3.2689 5005 1462515181.2075 1462515184.4765 374
1.9598 115388 1462515182.6370 1462515184.5968 391
1.1247 69227 1462515183.6457 1462515184.7704 403
0.9604 24948 1462515183.8153 1462515184.7758 405
1.9348 4472 1462515182.8892 1462515184.8246 394
2.6163 120580 1462515182.2166 1462515184.8330 386
1.1500 7328 1462515183.8993 1462515185.0494 406
0.9736 29630 1462515184.1515 1462515185.1252 409
2.0764 8952 1462515183.0573 1462515185.1339 396
2.9132 22515 1462515182.3006 1462515185.2139 387
2.4377 56695 1462515182.8051 1462515185.2429 393
0.9722 76960 1462515184.4036 1462515185.3759 412
0.9838 142148 1462515184.4878 1462515185.4716 413
0.9154 65417 1462515184.5719 1462515185.4873 414
0.7773 182525 1462515184.7403 1462515185.5177 416
1.7355 11678 1462515183.9834 1462515185.7190 407
0.9517 211953 1462515184.9086 1462515185.8603 418
0.9023 5269 1462515184.9926 1462515185.8950 419
1.2938 66990 1462515184.6559 1462515185.9499 415
2.7246 19074 1462515183.3095 1462515186.0342 399
2.8203 730533 1462515183.2254 1462515186.0458 398
0.6332 7320 1462515185.6653 1462515186.2986 427
2.9404 232510 1462515183.4776 1462515186.4181 401
2.4016 5050 1462515184.0674 1462515186.4691 408
1.4436 7661 1462515185.0768 1462515186.5205 420
1.4750 14139 1462515185.1608 1462515186.6359 421
1.1416 154361 1462515185.4972 1462515186.6389 425
1.6201 4427 1462515185.3291 1462515186.9493 423
1.5751 10951 1462515185.4131 1462515186.9883 424
2.2672 20960 1462515184.8244 1462515187.0916 417
1.1337 17505 1462515186.0016 1462515187.1354 431
1.5949 5324 1462515185.5812 1462515187.1762 426
2.9526 155733 1462515184.2355 1462515187.1881 410
2.8828 8051 1462515184.3195 1462515187.2024 411
1.4105 133751 1462515185.8335 1462515187.2440 429
1.2551 26796 1462515186.0856 1462515187.3408 432
1.6267 69806 1462515185.7494 1462515187.3762 428
1.5983 81629 1462515185.9176 1462515187.5161 430
1.2857 56433 1462515186.3377 1462515187.6235 435
0.3973 50950 1462515187.3468 1462515187.7442 447
2.5094 161527 1462515185.2450 1462515187.7545 422
1.7735 24507 1462515186.1696 1462515187.9432 433
1.7364 19242 1462515186.2536 1462515187.9901 434
1.0297 14721 1462515187.0105 1462515188.0403 443
0.9825 11318 1462515187.0946 1462515188.0771 444
0.4050 4671 1462515187.6829 1462515188.0880 451
1.1055 9601 1462515187.2627 1462515188.3682 446
0.3801 4972 1462515188.2714 1462515188.6516 458
2.2951 122768 1462515186.4218 1462515188.7170 436
2.2572 10348 1462515186.5061 1462515188.7634 437
0.6579 4642 1462515188.1874 1462515188.8454 457
1.6232 122992 1462515187.4309 1462515189.0542 448
2.5610 19469 1462515186.5902 1462515189.1512 438
2.5165 93410 1462515186.6742 1462515189.1909 439
1.6472 12349 1462515187.5990 1462515189.2464 450
1.7383 42445 1462515187.5151 1462515189.2535 449
2.4172 7945 1462515186.8424 1462515189.2596 441
0.4778 10809 1462515188.8601 1462515189.3380 465
1.6081 18016 1462515187.7670 1462515189.3752 452
2.6294 14365 1462515186.7583 1462515189.3878 440
1.1445 40975 1462515188.3555 1462515189.5001 459
1.0894 134524 1462515188.4396 1462515189.5291 460
2.6202 32082 1462515186.9265 1462515189.5467 442
2.3752 152716 1462515187.1786 1462515189.5539 445
1.1509 12324 1462515188.6078 1462515189.7589 462
1.9693 20303 1462515187.8511 1462515189.8205 453
1.1924 91768 1462515188.7760 1462515189.9685 464
2.0654 23613 1462515187.9352 1462515190.0007 454
1.9011 9505 1462515188.1033 1462515190.0045 456
0.3644 12380 1462515189.7003 1462515190.0648 475
2.0618 76075 1462515188.0192 1462515190.0811 455
1.6246 10214 1462515188.5237 1462515190.1484 461
1.1721 7635 1462515189.1123 1462515190.2844 468
1.0472 63082 1462515189.2804 1462515190.3276 470
0.8651 5281 1462515189.5322 1462515190.3973 473
1.4195 9659 1462515189.1963 1462515190.6159 469
2.1367 161645 1462515188.6919 1462515190.8287 463
2.0808 13209 1462515188.9441 1462515191.0251 466
1.6084 19875 1462515189.4481 1462515191.0566 472
2.1372 6047 1462515189.0282 1462515191.1655 467
1.4329 28172 1462515189.7843 1462515191.2172 476
1.7877 5076 1462515189.6162 1462515191.4040 474
0.3916 39966 1462515191.1301 1462515191.5218 492
2.2187 145682 1462515189.3641 1462515191.5829 471
0.3737 36503 1462515191.2982 1462515191.6719 494
1.8709 252233 1462515189.9523 1462515191.8233 478
1.9011 10978 1462515190.0363 1462515191.9375 479
2.0811 175962 1462515189.8682 1462515191.9494 477
1.7509 21778 1462515190.3727 1462515192.1237 483
0.7352 80241 1462515191.4663 1462515192.2016 496
2.0962 12654 1462515190.2885 1462515192.3848 482
0.8666 101349 1462515191.5503 1462515192.4170 497
2.3175 188530 1462515190.1204 1462515192.4380 480
2.2650 6080 1462515190.2045 1462515192.4695 481
1.6343 13360 1462515190.8776 1462515192.5120 489
0.6515 173041 1462515191.9706 1462515192.6221 502
2.3512 15943 1462515190.6249 1462515192.9763 486
2.6231 24379 1462515190.5409 1462515193.1640 485
0.3937 16944 1462515192.8116 1462515193.2053 512
2.5030 58024 1462515190.7090 1462515193.2121 487
2.4659 26426 1462515190.7936 1462515193.2596 488
2.8067 139751 1462515190.4568 1462515193.2635 484
1.8207 4483 1462515191.6342 1462515193.4550 498
2.4973 10185 1462515190.9618 1462515193.4592 490
0.4001 5153 1462515193.1496 1462515193.5497 516
0.3745 15085 1462515193.2336 1462515193.6082 517
1.9049 19087 1462515191.7182 1462515193.6231 499
2.2722 11817 1462515191.3823 1462515193.6545 495
2.6575 4431 1462515191.0460 1462515193.7036 491
1.9890 6432 1462515191.8865 1462515193.8756 501
1.5157 103098 1462515192.3913 1462515193.9072 507
0.3748 6172 1462515193.7381 1462515194.1130 523
0.6430 12791 1462515193.4859 1462515194.1290 520
3.0733 26911 1462515191.2141 1462515194.2875 493
2.0612 5364 1462515192.3072 1462515194.3684 506
1.9495 18828 1462515192.4753 1462515194.4250 508
0.5212 165025 1462515193.9062 1462515194.4275 525
0.4406 314546 1462515194.0743 1462515194.5150 527
0.6378 22790 1462515193.9902 1462515194.6281 526
2.8954 18641 1462515191.8023 1462515194.6978 500
1.7102 165158 1462515193.0653 1462515194.7757 515
0.7032 24400 1462515194.1583 1462515194.8616 528
1.5786 10529 1462515193.3177 1462515194.8964 518
3.1110 117388 1462515192.0547 1462515195.1657 503
3.1329 40567 1462515192.1389 1462515195.2719 504
1.0363 8589 1462515194.2424 1462515195.2788 529
0.9480 34942 1462515194.4105 1462515195.3585 531
0.9718 120621 1462515194.7467 1462515195.7186 535
0.9336 207233 1462515194.8307 1462515195.7644 536
1.3120 180235 1462515194.4945 1462515195.8066 532
0.6498 14328 1462515195.1673 1462515195.8172 540
2.4863 443650 1462515193.4018 1462515195.8881 519
1.3169 11896 1462515194.5786 1462515195.8956 533
0.6490 14607 1462515195.2515 1462515195.9006 541
3.7462 5971 1462515192.2231 1462515195.9693 505
1.3456 111629 1462515194.6626 1462515196.0089 534
0.3672 21618 1462515195.7562 1462515196.1235 547
0.8051 16298 1462515195.3356 1462515196.1407 542
0.6390 11453 1462515195.5882 1462515196.2272 545
0.4783 17107 1462515195.9245 1462515196.4029 549
1.0314 36399 1462515195.4196 1462515196.4511 543
3.9974 25724 1462515192.5594 1462515196.5568 509
1.1457 15262 1462515195.5037 1462515196.6494 544
0.5358 6201 1462515196.1767 1462515196.7126 552
4.0786 24110 1462515192.6434 1462515196.7222 510
0.3907 159303 1462515196.4290 1462515196.8198 555
0.6380 100502 1462515196.2609 1462515196.8990 553
0.4849 4584 1462515196.5131 1462515196.9980 556
0.8638 9240 1462515196.3449 1462515197.2089 554
1.6033 10142 1462515195.6722 1462515197.2755 546
1.5626 26794 1462515195.8405 1462515197.4032 548
4.5163 117027 1462515192.8957 1462515197.4121 513
4.7455 30036 1462515192.7275 1462515197.4730 511
0.9703 30000 1462515196.5971 1462515197.5675 557
0.5008 12442 1462515197.1856 1462515197.6865 564
0.4841 32473 1462515197.3537 1462515197.8379 566
0.5541 56339 1462515197.5217 1462515198.0759 568
0.6492 20620 1462515197.4377 1462515198.0870 567
1.3786 64330 1462515196.7653 1462515198.1439 559
0.5845 11192 1462515197.6899 1462515198.2744 570
0.3661 18753 1462515197.9426 1462515198.3088 573
0.5946 44058 1462515197.7740 1462515198.3687 571
1.4550 15013 1462515196.9334 1462515198.3885 561
1.4885 30167 1462515197.1015 1462515198.5901 563
1.4883 87345 1462515197.2696 1462515198.7580 565
5.8573 163632 1462515192.9798 1462515198.8372 514
5.2238 15933 1462515193.6541 1462515198.8780 522
5.5539 64696 1462515193.5700 1462515199.1240 521
0.4809 117354 1462515198.7821 1462515199.2630 583
1.1045 8774 1462515198.1948 1462515199.2993 576
0.6325 287679 1462515198.6983 1462515199.3309 582
1.2265 4691 1462515198.1107 1462515199.3373 575
1.0310 12459 1462515198.4467 1462515199.4778 579
5.6634 4601 1462515193.8221 1462515199.4856 524
0.4335 22981 1462515199.1179 1462515199.5515 587
1.3188 232024 1462515198.2789 1462515199.5978 577
1.2609 106100 1462515198.5308 1462515199.7918 580
1.2037 72762 1462515198.6143 1462515199.8181 581
5.5001 7144 1462515194.3264 1462515199.8266 530
0.9194 135822 1462515198.9501 1462515199.8696 585
0.6886 5752 1462515199.2855 1462515199.9742 589
0.4592 12766 1462515199.5373 1462515199.9965 592
0.5079 13022 1462515199.6213 1462515200.1292 593
1.1629 144153 1462515199.0339 1462515200.1969 586
0.3877 23599 1462515199.9578 1462515200.3456 597
5.3610 31903 1462515194.9991 1462515200.3601 538
0.6390 20698 1462515199.7894 1462515200.4285 595
1.3490 11790 1462515199.2017 1462515200.5507 588
1.4477 23289 1462515199.3692 1462515200.8170 590
0.3820 10270 1462515200.5467 1462515200.9288 604
1.4884 72486 1462515199.4532 1462515200.9417 591
6.0964 151922 1462515194.9149 1462515201.0114 537
5.0321 8084 1462515196.0086 1462515201.0408 550
1.0661 40088 1462515200.1262 1462515201.1924 599
0.9948 10636 1462515200.3786 1462515201.3735 602
1.2029 15795 1462515200.2104 1462515201.4134 600
5.3493 4986 1462515196.0926 1462515201.4420 551
1.7844 12705 1462515199.7054 1462515201.4899 594
1.4601 31644 1462515200.0419 1462515201.5020 598
1.2426 20326 1462515200.2945 1462515201.5372 601
1.2145 116838 1462515200.4626 1462515201.6773 603
6.6244 10346 1462515195.0832 1462515201.7077 539
0.6429 206633 1462515201.1353 1462515201.7783 611
0.8249 5119 1462515201.0513 1462515201.8763 610
1.0829 5046 1462515200.9673 1462515202.0502 609
1.4663 20227 1462515200.6308 1462515202.0972 605
5.2732 92064 1462515196.8493 1462515202.1225 560
5.4454 13614 1462515196.6812 1462515202.1267 558
0.7254 163715 1462515201.4715 1462515202.1970 615
0.9774 284254 1462515201.3034 1462515202.2809 613
1.3356 180699 1462515201.2193 1462515202.5550 612
1.2200 22856 1462515201.5556 1462515202.7757 616
1.9966 988773 1462515200.7991 1462515202.7958 607
1.0851 78712 1462515201.7238 1462515202.8089 618
5.8086 198373 1462515197.0175 1462515202.8261 562
1.4557 612399 1462515201.3875 1462515202.8432 614
1.3351 7382 1462515201.6397 1462515202.9748 617
1.1228 19503 1462515201.8917 1462515203.0146 620
1.1534 4254 1462515201.9757 1462515203.1292 621
0.8248 235233 1462515202.3961 1462515203.2210 626
1.4869 24170 1462515201.8079 1462515203.2949 619
5.3317 20247 1462515198.0267 1462515203.3584 574
5.5086 14603 1462515197.8581 1462515203.3668 572
0.6673 7332 1462515202.7317 1462515203.3992 630
1.3572 90853 1462515202.0598 1462515203.4171 622
1.4350 88314 1462515202.2279 1462515203.6631 624
5.3075 151794 1462515198.3628 1462515203.6704 578
6.0904 144753 1462515197.6058 1462515203.6962 569
1.2184 8741 1462515202.5638 1462515203.7823 628
1.0665 31637 1462515202.8158 1462515203.8825 631
1.7453 146144 1462515202.1439 1462515203.8893 623
0.9564 218153 1462515202.9842 1462515203.9408 633
5.1393 16700 1462515198.8660 1462515204.0055 584
4.1987 19248 1462515199.8735 1462515204.0723 596
0.9300 5393 1462515203.1526 1462515204.0826 635
1.8303 279357 1462515202.3120 1462515204.1424 625
1.8004 122354 1462515202.4798 1462515204.2804 627
0.8912 434520 1462515203.4887 1462515204.3800 639
0.3644 4464 1462515204.0771 1462515204.4416 646
0.9155 213736 1462515203.5728 1462515204.4883 640
3.8715 28121 1462515200.7150 1462515204.5865 606
1.3473 35736 1462515203.3206 1462515204.6680 637
3.8954 33074 1462515200.8832 1462515204.7786 608
1.1282 4078 1462515203.7409 1462515204.8692 642
1.3424 11198 1462515203.6569 1462515204.9994 641
1.2543 210019 1462515203.8250 1462515205.0795 643
1.2263 39124 1462515203.9091 1462515205.1354 644
1.1822 4804 1462515203.9931 1462515205.1753 645
0.6810 102790 1462515204.5813 1462515205.2624 652
0.7987 31709 1462515204.4973 1462515205.2960 651
1.1456 4143 1462515204.2452 1462515205.3908 648
0.6905 20587 1462515204.8335 1462515205.5241 655
1.3259 18244 1462515204.3292 1462515205.6552 649
3.0250 64216 1462515202.6476 1462515205.6727 629
0.9475 21514 1462515204.7494 1462515205.6970 654
1.3272 15766 1462515204.4133 1462515205.7405 650
0.3651 4615 1462515205.4221 1462515205.7873 662
0.6397 229156 1462515205.3380 1462515205.9778 661
1.1030 105693 1462515204.9175 1462515206.0205 656
3.0677 118057 1462515203.0686 1462515206.1363 634
3.2503 140404 1462515202.8999 1462515206.1502 632
0.5333 21560 1462515205.6739 1462515206.2073 665
2.9283 56123 1462515203.4046 1462515206.3330 638
3.1535 213673 1462515203.2366 1462515206.3901 636
0.3709 10258 1462515206.0942 1462515206.4652 670
1.4691 60787 1462515205.0015 1462515206.4707 657
0.4004 146791 1462515206.1782 1462515206.5787 671
1.0988 11832 1462515205.5061 1462515206.6050 663
2.6352 40848 1462515204.1612 1462515206.7964 647
1.2336 4485 1462515205.5902 1462515206.8238 664
1.7667 5521 1462515205.1697 1462515206.9365 659
2.3111 112506 1462515204.6654 1462515206.9765 653
0.3794 9649 1462515206.5984 1462515206.9779 676
1.0988 159116 1462515206.0102 1462515207.1091 669
2.0337 123191 1462515205.0858 1462515207.1196 658
0.7309 44200 1462515206.4303 1462515207.1613 674
0.9067 163804 1462515206.2622 1462515207.1690 672
2.0038 19975 1462515205.2539 1462515207.2577 660
1.5724 24273 1462515205.8420 1462515207.4145 667
0.9675 24023 1462515206.5143 1462515207.4819 675
0.3975 152774 1462515207.1028 1462515207.5004 682
1.8823 25391 1462515205.7580 1462515207.6404 666
0.5121 11186 1462515207.2710 1462515207.7832 684
1.8614 97377 1462515205.9261 1462515207.7875 668
0.9280 132222 1462515207.0188 1462515207.9469 681
1.0391 12679 1462515206.9346 1462515207.9738 680
0.3787 30737 1462515207.6913 1462515208.0701 689
1.3305 106303 1462515206.8505 1462515208.1811 679
0.8195 133384 1462515207.5232 1462515208.3428 687
2.0614 94188 1462515206.3463 1462515208.4078 673
0.5863 7051 1462515207.8594 1462515208.4458 691
0.9115 154045 1462515207.6072 1462515208.5189 688
1.3510 17965 1462515207.1870 1462515208.5380 683
1.3064 206924 1462515207.3551 1462515208.6616 685
1.2499 7752 1462515207.4391 1462515208.6891 686
0.3932 14945 1462515208.5318 1462515208.9250 699
2.1755 4059 1462515206.7665 1462515208.9420 678
2.2657 13469 1462515206.6824 1462515208.9482 677
0.8200 147072 1462515208.1955 1462515209.0156 695
0.6704 6458 1462515208.4477 1462515209.1181 698
0.4278 104569 1462515208.7002 1462515209.1281 701
1.0965 26150 1462515208.1114 1462515209.2080 694
1.7374 91740 1462515207.7753 1462515209.5128 690
1.6161 30456 1462515208.0273 1462515209.6435 693
0.7007 6823 1462515209.0363 1462515209.7372 705
1.8019 5021 1462515207.9434 1462515209.7453 692
0.8784 173890 1462515208.8682 1462515209.7467 703
1.4068 336249 1462515208.3637 1462515209.7705 697
0.9232 20701 1462515208.9523 1462515209.8756 704
1.5990 5282 1462515208.2796 1462515209.8787 696
0.8136 168363 1462515209.2044 1462515210.0181 707
1.4533 5973 1462515208.6161 1462515210.0694 700
0.4550 10708 1462515209.7086 1462515210.1637 713
0.4892 5212 1462515209.9608 1462515210.4501 716
1.6715 38853 1462515208.7842 1462515210.4558 702
0.3770 14943 1462515210.1291 1462515210.5062 718
1.3223 15213 1462515209.2884 1462515210.6109 708
1.4464 4854 1462515209.3724 1462515210.8190 709
0.7955 9738 1462515210.2132 1462515211.0088 719
1.5598 15699 1462515209.4564 1462515211.0163 710
0.4138 203634 1462515210.7179 1462515211.1318 725
2.0673 22912 1462515209.1204 1462515211.1877 706
0.9450 17773 1462515210.3816 1462515211.3267 721
1.5131 15177 1462515209.8767 1462515211.3898 715
0.9145 88287 1462515210.6338 1462515211.5483 724
0.5508 4410 1462515211.2228 1462515211.7738 731
2.4354 12209 1462515209.5405 1462515211.9760 711
1.7846 140869 1462515210.2974 1462515212.0821 720
2.5446 129573 1462515209.6246 1462515212.1693 712
0.7165 43630 1462515211.4751 1462515212.1917 734
0.4272 291541 1462515211.8114 1462515212.2387 738
1.8685 9349 1462515210.5497 1462515212.4182 723
2.8628 79683 1462515209.7925 1462515212.6554 714
1.0738 17918 1462515211.6433 1462515212.7171 736
0.3734 5431 1462515212.4842 1462515212.8577 746
2.9212 4099 1462515210.0450 1462515212.9663 717
2.0567 12452 1462515210.9706 1462515213.0274 728
2.0417 7524 1462515211.0546 1462515213.0964 729
1.1547 414329 1462515212.0639 1462515213.2186 741
1.3806 327294 1462515211.8956 1462515213.2763 739
0.6824 320913 1462515212.7370 1462515213.4195 749
0.6762 8872 1462515212.8211 1462515213.4974 750
2.3490 32256 1462515211.3910 1462515213.7400 733
0.4052 10673 1462515213.4094 1462515213.8146 757
1.0171 4771 1462515212.9051 1462515213.9223 751
3.1782 127625 1462515210.8024 1462515213.9808 726
3.5366 19424 1462515210.4656 1462515214.0023 722
1.0325 21102 1462515213.0732 1462515214.1059 753
2.4124 126158 1462515211.7274 1462515214.1398 737
3.3360 159327 1462515210.8864 1462515214.2225 727
1.0740 109993 1462515213.1572 1462515214.2313 754
0.4153 99005 1462515213.8297 1462515214.2451 762
3.1413 15471 1462515211.1387 1462515214.2800 730
2.6378 4611 1462515211.9796 1462515214.6175 740
1.4672 384815 1462515213.4934 1462515214.9607 758
0.6327 3939 1462515214.3340 1462515214.9667 768
2.8011 12407 1462515212.2320 1462515215.0332 743
0.3755 4702 1462515214.8385 1462515215.2141 774
0.5649 21399 1462515214.6702 1462515215.2352 772
0.5454 109609 1462515214.9227 1462515215.4682 775
1.0172 4678 1462515214.5021 1462515215.5193 770
0.9502 5373 1462515214.5862 1462515215.5364 771
3.4224 15845 1462515212.1480 1462515215.5704 742
4.2655 104385 1462515211.3069 1462515215.5725 732
4.0611 189095 1462515211.5592 1462515215.6203 735
3.4821 101641 1462515212.3161 1462515215.7982 744
3.5548 17576 1462515212.4001 1462515215.9550 745
0.3606 12253 1462515215.5949 1462515215.9555 783
3.4769 26203 1462515212.5687 1462515216.0457 747
0.9926 95502 1462515215.1747 1462515216.1674 778
0.8355 28097 1462515215.7631 1462515216.5987 785
0.8000 5247 1462515215.8471 1462515216.6472 786
1.1619 18864 1462515215.5108 1462515216.6728 782
4.0808 404633 1462515212.6529 1462515216.7338 748
1.3501 109146 1462515215.4266 1462515216.7768 781
0.3775 20004 1462515216.4356 1462515216.8132 793
0.6452 9838 1462515216.1833 1462515216.8286 790
3.6178 26430 1462515213.2412 1462515216.8591 755
3.7234 194078 1462515213.3253 1462515217.0487 756
0.3639 6102 1462515216.8560 1462515217.2200 798
3.7741 4899 1462515213.5775 1462515217.3516 759
4.3803 4616 1462515212.9892 1462515217.3696 752
1.2300 22219 1462515216.2674 1462515217.4974 791
3.8460 4991 1462515213.7456 1462515217.5917 761
1.2214 5098 1462515216.6038 1462515217.8253 795
4.0311 12916 1462515213.9135 1462515217.9447 763
0.6999 121525 1462515217.2754 1462515217.9754 803
0.6485 25456 1462515217.3593 1462515218.0079 804
4.3656 7255 1462515213.6615 1462515218.0272 760
1.3862 185529 1462515216.6879 1462515218.0742 796
1.3505 5693 1462515216.7719 1462515218.1228 797
3.9587 4693 1462515214.1657 1462515218.1245 766
4.1394 7901 1462515213.9976 1462515218.1371 764
4.1263 20064 1462515214.0817 1462515218.2080 765
0.7318 111409 1462515217.6111 1462515218.3430 807
0.6964 102160 1462515217.6952 1462515218.3916 808
0.4657 26909 1462515218.0314 1462515218.4972 812
3.5880 12855 1462515215.0909 1462515218.6790 777
4.4339 51601 1462515214.2499 1462515218.6839 767
4.2663 11159 1462515214.4180 1462515218.6845 769
0.9968 12045 1462515217.7793 1462515218.7762 809
1.0092 9562 1462515217.8634 1462515218.8726 810
4.1896 10798 1462515214.7543 1462515218.9440 773
3.9963 4597 1462515215.0068 1462515219.0032 776
0.7317 390129 1462515218.2836 1462515219.0154 815
3.8513 201059 1462515215.3426 1462515219.1940 780
2.6840 50016 1462515216.5196 1462515219.2037 794
0.7977 25471 1462515218.5357 1462515219.3335 818
2.3149 21525 1462515217.0237 1462515219.3387 800
1.2585 5028 1462515218.1995 1462515219.4581 814
4.2179 59681 1462515215.2587 1462515219.4766 779
0.5778 5043 1462515219.0406 1462515219.6184 824
0.9371 6252 1462515218.7040 1462515219.6411 820
0.5484 5043 1462515219.2088 1462515219.7573 826
0.9746 27775 1462515218.8721 1462515219.8468 822
1.1275 7729 1462515218.7881 1462515219.9156 821
4.3873 54059 1462515215.6790 1462515220.0664 784
4.1544 25501 1462515215.9312 1462515220.0857 787
1.2351 244569 1462515218.9566 1462515220.1918 823
0.3983 110040 1462515219.7971 1462515220.1955 833
1.2204 62824 1462515219.1247 1462515220.3452 825
0.4074 4664 1462515220.1331 1462515220.5406 837
1.2532 16600 1462515219.2929 1462515220.5462 827
0.9029 4109 1462515219.7133 1462515220.6162 832
0.6566 6630 1462515219.9652 1462515220.6219 835
1.2761 15470 1462515219.4611 1462515220.7372 829
1.5209 184058 1462515219.3770 1462515220.8980 828
0.3737 5106 1462515220.6388 1462515221.0126 843
4.7319 17303 1462515216.3515 1462515221.0834 792
1.6810 5268 1462515219.5452 1462515221.2263 830
0.4489 10957 1462515221.0594 1462515221.5084 848
5.5345 118091 1462515216.0993 1462515221.6339 789
5.7611 199847 1462515216.0152 1462515221.7764 788
0.3824 7162 1462515221.3957 1462515221.7782 852
1.6726 27983 1462515220.2171 1462515221.8898 838
1.4792 136053 1462515220.5547 1462515222.0340 842
1.8621 47115 1462515220.3029 1462515222.1651 839
0.8555 11132 1462515221.3116 1462515222.1672 851
1.8370 55254 1462515220.3866 1462515222.2236 840
5.3976 8150 1462515216.9400 1462515222.3377 799
0.9664 303834 1462515221.4799 1462515222.4464 853
0.7931 18181 1462515221.7321 1462515222.5253 856
0.3732 10936 1462515222.1524 1462515222.5257 861
1.8132 5804 1462515220.7229 1462515222.5362 844
5.6464 5683 1462515217.1075 1462515222.7540 801
2.3364 166645 1462515220.4706 1462515222.8071 841
0.3944 96692 1462515222.4889 1462515222.8833 865
1.9165 14956 1462515220.9752 1462515222.8918 847
2.2177 5691 1462515220.8070 1462515223.0248 845
1.9508 88391 1462515221.1435 1462515223.0944 849
0.5738 4674 1462515222.5729 1462515223.1468 866
6.1518 54048 1462515217.1914 1462515223.3432 802
2.1958 109142 1462515221.2275 1462515223.4234 850
6.0166 121818 1462515217.4431 1462515223.4597 805
2.0612 4193 1462515221.5640 1462515223.6252 854
0.9189 6579 1462515222.7409 1462515223.6599 868
2.0477 4712 1462515221.6481 1462515223.6960 855
0.8727 15751 1462515223.0773 1462515223.9500 872
6.5074 24747 1462515217.5270 1462515224.0345 806
0.3719 24018 1462515223.6655 1462515224.0374 879
1.8358 76836 1462515222.2366 1462515224.0725 862
0.9176 351025 1462515223.1613 1462515224.0790 873
6.1828 9668 1462515217.9474 1462515224.1303 811
2.3810 84045 1462515221.9002 1462515224.2813 858
2.2473 190212 1462515222.0683 1462515224.3157 860
2.3978 9415 1462515221.9842 1462515224.3822 859
6.4426 54632 1462515218.1155 1462515224.5582 813
6.3389 12724 1462515218.3676 1462515224.7066 816
0.5464 4782 1462515224.1699 1462515224.7164 885
1.6050 15269 1462515223.4133 1462515225.0184 876
2.4217 8515 1462515222.6569 1462515225.0786 867
2.7226 78733 1462515222.4047 1462515225.1275 864
1.7105 13888 1462515223.4974 1462515225.2079 877
1.6527 8213 1462515223.5814 1462515225.2341 878
0.8523 29015 1462515224.4220 1462515225.2743 888
0.3896 152813 1462515224.9263 1462515225.3160 894
6.8772 4290 1462515218.4516 1462515225.3289 817
0.8420 19698 1462515224.5060 1462515225.3481 889
1.4444 18707 1462515223.9177 1462515225.3622 882
2.4464 71482 1462515222.9932 1462515225.4397 871
5.8240 4621 1462515219.6292 1462515225.4533 831
0.8682 4498 1462515224.6741 1462515225.5424 891
2.5364 104537 1462515223.2453 1462515225.7818 874
0.3949 49781 1462515225.5161 1462515225.9110 901
7.5131 8281 1462515218.6199 1462515226.1331 819
0.4574 346756 1462515225.7689 1462515226.2264 904
1.2317 3918 1462515225.0107 1462515226.2425 895
6.2191 20139 1462515220.0492 1462515226.2684 836
1.1080 167671 1462515225.2629 1462515226.3710 898
2.6464 92104 1462515223.7495 1462515226.3960 880
0.6258 6692 1462515225.8530 1462515226.4789 905
0.6328 38110 1462515226.0212 1462515226.6540 907
2.8920 12930 1462515223.8336 1462515226.7257 881
2.4405 113137 1462515224.3380 1462515226.7785 887
1.3523 53587 1462515225.4318 1462515226.7841 900
5.9104 4014 1462515220.8910 1462515226.8014 846
7.0560 5507 1462515219.8811 1462515226.9372 834
2.1799 5829 1462515224.8422 1462515227.0222 893
2.1445 238716 1462515225.0949 1462515227.2395 896
1.5658 17848 1462515225.6847 1462515227.2506 903
1.7395 8862 1462515225.6002 1462515227.3397 902
0.8692 278230 1462515226.5262 1462515227.3955 913
1.4938 33655 1462515225.9371 1462515227.4310 906
0.8340 9207 1462515226.6102 1462515227.4443 914
5.6695 82759 1462515221.8162 1462515227.4858 857
0.6352 55485 1462515226.9462 1462515227.5815 918
0.7378 110204 1462515227.0303 1462515227.7681 919
1.6908 58044 1462515226.1898 1462515227.8806 909
1.5959 4537 1462515226.3581 1462515227.9540 911
0.4031 5637 1462515227.7026 1462515228.1058 927
1.2963 25460 1462515227.1143 1462515228.4107 920
6.1515 186792 1462515222.3207 1462515228.4723 863
2.1161 158572 1462515226.4422 1462515228.5584 912
0.3834 31562 1462515228.2071 1462515228.5905 933
1.4087 12302 1462515227.3664 1462515228.7751 923
1.5113 38060 1462515227.2824 1462515228.7937 922
6.0532 87691 1462515222.9091 1462515228.9624 870
0.3780 16478 1462515228.6272 1462515229.0052 938
0.6645 7760 1462515228.3750 1462515229.0396 935
6.3392 33467 1462515222.8250 1462515229.1642 869
5.8720 35249 1462515223.3293 1462515229.2013 875
2.0994 8983 1462515227.1984 1462515229.2978 921
1.4491 122516 1462515227.8706 1462515229.3198 929
0.9890 162711 1462515228.5431 1462515229.5322 937
1.3400 22961 1462515228.2910 1462515229.6311 934
2.2837 187910 1462515227.4505 1462515229.7343 924
5.6814 8299 1462515224.0858 1462515229.7674 884
0.5867 4822 1462515229.2156 1462515229.8024 945
1.0681 218412 1462515228.7953 1462515229.8634 940
0.9651 15125 1462515228.9633 1462515229.9285 942
1.5044 143205 1462515228.4591 1462515229.9636 936
1.0302 5495 1462515229.0474 1462515230.0777 943
0.4291 4870 1462515229.8036 1462515230.2328 952
6.2474 4702 1462515224.0018 1462515230.2493 883
5.9987 27269 1462515224.2540 1462515230.2527 886
2.4709 4634 1462515227.7866 1462515230.2575 928
2.3150 34595 1462515227.9547 1462515230.2698 930
2.9372 236829 1462515227.5345 1462515230.4718 925
1.0983 27807 1462515229.3832 1462515230.4816 947
0.9034 28071 1462515229.7196 1462515230.6230 951
1.2139 161353 1462515229.5513 1462515230.7652 949
2.7324 11131 1462515228.0388 1462515230.7713 931
6.2930 5529 1462515224.5900 1462515230.8831 890
5.7049 11867 1462515225.1788 1462515230.8838 897
6.1316 10080 1462515224.7582 1462515230.8899 892
1.1234 8698 1462515229.8876 1462515231.0111 953
1.0554 13597 1462515229.9719 1462515231.0274 954
1.0018 12836 1462515230.0557 1462515231.0576 955
2.4545 67380 1462515228.7112 1462515231.1658 939
5.8341 53068 1462515225.3470 1462515231.1812 899
2.3861 97215 1462515228.8793 1462515231.2655 941
0.4529 181039 1462515230.8970 1462515231.3501 965
2.3247 24478 1462515229.1314 1462515231.4562 944
2.1795 4966 1462515229.2993 1462515231.4789 946
0.4156 20021 1462515231.2324 1462515231.6480 969
1.2874 4469 1462515230.3920 1462515231.6795 959
5.8741 15040 1462515226.1057 1462515231.9799 908
5.7845 4216 1462515226.2740 1462515232.0586 910
0.4413 218631 1462515231.6528 1462515232.0941 974
1.4811 51052 1462515230.6447 1462515232.1259 962
0.3672 9651 1462515231.8209 1462515232.1882 976
1.6473 77759 1462515230.5606 1462515232.2080 961
1.0720 140417 1462515231.3164 1462515232.3885 970
1.7717 18865 1462515230.7288 1462515232.5006 963
5.9034 46418 1462515226.6943 1462515232.5978 915
1.6081 167536 1462515231.4005 1462515233.0087 971
1.5810 4567 1462515231.4846 1462515233.0656 972
0.4746 18081 1462515232.6615 1462515233.1361 986
1.6361 161679 1462515231.5687 1462515233.2049 973
0.5338 293120 1462515232.7456 1462515233.2795 987
1.5489 8822 1462515231.7368 1462515233.2858 975
6.4389 10555 1462515226.8622 1462515233.3011 917
6.5373 12539 1462515226.7782 1462515233.3155 916
5.7616 20786 1462515227.6185 1462515233.3802 926
0.4943 89835 1462515232.9139 1462515233.4082 989
5.3916 8614 1462515228.1229 1462515233.5146 932
0.5422 28648 1462515232.9980 1462515233.5403 990
1.6017 33625 1462515231.9894 1462515233.5912 978
1.5073 6233 1462515232.1574 1462515233.6648 980
0.3786 106110 1462515233.5024 1462515233.8810 996
1.3255 10572 1462515232.5776 1462515233.9031 985
1.8624 15741 1462515232.0734 1462515233.9358 979
1.1358 23790 1462515232.8296 1462515233.9655 988
1.7831 30913 1462515232.2414 1462515234.0246 981
0.6616 184422 1462515233.6705 1462515234.3321 998
0.6624 22963 1462515233.7545 1462515234.4170 999
0.4913 5424 1462515234.0067 1462515234.4981 1002
2.4396 49852 1462515232.3254 1462515234.7652 982
5.2511 14965 1462515229.6353 1462515234.8865 950
0.5725 22313 1462515234.4271 1462515234.9998 1007
0.7565 190471 1462515234.2590 1462515235.0158 1005
1.8228 5399 1462515233.2502 1462515235.0731 993
0.3665 4626 1462515234.7636 1462515235.1301 1011
5.8638 122838 1462515229.4672 1462515235.3311 948
0.8262 9138 1462515234.5954 1462515235.4218 1009
2.0038 15783 1462515233.4183 1462515235.4222 995
1.0026 141441 1462515234.5112 1462515235.5139 1008
0.9066 4884 1462515234.9319 1462515235.8386 1013
2.2875 26157 1462515233.5865 1462515235.8740 997
2.1356 8200 1462515233.8386 1462515235.9743 1000
1.1561 20428 1462515234.8478 1462515236.0040 1012
0.9065 80689 1462515235.1000 1462515236.0066 1015
0.5336 4677 1462515235.6886 1462515236.2223 1022
1.2161 118372 1462515235.0160 1462515236.2322 1014
5.4312 13542 1462515230.8130 1462515236.2443 964
6.0321 14307 1462515230.2239 1462515236.2561 957
5.7974 19833 1462515230.4763 1462515236.2738 960
2.3898 7250 1462515233.9227 1462515236.3125 1001
6.1932 12882 1462515230.1398 1462515236.3331 956
1.7911 6178 1462515234.6795 1462515236.4706 1010
5.6604 6210 1462515230.9808 1462515236.6412 966
1.5291 4633 1462515235.1841 1462515236.7133 1016
0.6356 46588 1462515236.1933 1462515236.8291 1028
0.3913 152889 1462515236.4454 1462515236.8368 1031
0.7198 11719 1462515236.2775 1462515236.9973 1029
1.8884 73512 1462515235.2682 1462515237.1567 1017
0.4925 4555 1462515236.7813 1462515237.2738 1035
1.9345 7788 1462515235.3522 1462515237.2868 1018
2.0104 5376 1462515235.4362 1462515237.4467 1019
1.6652 9675 1462515235.8571 1462515237.5223 1024
6.6199 120119 1462515231.0647 1462515237.6846 967
0.4129 137698 1462515237.3703 1462515237.7833 1042
2.2647 105614 1462515235.5202 1462515237.7850 1020
1.8540 6844 1462515236.0252 1462515237.8793 1026
0.8612 4596 1462515237.0334 1462515237.8947 1038
1.6067 17276 1462515236.3615 1462515237.9682 1030
6.8511 216743 1462515231.1483 1462515237.9995 968
0.6621 4860 1462515237.4544 1462515238.1166 1043
1.8808 101135 1462515236.5294 1462515238.4103 1032
1.3559 27285 1462515237.1175 1462515238.4734 1039
0.3667 30502 1462515238.2114 1462515238.5782 1052
1.9688 203192 1462515236.6972 1462515238.6661 1034
1.4924 177481 1462515237.2016 1462515238.6941 1040
6.8545 4545 1462515231.9053 1462515238.7599 977
1.4188 14215 1462515237.7072 1462515239.1260 1046
2.2498 4396 1462515236.9494 1462515239.1993 1037
1.3260 5969 1462515237.8753 1462515239.2014 1048
0.7794 131800 1462515238.7176 1462515239.4970 1058
1.2163 132932 1462515238.2972 1462515239.5136 1053
7.0714 23244 1462515232.4935 1462515239.5650 984
7.1869 7024 1462515232.4095 1462515239.5965 983
0.9242 107276 1462515238.8017 1462515239.7259 1059
6.4529 5082 1462515233.3342 1462515239.7872 994
6.7206 108502 1462515233.0821 1462515239.8028 991
0.8268 6613 1462515239.0543 1462515239.8812 1062
0.6989 38022 1462515239.3064 1462515240.0054 1065
0.3600 17698 1462515239.7270 1462515240.0871 1070
1.0409 70935 1462515239.1383 1462515240.1793 1063
2.7277 298959 1462515237.5384 1462515240.2663 1044
7.3185 231302 1462515233.1662 1462515240.4849 992
1.2959 13519 1462515239.2224 1462515240.5183 1064
0.3765 4962 1462515240.1473 1462515240.5239 1075
2.6551 112206 1462515238.1275 1462515240.7827 1051
6.5128 115634 1462515234.3431 1462515240.8560 1006
0.6598 4020 1462515240.2314 1462515240.8912 1076
1.0310 89621 1462515239.8951 1462515240.9262 1072
3.3535 6284 1462515237.6230 1462515240.9765 1045
2.6755 11494 1462515238.3814 1462515241.0569 1054
6.9826 4347 1462515234.0908 1462515241.0735 1003
3.1345 272430 1462515237.9594 1462515241.0940 1049
2.6342 38787 1462515238.4656 1462515241.0999 1055
0.9275 16631 1462515240.3155 1462515241.2431 1077
0.7638 11148 1462515240.4836 1462515241.2476 1079
2.3379 5284 1462515238.9703 1462515241.3083 1061
1.3099 27225 1462515240.0633 1462515241.3733 1074
2.1056 27012 1462515239.3906 1462515241.4963 1066
1.6105 14161 1462515239.9792 1462515241.5898 1073
1.1308 169605 1462515240.5680 1462515241.6989 1080
0.8439 156437 1462515240.9042 1462515241.7483 1084
7.5840 4107 1462515234.1749 1462515241.7590 1004
1.4768 11519 1462515240.3995 1462515241.8764 1078
0.3704 12863 1462515241.5770 1462515241.9474 1092
0.3663 19653 1462515241.7451 1462515242.1115 1094
6.5680 10827 1462515235.6044 1462515242.1725 1021
1.4451 19152 1462515240.7361 1462515242.1813 1082
6.2944 11485 1462515235.9411 1462515242.2356 1025
6.4639 30021 1462515235.7729 1462515242.2369 1023
1.4571 9786 1462515240.8202 1462515242.2773 1083
1.7924 458208 1462515240.6520 1462515242.4446 1081
0.3749 5545 1462515242.0814 1462515242.4564 1098
6.3920 5204 1462515236.1093 1462515242.5013 1027
1.5836 128505 1462515241.0724 1462515242.6560 1086
1.5127 12933 1462515241.1564 1462515242.6692 1087
1.5111 21410 1462515241.3247 1462515242.8359 1089
1.5187 376034 1462515241.4930 1462515243.0117 1091
1.6419 5798 1462515241.4088 1462515243.0508 1090
0.6495 18930 1462515242.5020 1462515243.1516 1103
0.6193 12239 1462515242.5860 1462515243.2053 1104
6.6022 11950 1462515236.6133 1462515243.2156 1033
0.6379 4366 1462515242.6701 1462515243.3081 1105
0.8016 21598 1462515242.7542 1462515243.5559 1106
6.7383 25604 1462515236.8653 1462515243.6038 1036
2.0545 4715 1462515241.6611 1462515243.7157 1093
0.8869 119998 1462515242.8383 1462515243.7253 1107
0.8151 149280 1462515242.9223 1462515243.7374 1108
2.1230 151247 1462515241.8292 1462515243.9523 1095
2.0438 13813 1462515241.9974 1462515244.0412 1097
0.8768 22388 1462515243.1744 1462515244.0513 1111
0.4135 227912 1462515243.6787 1462515244.0924 1117
6.8109 5059 1462515237.2859 1462515244.0969 1041
0.3641 4011 1462515243.7629 1462515244.1271 1118
0.9557 20016 1462515243.4266 1462515244.3823 1114
2.1439 6259 1462515242.3339 1462515244.4779 1101
1.6016 116585 1462515243.0904 1462515244.6921 1110
1.5448 74506 1462515243.3425 1462515244.8874 1113
1.4362 223133 1462515243.5947 1462515245.0310 1116
0.8703 215525 1462515244.2674 1462515245.1378 1124
0.3744 10851 1462515244.7716 1462515245.1461 1130
1.0247 11529 1462515244.3514 1462515245.3762 1125
0.9470 110938 1462515244.4355 1462515245.3826 1126
1.5125 9584 1462515243.9311 1462515245.4436 1120
7.7300 13662 1462515237.7913 1462515245.5214 1047
6.9938 21350 1462515238.5496 1462515245.5434 1056
1.6029 13300 1462515244.0152 1462515245.6181 1121
1.7277 4344 1462515244.0992 1462515245.8270 1122
1.0330 18598 1462515244.8557 1462515245.8889 1131
7.9233 13998 1462515238.0434 1462515245.9668 1050
1.8096 124231 1462515244.1832 1462515245.9930 1123
1.1156 22546 1462515244.9399 1462515246.0555 1132
0.7095 4610 1462515245.3602 1462515246.0698 1137
7.4797 9892 1462515238.6335 1462515246.1133 1057
1.1412 14101 1462515245.0241 1462515246.1654 1133
6.4449 5420 1462515239.8111 1462515246.2561 1071
0.3906 6500 1462515245.9485 1462515246.3393 1144
0.6778 28815 1462515245.7805 1462515246.4584 1142
1.5014 9157 1462515245.1081 1462515246.6096 1134
7.0793 4533 1462515239.5588 1462515246.6381 1068
7.8006 5732 1462515238.8857 1462515246.6864 1060
1.5058 4942 1462515245.1922 1462515246.6980 1135
1.4494 22518 1462515245.2762 1462515246.7257 1136
0.4607 4070 1462515246.2849 1462515246.7457 1148
7.3282 202939 1462515239.4747 1462515246.8030 1067
1.2849 108139 1462515245.5283 1462515246.8132 1139
1.2964 101190 1462515245.6124 1462515246.9090 1140
0.7900 21499 1462515246.2008 1462515246.9909 1147
7.3870 21250 1462515239.6429 1462515247.0300 1069
0.3939 46281 1462515246.7072 1462515247.1013 1153
1.2801 18840 1462515245.8645 1462515247.1446 1143
0.4260 89490 1462515247.0435 1462515247.4696 1157
0.7399 142995 1462515246.8754 1462515247.6153 1155
1.5476 17447 1462515246.3690 1462515247.9167 1149
0.9695 151005 1462515247.1276 1462515248.0972 1158
0.4174 127878 1462515247.8003 1462515248.2178 1166
0.9286 7246 1462515247.3798 1462515248.3085 1161
0.8487 164539 1462515247.6321 1462515248.4809 1164
2.0032 7003 1462515246.6232 1462515248.6265 1152
7.4434 29059 1462515241.2405 1462515248.6840 1088
0.7446 125988 1462515248.3054 1462515249.0501 1172
0.3750 38511 1462515248.7258 1462515249.1009 1177
1.9572 16297 1462515247.2116 1462515249.1689 1159
0.8038 32230 1462515248.4736 1462515249.2775 1174
1.9873 18894 1462515247.2957 1462515249.2831 1160
8.3447 5172 1462515240.9883 1462515249.3330 1085
0.9539 113988 1462515248.3894 1462515249.3434 1173
7.2617 20893 1462515242.2497 1462515249.5115 1100
7.1459 9826 1462515242.4179 1462515249.5639 1102
1.0354 8118 1462515248.5576 1462515249.5931 1175
7.4730 78010 1462515242.1655 1462515249.6385 1099
1.0915 246817 1462515248.6417 1462515249.7332 1176
3.1346 35016 1462515246.7913 1462515249.9260 1154
1.1808 4512 1462515248.8100 1462515249.9909 1178
8.1782 116460 1462515241.9133 1462515250.0916 1096
2.4175 151961 1462515247.7162 1462515250.1338 1165
2.6938 13249 1462515247.4640 1462515250.1578 1162
7.0046 70605 1462515243.2585 1462515250.2632 1112
1.2535 24440 1462515249.0627 1462515250.3164 1181
1.2653 201523 1462515249.1468 1462515250.4123 1182
1.2368 10405 1462515249.2310 1462515250.4679 1183
7.4627 13142 1462515243.0063 1462515250.4691 1109
7.0447 18524 1462515243.5106 1462515250.5554 1115
1.4619 4496 1462515249.3151 1462515250.7770 1184
6.9406 8268 1462515243.8470 1462515250.7877 1119
3.1091 144419 1462515247.8848 1462515250.9940 1167
1.3661 55603 1462515249.7352 1462515251.1014 1189
1.3088 6710 1462515249.8193 1462515251.1281 1190
1.3429 10014 1462515249.9033 1462515251.2463 1191
1.3513 5701 1462515250.0714 1462515251.4227 1193
3.5071 5294 1462515248.0530 1462515251.5602 1169
0.7574 39704 1462515250.8287 1462515251.5862 1202
0.6060 133214 1462515251.0814 1462515251.6874 1205
1.6114 11155 1462515250.1554 1462515251.7669 1194
3.5597 21820 1462515248.2212 1462515251.7810 1171
7.2885 33261 1462515244.5196 1462515251.8082 1127
3.7027 119662 1462515248.1371 1462515251.8399 1170
1.6891 96921 1462515250.4078 1462515252.0970 1197
0.8468 8359 1462515251.3334 1462515252.1803 1208
0.4279 5800 1462515251.7536 1462515252.1816 1213
0.7789 206322 1462515251.4174 1462515252.1964 1209
1.6301 15771 1462515250.5760 1462515252.2061 1199
1.3880 4848 1462515251.1654 1462515252.5535 1206
1.4500 25645 1462515251.2494 1462515252.6994 1207
0.7269 12041 1462515252.0057 1462515252.7327 1216
0.7044 31542 1462515252.2573 1462515252.9618 1219
8.5704 10651 1462515244.6034 1462515253.1739 1128
7.8148 7579 1462515245.4442 1462515253.2592 1138
0.5836 5485 1462515252.6771 1462515253.2607 1224
3.8840 71087 1462515249.3990 1462515253.2831 1185
4.3228 119876 1462515248.9786 1462515253.3015 1180
1.3278 31387 1462515252.0897 1462515253.4175 1217
0.4772 4739 1462515253.0151 1462515253.4923 1228
3.9602 82693 1462515249.5671 1462515253.5274 1187
7.4742 6211 1462515246.1167 1462515253.5910 1146
8.9138 107254 1462515244.6875 1462515253.6014 1129
7.9082 29561 1462515245.6965 1462515253.6048 1141
7.5752 12539 1462515246.0326 1462515253.6078 1145
7.0695 14509 1462515246.5392 1462515253.6087 1151
1.1426 29395 1462515252.5089 1462515253.6516 1222
0.4705 5020 1462515253.2673 1462515253.7378 1231
4.4086 28322 1462515249.4831 1462515253.8919 1186
1.1501 18102 1462515252.7612 1462515253.9113 1225
1.0690 6970 1462515252.8467 1462515253.9158 1226
0.3709 4269 1462515253.7715 1462515254.1424 1237
1.3378 91373 1462515253.0992 1462515254.4371 1229
0.3752 72567 1462515254.1078 1462515254.4831 1241
1.3974 10095 1462515253.1832 1462515254.5807 1230
7.7123 25469 1462515246.9594 1462515254.6718 1156
4.7394 6714 1462515249.9874 1462515254.7268 1192
6.8718 51006 1462515247.9689 1462515254.8408 1168
1.5406 4520 1462515253.3513 1462515254.8920 1232
5.3246 21435 1462515249.6512 1462515254.9759 1188
7.4520 18847 1462515247.5480 1462515255.0001 1163
0.7639 38408 1462515254.2758 1462515255.0398 1243
8.6733 200593 1462515246.4530 1462515255.1263 1150
1.7339 71435 1462515253.5194 1462515255.2533 1234
0.9912 141459 1462515254.3604 1462515255.3516 1244
6.4593 7123 1462515248.8941 1462515255.3535 1179
0.3572 11436 1462515255.2011 1462515255.5583 1254
5.3387 13734 1462515250.2395 1462515255.5783 1195
1.0372 33247 1462515254.6125 1462515255.6498 1247
5.0082 97730 1462515250.6601 1462515255.6683 1200
4.1255 72105 1462515251.6696 1462515255.7952 1212
2.2418 19602 1462515253.6034 1462515255.8452 1235
1.1741 12737 1462515254.7806 1462515255.9548 1249
0.5345 9887 1462515255.6211 1462515256.1557 1259
5.8484 88083 1462515250.3236 1462515256.1721 1196
0.8386 10456 1462515255.3690 1462515256.2077 1256
5.5562 23432 1462515250.7442 1462515256.3005 1201
0.5567 5063 1462515255.7892 1462515256.3460 1261
5.9172 13615 1462515250.4919 1462515256.4092 1198
2.7402 14083 1462515253.6874 1462515256.4277 1236
5.4841 120608 1462515250.9972 1462515256.4814 1204
4.6872 54365 1462515251.8377 1462515256.5250 1214
5.6182 36062 1462515250.9131 1462515256.5314 1203
0.6148 10654 1462515255.9572 1462515256.5721 1263
2.8697 21268 1462515253.8555 1462515256.7253 1238
0.5445 79743 1462515256.2936 1462515256.8381 1267
3.2932 9905 1462515254.0237 1462515257.3170 1240
0.3724 4080 1462515256.9662 1462515257.3386 1275
5.4246 30433 1462515251.9217 1462515257.3463 1215
5.0114 36373 1462515252.3413 1462515257.3527 1220
3.1281 7545 1462515254.5285 1462515257.6566 1246
0.3940 22821 1462515257.3026 1462515257.6966 1279
4.9397 25283 1462515252.9310 1462515257.8707 1227
6.3248 145202 1462515251.5854 1462515257.9103 1211
6.4145 5411 1462515251.5014 1462515257.9160 1210
5.7481 142278 1462515252.1735 1462515257.9216 1218
4.7310 106991 1462515253.4353 1462515258.1664 1233
5.6602 229301 1462515252.5930 1462515258.2533 1223
0.6216 109306 1462515257.7231 1462515258.3447 1284
6.0513 169277 1462515252.4250 1462515258.4767 1221
4.4189 141897 1462515254.1917 1462515258.6106 1242
0.3608 48001 1462515258.3957 1462515258.7566 1292
3.8644 6825 1462515254.9488 1462515258.8133 1251
4.1595 68230 1462515254.6966 1462515258.8561 1248
0.9768 4371 1462515257.8912 1462515258.8681 1286
4.1885 64649 1462515254.8646 1462515259.0532 1250
0.9595 5458 1462515258.1434 1462515259.1030 1289
4.7100 207348 1462515254.4444 1462515259.1545 1245
3.5305 48925 1462515255.7051 1462515259.2356 1260
1.0476 12513 1462515258.2275 1462515259.2751 1290
5.3763 841686 1462515253.9396 1462515259.3160 1239
0.6048 34475 1462515258.8164 1462515259.4213 1297
0.6298 7916 1462515258.9004 1462515259.5303 1298
4.4174 4256 1462515255.1170 1462515259.5344 1253
3.6045 112618 1462515256.0412 1462515259.6459 1264
3.2993 13180 1462515256.3776 1462515259.6769 1268
0.6583 7448 1462515259.0685 1462515259.7269 1300
3.7081 126139 1462515256.1254 1462515259.8336 1265
3.2067 4243 1462515256.7140 1462515259.9208 1272
0.3844 144553 1462515259.5728 1462515259.9573 1306
4.9503 261937 1462515255.0329 1462515259.9832 1252
0.6788 110133 1462515259.3207 1462515259.9995 1303
4.7766 123411 1462515255.2852 1462515260.0619 1255
3.5982 35492 1462515256.5458 1462515260.1440 1270
3.1876 23251 1462515257.1344 1462515260.3220 1277
0.5238 26559 1462515259.8250 1462515260.3489 1309
3.3612 38587 1462515257.0503 1462515260.4115 1276
0.3755 4387 1462515260.0771 1462515260.4526 1312
5.1381 47960 1462515255.4530 1462515260.5912 1257
5.1375 105443 1462515255.5371 1462515260.6746 1258
4.8924 113474 1462515255.8732 1462515260.7657 1262
0.8137 4962 1462515260.1611 1462515260.9750 1313
3.8046 185192 1462515257.2184 1462515261.0231 1278
0.8177 17957 1462515260.3292 1462515261.1470 1315
0.6905 13642 1462515260.4973 1462515261.1878 1317
2.7145 91323 1462515258.4797 1462515261.1943 1293
5.0677 15441 1462515256.2095 1462515261.2773 1266
0.6670 23847 1462515260.6654 1462515261.3324 1319
4.7284 8589 1462515256.6299 1462515261.3584 1271
2.7791 113277 1462515258.7324 1462515261.5115 1296
5.0518 31521 1462515256.4617 1462515261.5136 1269
0.9495 12556 1462515260.5813 1462515261.5309 1318
4.0516 14785 1462515257.5547 1462515261.6065 1282
5.0208 4636 1462515256.8821 1462515261.9029 1274
5.2034 143182 1462515256.7980 1462515262.0015 1273
0.3666 8732 1462515261.6762 1462515262.0428 1331
4.7578 6766 1462515257.3866 1462515262.1445 1280
1.2582 9444 1462515260.9176 1462515262.1758 1322
2.8793 22526 1462515259.4888 1462515262.3682 1305
1.4660 13378 1462515261.0875 1462515262.5536 1324
2.9665 5704 1462515259.6569 1462515262.6235 1307
4.7159 7821 1462515257.9752 1462515262.6912 1287
5.0543 14539 1462515257.6389 1462515262.6933 1283
4.9023 141678 1462515257.8071 1462515262.7095 1285
5.3022 27796 1462515257.4707 1462515262.7730 1281
1.5312 11360 1462515261.2558 1462515262.7870 1326
4.9036 99424 1462515258.0593 1462515262.9630 1288
0.4794 6372 1462515262.5189 1462515262.9984 1341
4.8458 94210 1462515258.3116 1462515263.1575 1291
1.4656 15392 1462515261.7602 1462515263.2259 1332
3.3193 18695 1462515259.9092 1462515263.2285 1310
3.0947 39568 1462515260.2452 1462515263.3400 1314
0.6553 161584 1462515262.7712 1462515263.4266 1344
3.4842 102122 1462515259.9930 1462515263.4773 1311
4.6120 129008 1462515258.9845 1462515263.5965 1299
0.5991 28332 1462515263.0232 1462515263.6223 1347
1.7565 10498 1462515262.0124 1462515263.7690 1335
4.6405 123148 1462515259.1526 1462515263.7931 1301
4.6511 5228 1462515259.2366 1462515263.8878 1302
5.2491 8974 1462515258.6482 1462515263.8974 1295
2.9332 21879 1462515261.0031 1462515263.9363 1323
1.9399 38331 1462515262.0964 1462515264.0364 1336
3.6643 22943 1462515260.4133 1462515264.0776 1316
1.6589 4657 1462515262.4348 1462515264.0937 1340
4.7283 41776 1462515259.4047 1462515264.1331 1304
3.0176 143667 1462515261.1717 1462515264.1893 1325
4.4863 28791 1462515259.7410 1462515264.2273 1308
0.4591 4823 1462515263.7796 1462515264.2387 1356
0.4802 27789 1462515264.0317 1462515264.5120 1359
5.9821 545746 1462515258.5640 1462515264.5462 1294
3.2429 8125 1462515261.3398 1462515264.5828 1327
3.8628 12850 1462515260.8335 1462515264.6964 1321
2.8781 73123 1462515261.9283 1462515264.8065 1334
4.1807 340434 1462515260.7495 1462515264.9302 1320
1.8069 77469 1462515263.1912 1462515264.9982 1349
3.5703 16917 1462515261.5080 1462515265.0784 1329
3.7782 4113 1462515261.4240 1462515265.2022 1328
2.8859 8241 1462515262.3507 1462515265.2366 1339
3.6563 29560 1462515261.5921 1462515265.2485 1330
1.8926 29804 1462515263.3593 1462515265.2520 1351
2.5040 4806 1462515262.9391 1462515265.4432 1346
3.7659 66629 1462515261.8443 1462515265.6102 1333
0.3674 13074 1462515265.2932 1462515265.6607 1374
2.0661 4202 1462515263.6115 1462515265.6776 1354
3.2156 11386 1462515262.6030 1462515265.8187 1342
3.2900 6463 1462515262.6871 1462515265.9772 1343
3.7251 4001 1462515262.2665 1462515265.9917 1338
2.4311 103241 1462515263.6955 1462515266.1267 1355
3.1001 7802 1462515263.1071 1462515266.2073 1348
2.3549 94217 1462515263.8636 1462515266.2186 1357
4.0492 591348 1462515262.1804 1462515266.2297 1337
3.5300 25124 1462515262.8549 1462515266.3850 1345
0.5137 4507 1462515265.9656 1462515266.4793 1382
1.6135 5434 1462515264.8722 1462515266.4858 1369
2.4181 155483 1462515264.2000 1462515266.6182 1361
2.3376 46317 1462515264.2838 1462515266.6214 1362
2.2654 9858 1462515264.4520 1462515266.7175 1364
0.5028 16514 1462515266.2177 1462515266.7206 1385
1.8632 129781 1462515264.9562 1462515266.8195 1370
2.8813 19537 1462515263.9477 1462515266.8290 1358
3.5578 74821 1462515263.2752 1462515266.8331 1350
2.8972 5314 1462515264.1158 1462515267.0131 1360
3.4943 5172 1462515263.5274 1462515267.0218 1353
0.4133 5900 1462515266.6379 1462515267.0513 1390
3.6741 37196 1462515263.4434 1462515267.1175 1352
1.6022 7373 1462515265.6293 1462515267.2315 1378
1.6407 16481 1462515265.7975 1462515267.4383 1380
2.0735 51387 1462515265.3772 1462515267.4508 1375
2.0010 26691 1462515265.4613 1462515267.4623 1376
0.3702 6797 1462515267.1423 1462515267.5125 1396
1.5883 76468 1462515266.0496 1462515267.6380 1383
0.9047 9881 1462515266.8061 1462515267.7109 1392
3.0605 31389 1462515264.7041 1462515267.7647 1367
3.1797 122676 1462515264.6201 1462515267.7999 1366
2.7760 12385 1462515265.0402 1462515267.8163 1371
2.2967 196251 1462515265.5453 1462515267.8421 1377
0.3853 60024 1462515267.4786 1462515267.8640 1400
1.8009 11290 1462515266.5538 1462515268.3549 1389
0.3743 8892 1462515268.0678 1462515268.4423 1407
4.1423 31224 1462515264.3679 1462515268.5102 1363
0.3891 171202 1462515268.1517 1462515268.5409 1408
2.8808 120775 1462515265.7134 1462515268.5943 1379
1.7752 17822 1462515266.8902 1462515268.6655 1393
1.7056 16566 1462515267.0583 1462515268.7639 1395
4.3262 13352 1462515264.5361 1462515268.8623 1365
1.6519 100274 1462515267.2263 1462515268.8783 1397
0.7596 5386 1462515268.3204 1462515269.0801 1410
4.3031 113750 1462515264.7882 1462515269.0914 1368
0.6077 200170 1462515268.4886 1462515269.0964 1412
2.7870 12245 1462515266.3855 1462515269.1726 1387
2.9122 4433 1462515266.3016 1462515269.2139 1386
4.1641 16934 1462515265.2089 1462515269.3731 1373
2.6835 16466 1462515266.7221 1462515269.4057 1391
0.9470 130796 1462515268.6567 1462515269.6038 1414
0.3839 33463 1462515269.3292 1462515269.7132 1422
0.6423 86326 1462515269.0770 1462515269.7193 1419
1.0238 282226 1462515268.7409 1462515269.7648 1415
4.6555 5702 1462515265.1246 1462515269.7802 1372
0.6406 5405 1462515269.1611 1462515269.8017 1420
1.1019 80838 1462515268.9091 1462515270.0112 1417
3.2502 139379 1462515266.9742 1462515270.2245 1394
4.3470 6496 1462515265.8815 1462515270.2285 1381
4.1819 11879 1462515266.1336 1462515270.3156 1384
2.7622 71371 1462515267.7314 1462515270.4937 1403
2.6977 19053 1462515267.8996 1462515270.5974 1405
1.9734 11843 1462515268.9930 1462515270.9666 1418
1.4135 5427 1462515269.5812 1462515270.9948 1425
4.5261 87388 1462515266.4697 1462515270.9959 1388
1.5976 5065 1462515269.4132 1462515271.0109 1423
2.8507 140647 1462515268.2359 1462515271.0868 1409
2.5899 184570 1462515268.8250 1462515271.4150 1416
2.2473 5709 1462515269.2451 1462515271.4925 1421
2.0590 147723 1462515269.4972 1462515271.5563 1424
1.9254 9773 1462515269.6656 1462515271.5911 1426
4.4104 4337 1462515267.3945 1462515271.8050 1399
4.1810 26297 1462515267.6473 1462515271.8284 1402
4.2681 10556 1462515267.5632 1462515271.8313 1401
4.5633 211008 1462515267.3104 1462515271.8738 1398
4.2113 29358 1462515267.8155 1462515272.0269 1404
4.2144 9537 1462515267.9837 1462515272.1983 1406
3.8520 20600 1462515268.4045 1462515272.2566 1411
3.7435 4608 1462515268.5727 1462515272.3162 1413
2.5883 18231 1462515269.7499 1462515272.3382 1427
