0.061908006668091
0.24498987197876
0.12606906890869
0.097494840621948
0.092522144317627
0.04849100112915
0.079486131668091
0.10236215591431
0.052279949188232
0.15830183029175
0.2037341594696
0.11722588539124
0.053922891616821
0.081360101699829
0.053989887237549
0.048679113388062
0.14751505851746
0.085629224777222
0.10712003707886
0.12969374656677
0.032683134078979
0.078291893005371
0.10068917274475
0.19365882873535
0.061882019042969
0.15057301521301
0.060025930404663
0.11767506599426
0.065647125244141
0.025002002716064
0.055733919143677
0.18015289306641
0.044881820678711
0.0089972019195557
0.04124903678894
0.033583164215088
0.029030084609985
0.024220943450928
0.011520862579346
0.0064351558685303
0.0091879367828369
0.008882999420166
0.031702995300293
0.01844310760498
0.047309875488281
0.050117015838623
0.034133911132812
0.079167127609253
0.062105894088745
0.042112827301025
0.049328088760376
0.016206026077271
0.052122354507446
0.021769046783447
0.014928102493286
0.024269819259644
0.0062062740325928
0.00518798828125
0.020315170288086
0.0094330310821533
0.032196760177612
0.0063269138336182
0.010763168334961
0.0240318775177
0.022686958312988
0.039840936660767
0.045789957046509
0.06231689453125
0.066642999649048
0.037194728851318
0.034014225006104
0.037358999252319
0.024410009384155
0.030045986175537
0.014425039291382
0.034724235534668
0.012444019317627
0.0051651000976562
0.013682842254639
0.012957096099854
0.025486707687378
0.024868011474609
0.020105838775635
0.005450963973999
0.0053870677947998
0.033869028091431
0.088728666305542
0.025815963745117
0.0047750473022461
0.026143074035645
0.0089521408081055
0.029391050338745
0.04879903793335
0.028880834579468
0.053653717041016
0.028311967849731
0.048722982406616
0.038907051086426
0.077785968780518
0.065254926681519
0.037039041519165
0.040345907211304
0.034034013748169
0.051347017288208
0.028841018676758
0.029775381088257
0.074170112609863
0.059728860855103
0.034048795700073
0.060219049453735
0.053557872772217
0.072853803634644
0.14968514442444
0.085613965988159
0.059606075286865
0.048956871032715
0.039151191711426
0.41973114013672
0.093528270721436
0.060597896575928
0.059327840805054
0.075413227081299
0.034114837646484
0.048325061798096
0.12555003166199
0.17414832115173
0.086097002029419
0.069811820983887
0.092586040496826
0.055561065673828
0.050314903259277
0.04535984992981
0.064633131027222
0.14938712120056
0.023574352264404
0.066701889038086
0.05289101600647
0.021024942398071
0.014368772506714
0.13133931159973
0.13474893569946
0.048991918563843
0.072100877761841
0.061327934265137
0.044717311859131
0.057444095611572
0.13371109962463
0.065765142440796
0.081636190414429
0.091415166854858
0.10223984718323
0.10046982765198
0.13397407531738
0.17396783828735
0.07020092010498
0.076318025588989
0.02946400642395
0.069932222366333
0.063453197479248
0.094609975814819
0.052958965301514
0.049107074737549
0.11899518966675
0.089275121688843
0.063001871109009
0.10579013824463
0.11882019042969
0.041851997375488
0.028540849685669
0.048591136932373
0.034197807312012
0.018542051315308
0.031107902526855
0.028531074523926
0.017932891845703
0.078772068023682
0.037769079208374
0.032569885253906
0.014489889144897
0.007882833480835
0.012810945510864
0.028190135955811
0.028980016708374
0.027491807937622
0.028460025787354
0.020796060562134
0.0065302848815918
0.01144003868103
0.0053422451019287
0.012566804885864
0.05864691734314
0.035784959793091
0.025828838348389
0.090534210205078
0.023102760314941
0.050096988677979
0.029064893722534
0.049066066741943
0.026931047439575
0.046838998794556
