0.0059208869934082
0.013339042663574
0.0057549476623535
0.0053331851959229
0.0052249431610107
0.0054268836975098
0.0055508613586426
0.0046250820159912
0.0059139728546143
0.0051920413970947
0.0092158317565918
0.0058150291442871
0.012799978256226
0.0047688484191895
0.0065939426422119
0.007159948348999
0.0059061050415039
0.006580114364624
0.005403995513916
0.0074119567871094
0.0053339004516602
0.030335187911987
0.0058960914611816
0.011203050613403
0.030573129653931
0.017794132232666
0.019450902938843
0.032755136489868
0.0051407814025879
0.021756887435913
0.025905847549438
0.0063741207122803
0.021087169647217
0.0081820487976074
0.0053701400756836
0.005338191986084
0.0058829784393311
0.005601167678833
0.0053400993347168
0.0057539939880371
0.0084779262542725
0.0054981708526611
0.0060391426086426
0.0054779052734375
0.0053000450134277
0.0051288604736328
0.01565408706665
0.0095551013946533
0.027972936630249
0.018967151641846
0.0056531429290771
0.0055789947509766
0.0094830989837646
0.0069990158081055
0.0064969062805176
0.0053489208221436
0.0054411888122559
0.023066997528076
0.01462197303772
0.020519971847534
0.01681113243103
0.020012855529785
0.013481855392456
0.012394189834595
0.018261909484863
0.0088498592376709
0.006511926651001
0.0052859783172607
0.016307830810547
0.0055069923400879
0.0063960552215576
0.0057599544525146
0.0056178569793701
0.0049037933349609
0.0051620006561279
0.0057618618011475
0.00541090965271
0.0054471492767334
0.0066947937011719
0.0083081722259521
0.0061140060424805
0.0075480937957764
0.0051629543304443
0.0051290988922119
0.0098340511322021
0.0055749416351318
0.0058591365814209
0.0050110816955566
0.0080201625823975
0.006019115447998
0.0087361335754395
0.0053069591522217
0.0072550773620605
0.006443977355957
0.0069749355316162
0.006350040435791
0.0056440830230713
0.0053989887237549
0.005295991897583
0.010411977767944
0.015129089355469
0.0053839683532715
0.0053150653839111
0.0057179927825928
0.0077989101409912
0.0056638717651367
0.0058329105377197
0.005457878112793
0.0056681632995605
0.010010957717896
0.0057458877563477
0.0059089660644531
0.0057098865509033
0.0064208507537842
0.0056860446929932
0.0055041313171387
0.0055789947509766
0.0075588226318359
0.0050139427185059
0.0058090686798096
0.0063719749450684
0.0063159465789795
0.012975931167603
0.016961097717285
0.0057680606842041
0.0060698986053467
0.0059690475463867
0.0053730010986328
0.0066828727722168
0.02161693572998
0.0059020519256592
0.0054340362548828
0.024826049804688
0.0053849220275879
0.015268087387085
0.0048060417175293
0.0058200359344482
0.0057361125946045
0.0056400299072266
0.0083780288696289
0.012185096740723
0.008152961730957
0.0062880516052246
0.0061459541320801
0.0061450004577637
0.01662802696228
0.0053319931030273
0.0050749778747559
0.0065779685974121
0.006727933883667
0.0063209533691406
0.0055961608886719
0.014019966125488
0.01137113571167
0.013969898223877
0.0056469440460205
0.0063228607177734
0.0056078433990479
0.005363941192627
0.0052239894866943
0.0055840015411377
0.0057470798492432
0.0057311058044434
0.0053019523620605
0.0049879550933838
0.013426780700684
0.0050709247589111
0.0058679580688477
0.0054721832275391
0.0060551166534424
0.0059521198272705
0.0093891620635986
0.0057680606842041
0.007544994354248
0.0056769847869873
0.0061249732971191
0.0050499439239502
0.0059680938720703
0.0054199695587158
0.0055739879608154
0.0058372020721436
0.0053460597991943
0.0054841041564941
0.0053780078887939
0.014362096786499
0.005558967590332
0.035399913787842
0.0055050849914551
0.0057201385498047
0.01670503616333
0.012253046035767
0.0078370571136475
0.022154092788696
0.034943103790283
0.005101203918457
0.0078771114349365
0.00559401512146
0.0066320896148682
0.010003089904785
0.0058600902557373
