
0.4670250415802
0.36748385429382
1.4600970745087
1.8649470806122
1.9543068408966
1.9747500419617
2.2004761695862
2.3806488513947
1.6827819347382
1.3925809860229
1.4393827915192
1.0163631439209
1.1370141506195
1.981673002243
2.2975859642029
2.3660399913788
2.8083729743958
3.0303769111633
3.0554859638214
2.9363038539886
3.0183169841766
3.3442521095276
3.5101809501648
3.8458387851715
3.7640900611877
4.1679749488831
3.8763601779938
4.6925790309906
4.7678799629211
3.9920330047607
4.2099630832672
4.441027879715
5.1491839885712
4.8703818321228
4.6770040988922
4.2251670360565
7.769670009613
6.4201440811157
6.0467460155487
8.2158370018005
7.5256447792053
6.1781878471375
5.4340059757233
4.6576879024506
5.7165648937225
7.5549790859222
3.5271317958832
3.3014261722565
2.9985029697418
3.1100351810455
3.2321910858154
3.130597114563
2.921117067337
2.8691000938416
2.3262829780579
2.3113899230957
0.89911508560181
1.0079457759857
2.189071893692
1.34419298172
1.9202778339386
2.6942999362946
2.1185410022736
2.4407830238342
2.4524929523468
2.2662799358368
2.2487418651581
2.1265180110931
1.9472320079803
1.685506105423
1.2494490146637
0.92829203605652
0.62982583045959
0.42786693572998
0.92759299278259
1.0024089813232
0.35561585426331
0.48370099067688
0.51238203048706
0.54989576339722
0.60385012626648
0.40219306945801
0.37868595123291
0.53919887542725
0.76035809516907
1.1327309608459
1.3132638931274
1.5864820480347
1.7302300930023
1.804251909256
1.9575879573822
2.1561539173126
2.2341101169586
2.4862811565399
2.5438239574432
2.9140841960907
2.6538128852844
2.9895458221436
2.988429069519
2.7259919643402
2.3316969871521
2.9850389957428
2.2727911472321
2.0996429920197
2.0678541660309
1.7908320426941
1.4150159358978
1.0508329868317
0.92365694046021
1.2648568153381
1.7029910087585
2.0521409511566
2.0504701137543
2.3236031532288
2.3245570659637
2.6005280017853
2.8986940383911
3.1795969009399
2.7212929725647
2.972128868103
3.5165021419525
3.1383881568909
3.636116027832
3.2236440181732
2.9772181510925
3.3516809940338
2.8592441082001
3.3010489940643
3.0985989570618
2.7364580631256
3.236564874649
3.3436369895935
3.1931321620941
2.8665680885315
3.4308190345764
2.7066171169281
3.3502779006958
2.8601229190826
2.7110590934753
3.1042261123657
3.3092529773712
3.4777851104736
3.5981950759888
3.8395972251892
4.012393951416
3.8306331634521
4.7413010597229
4.8648619651794
4.5049540996552
4.9366729259491
5.6272368431091
5.6342060565948
5.683856010437
5.521744966507
5.817008972168
5.8130149841309
6.8696839809418
6.4666659832001
6.0208818912506
6.3657159805298
6.3567028045654
6.6998279094696
7.0125591754913
7.0309610366821
7.0283019542694
6.8502478599548
7.965989112854
7.7693419456482
8.2137169837952
8.533233165741
9.352411031723
8.3217890262604
9.5910041332245
9.2104520797729
11.041741132736
10.436977148056
9.8493931293488
11.025882005692
9.5698819160461
9.7541830539703
10.441634893417
11.623663902283
10.565489053726
10.173327207565
11.789665937424
9.921089887619
11.673563957214
10.29993891716
11.498564958572
10.985357046127
11.683690071106
11.963352918625
12.03734087944
11.83628320694
14.857064962387
15.222571849823
14.852913856506
13.599496841431
13.741279125214
