
0.50109601020813
0.36845684051514
0.36136507987976
0.40297889709473
0.43103718757629
0.63861012458801
0.64978885650635
0.45814204216003
0.55913305282593
0.73740601539612
0.87439703941345
0.95141291618347
1.1339550018311
1.1483662128448
1.3138999938965
1.1440279483795
1.008896112442
1.1248400211334
1.2032659053802
1.4019248485565
1.0624978542328
0.80422496795654
0.52593994140625
0.55908203125
0.77929210662842
1.4018712043762
1.4816880226135
1.4441850185394
1.6515700817108
1.0455300807953
0.3551619052887
0.61632895469666
0.7754819393158
0.79553818702698
0.93977689743042
0.89385294914246
0.73032808303833
0.81624913215637
1.0762829780579
0.71208691596985
0.7650249004364
1.0190370082855
1.326562166214
1.3377850055695
1.3035910129547
1.0958399772644
0.37112212181091
0.37704992294312
0.84947896003723
0.65891695022583
1.9145369529724
0.37719583511353
0.36752700805664
0.41253590583801
0.41243100166321
0.75183606147766
1.1818029880524
1.3997800350189
1.5787239074707
1.7223498821259
1.6115851402283
1.9935891628265
2.027184009552
2.0867450237274
2.3966178894043
2.5962009429932
3.0569469928741
2.9647529125214
2.8671071529388
2.7752540111542
2.8212199211121
2.5613980293274
2.202360868454
2.1848330497742
1.2847919464111
0.64522385597229
0.36244297027588
0.3927149772644
0.7924280166626
0.90094089508057
1.0399529933929
0.88198399543762
0.81220316886902
0.77281618118286
1.0949738025665
1.1152098178864
1.1119000911713
0.93788409233093
0.77871489524841
0.79016089439392
0.95141983032227
1.0323920249939
0.82616090774536
0.77276492118835
0.51520299911499
0.61862206459045
0.77166390419006
0.58879804611206
0.49165296554565
0.4731969833374
0.67592906951904
0.88104820251465
0.96355104446411
1.0708041191101
1.0586190223694
1.1774218082428
0.86218285560608
0.98690605163574
0.67724013328552
0.64610505104065
0.54857707023621
0.55202794075012
0.36695694923401
0.78411507606506
1.0759389400482
0.65344095230103
0.41925001144409
0.50538802146912
1.2054960727692
1.3648610115051
1.4022300243378
1.5398151874542
0.99612498283386
0.97503900527954
0.59148406982422
0.65768504142761
0.86734390258789
0.84580993652344
0.96502113342285
0.62234997749329
0.41672396659851
0.42451906204224
0.6508629322052
0.60404896736145
0.35990285873413
0.51938796043396
0.67169189453125
0.8702609539032
0.82343697547913
0.40748310089111
0.42339086532593
0.3540940284729
1.0100419521332
1.1429018974304
1.2651591300964
1.1476140022278
0.91208004951477
0.82465004920959
0.70848703384399
0.49935007095337
1.0129079818726
1.1719369888306
1.1764230728149
1.0722980499268
0.85472512245178
0.74145698547363
0.35863280296326
0.37739896774292
0.40488290786743
0.42087888717651
0.37632989883423
0.35908102989197
0.40851593017578
0.36858487129211
0.50951099395752
0.62566590309143
0.95410108566284
1.211709022522
1.1570382118225
0.9932599067688
0.40573501586914
0.3537290096283
0.77771711349487
0.96867299079895
1.0192670822144
0.54369497299194
0.6120069026947
0.63790702819824
0.36310505867004
0.43790793418884
0.416748046875
0.59418392181396
0.84167098999023
0.76326990127563
0.66344881057739
0.84232211112976
0.67888021469116
0.39912915229797
0.59026718139648
0.84304881095886
0.89798593521118
0.5054612159729
0.509840965271
0.51535105705261
0.36631298065186
0.58854699134827
0.6174418926239
0.58895802497864
0.57723212242126
