0.0052628517150879
0.0068578720092773
0.0066030025482178
0.0190269947052
0.0052881240844727
0.0059900283813477
0.0060560703277588
0.0066511631011963
0.010095119476318
0.021661043167114
0.021733045578003
0.024886131286621
0.005037784576416
0.019915103912354
0.023030042648315
0.01211404800415
0.03098201751709
0.020205974578857
0.027121067047119
0.0059230327606201
0.051997184753418
0.013822078704834
0.027597188949585
0.0057909488677979
0.0093309879302979
0.030427932739258
0.023969888687134
0.02528715133667
0.2387900352478
0.96730208396912
4.403342962265
2.8498940467834
4.4131391048431
2.7536242008209
1.0449299812317
0.026768922805786
0.054685115814209
0.058590888977051
0.11897706985474
0.077501058578491
0.11099410057068
0.015482187271118
0.10105800628662
0.008234977722168
0.043812990188599
0.083830833435059
0.025540113449097
0.022222995758057
0.014527082443237
0.00850510597229
0.040290117263794
0.081588983535767
0.081430912017822
0.088629007339478
0.11555600166321
0.078050851821899
0.11082220077515
0.061163902282715
0.069962024688721
0.091070175170898
0.17729091644287
0.085808992385864
0.056514978408813
0.083390951156616
0.12846612930298
0.060741901397705
0.10661888122559
0.02733302116394
0.081255912780762
0.021875143051147
0.039795875549316
0.09583306312561
0.043102025985718
0.040719985961914
0.048794984817505
0.06164288520813
0.036978960037231
0.089987993240356
0.091224193572998
0.05121111869812
0.055058002471924
0.055580139160156
0.036617994308472
0.040444850921631
0.023947954177856
0.035372018814087
0.074081897735596
0.02508807182312
0.069909811019897
0.063612937927246
0.052949190139771
0.057318925857544
0.043454885482788
0.050423860549927
0.069909811019897
0.047154188156128
0.075464010238647
0.059569835662842
0.073652029037476
0.032489061355591
0.084862947463989
0.058892011642456
0.078936100006104
0.03795599937439
0.029546976089478
0.055422067642212
0.034435033798218
0.061548948287964
0.067257881164551
0.030527114868164
0.019168138504028
0.035671949386597
0.079066038131714
0.027679920196533
0.035432100296021
0.043756008148193
0.0097661018371582
0.0086548328399658
0.00553297996521
0.022833824157715
0.020302057266235
0.01662015914917
0.040437936782837
0.0069169998168945
0.0059640407562256
0.060441017150879
0.030251979827881
0.030742883682251
0.0087959766387939
0.0081560611724854
0.0062541961669922
0.0057969093322754
0.013895988464355
0.027089834213257
0.0067660808563232
0.018657207489014
0.011550903320312
0.0055780410766602
0.0080671310424805
0.0057210922241211
0.0057158470153809
0.007544994354248
0.0057580471038818
0.005504846572876
0.008220911026001
0.0061521530151367
0.0091969966888428
0.041770935058594
0.0065779685974121
0.0059401988983154
0.0065250396728516
0.023193836212158
0.030184030532837
0.022851943969727
0.033902168273926
0.025857925415039
0.025318145751953
0.032479047775269
0.013622999191284
0.081787824630737
0.027951002120972
0.03910493850708
0.032471179962158
0.036463022232056
0.038459062576294
0.040337085723877
0.03693699836731
0.062750101089478
0.035609006881714
0.020860910415649
0.032487154006958
0.068058013916016
0.027571201324463
0.091646909713745
0.010300874710083
0.019902944564819
0.021167993545532
0.0053880214691162
0.0074338912963867
0.0051181316375732
0.0056579113006592
0.038964986801147
0.011360168457031
0.024844884872437
0.051103115081787
0.02036190032959
0.035139083862305
0.011728048324585
0.020419120788574
0.03467583656311
0.022050857543945
0.029670000076294
0.058227062225342
0.060077905654907
0.040518999099731
0.060230016708374
0.027879953384399
0.014333009719849
0.037662029266357
0.052900075912476
