0.0071132183074951
0.017433643341064
0.077087163925171
0.0069332122802734
0.0092189311981201
0.03582501411438
0.039550065994263
0.0074589252471924
0.0096836090087891
0.014669895172119
0.014117002487183
0.02354097366333
0.0067689418792725
0.0096638202667236
0.012915134429932
0.0059299468994141
0.016350984573364
0.0093979835510254
0.0055961608886719
0.0049738883972168
0.0052580833435059
0.017565965652466
0.014811038970947
0.022727966308594
0.014670133590698
0.016305923461914
0.00514817237854
0.013155221939087
0.019203901290894
0.011397123336792
0.022197008132935
0.005176305770874
0.004709005355835
0.0065958499908447
0.0046930313110352
0.020329236984253
0.021003007888794
0.012720108032227
0.0051901340484619
0.0062620639801025
0.018132925033569
0.007256031036377
0.0053870677947998
0.011996984481812
0.0046749114990234
0.025178909301758
0.021744012832642
0.0049889087677002
0.00459885597229
0.013922214508057
0.022428035736084
0.016137838363647
0.01456880569458
0.0050151348114014
0.021270990371704
0.019186973571777
0.0050950050354004
0.018983125686646
0.10912084579468
0.011814832687378
0.038306951522827
0.0049118995666504
0.0091753005981445
0.035208940505981
0.015618801116943
0.0051126480102539
0.0082120895385742
0.0046710968017578
0.013399839401245
0.0051560401916504
0.0059168338775635
0.014253854751587
0.0075311660766602
0.0063920021057129
0.0062394142150879
0.0048139095306396
0.021516084671021
0.015635013580322
0.015913248062134
0.020481109619141
0.0066511631011963
0.011960983276367
0.010417699813843
0.013613224029541
0.0063149929046631
0.014474868774414
0.0045170783996582
0.0056288242340088
0.019570112228394
0.008878231048584
0.0047140121459961
0.0058078765869141
0.022872924804688
0.0086848735809326
0.0050311088562012
0.014252185821533
0.0070760250091553
0.010446071624756
0.0080480575561523
0.020219087600708
0.0060791969299316
0.0342857837677
0.02222204208374
0.023151874542236
0.0083000659942627
0.023859024047852
0.02146577835083
0.019441843032837
0.0048580169677734
0.0076088905334473
0.054409265518188
0.0090141296386719
0.0055708885192871
0.0079431533813477
0.012961149215698
0.0050759315490723
0.0055866241455078
0.0063340663909912
0.0050148963928223
0.0053308010101318
0.023541212081909
0.0050320625305176
0.0047199726104736
0.0067009925842285
0.0094020366668701
0.0047268867492676
0.011550903320312
0.019451141357422
0.045694828033447
0.0044949054718018
0.0072660446166992
0.0066907405853271
0.016205072402954
0.0050697326660156
0.0089602470397949
0.0094671249389648
0.0053510665893555
0.012590169906616
0.00888991355896
0.0052981376647949
0.0058560371398926
0.014085054397583
0.0090227127075195
0.021327018737793
0.0074310302734375
0.0047030448913574
0.020258665084839
0.0064697265625
0.0090863704681396
0.030804872512817
0.015250682830811
0.015484809875488
0.0049810409545898
0.039276123046875
0.019490242004395
0.023298978805542
0.0058097839355469
0.032688140869141
0.0051882266998291
0.019381999969482
0.0054268836975098
0.0049219131469727
0.006289005279541
0.0052058696746826
0.0056431293487549
0.017605066299438
0.010954856872559
0.0046730041503906
0.085051298141479
0.017814159393311
0.010885000228882
0.26289296150208
0.011224985122681
0.0047531127929688
0.0047059059143066
0.0051298141479492
0.020986080169678
0.0051121711730957
0.0046610832214355
0.0067710876464844
0.029378890991211
0.0046980381011963
0.0048091411590576
0.0084319114685059
0.012959957122803
0.0048320293426514
0.0316002368927
0.0066189765930176
0.0052978992462158
0.004906177520752
0.011844158172607
0.020421743392944
0.0049042701721191
0.0050020217895508
0.0053021907806396
0.032555818557739
0.029052019119263
0.015554189682007
0.0047628879547119
0.03616189956665
