
0.86702990531921
1.0495400428772
1.0750248432159
1.0502951145172
0.95881986618042
0.58099889755249
0.88624596595764
1.1782488822937
1.2081201076508
1.5057518482208
1.7860372066498
2.2450652122498
2.1995670795441
2.4873940944672
2.5294148921967
2.9447901248932
2.8369359970093
3.1025431156158
3.2386090755463
3.7777299880981
4.2928650379181
3.941193819046
3.9984889030457
4.7855639457703
4.5260810852051
4.873694896698
4.8145279884338
4.8918738365173
4.9127011299133
5.1771547794342
5.8952360153198
5.0689990520477
3.7597908973694
7.1752290725708
6.2294819355011
7.3353879451752
9.9872679710388
7.7928628921509
5.967472076416
6.608500957489
8.8446710109711
9.0365450382233
7.1984529495239
9.9660241603851
8.4598438739777
4.3806979656219
9.0862059593201
3.6750869750977
4.0704581737518
4.5110509395599
5.3997440338135
6.571172952652
6.2349538803101
6.4369959831238
7.1167731285095
7.348562002182
6.7747631072998
7.1382310390472
7.313374042511
8.3557410240173
7.4223239421844
7.2622761726379
7.7230229377747
7.9835698604584
7.6928749084473
8.621808052063
8.0761709213257
8.4698688983917
7.5826821327209
9.0008029937744
8.8348281383514
8.653913974762
8.5097379684448
8.623407125473
8.9709570407867
9.9346978664398
9.5089130401611
10.034157991409
11.476238012314
10.394014835358
12.598535060883
11.225404977798
12.919476032257
11.2520570755
11.415173053741
11.819720983505
12.88198184967
12.931984901428
11.753580093384
13.13047504425
11.620513916016
12.233322143555
10.874452114105
11.520497083664
12.674380064011
12.965285778046
13.022244930267
11.720436096191
14.34715294838
13.695338964462
11.800655126572
14.611176967621
14.886930942535
13.015147924423
14.077968835831
12.519351959229
12.075973033905
14.06475186348
14.842637062073
14.066247940063
15.182812929153
15.277640104294
13.291320085526
14.773344993591
14.107097864151
17.413278102875
16.167059898376
19.134429931641
17.974833011627
19.634282827377
16.443404912949
18.467862129211
16.414515972137
17.987674951553
16.440560817719
18.246845960617
19.448972940445
16.348331212997
15.392651081085
15.596630096436
18.041997909546
17.036352157593
15.97966504097
15.388856172562
15.049546003342
16.29562997818
15.57164812088
19.613888025284
16.443456888199
17.459270000458
16.678092002869
18.120326042175
17.594575881958
18.874079942703
18.359538078308
16.344444036484
19.530560970306
16.398686885834
18.863101005554
16.303491830826
16.074454069138
14.069545984268
15.198161125183
13.765368938446
12.973917007446
14.60295009613
17.020596981049
15.858916044235
16.708343029022
15.416393995285
21.291353940964
15.853841781616
14.543529987335
13.78671002388
15.327893972397
14.120222091675
16.424685955048
14.460597991943
12.347885847092
13.526417016983
13.856961011887
17.929598093033
12.421954870224
14.377405881882
11.851328849792
12.970327138901
13.964569807053
14.534924030304
12.593425989151
12.842758893967
13.093507051468
12.475996017456
12.85490489006
12.365586996078
12.372496843338
12.443681001663
15.935689926147
12.057193994522
11.642853975296
10.909682035446
10.913029909134
14.576749801636
12.414885997772
11.852915048599
10.822624921799
10.591076850891
12.561334133148
10.974984884262
10.43839097023
