0.0059208869934082
0.0054168701171875
0.0055389404296875
0.0067381858825684
0.0054008960723877
0.0052468776702881
0.0051701068878174
0.0052142143249512
0.010487794876099
0.0063929557800293
0.0055630207061768
0.0080749988555908
0.0054428577423096
0.0054070949554443
0.0056221485137939
0.0068988800048828
0.0067839622497559
0.0070199966430664
0.0063221454620361
0.0082540512084961
0.0057950019836426
0.0052568912506104
0.0071089267730713
0.0061230659484863
0.0051798820495605
0.0054328441619873
0.0064959526062012
0.012059926986694
0.010174036026001
0.0064737796783447
0.0081679821014404
0.011161088943481
0.0052990913391113
0.0058689117431641
0.0050811767578125
0.0060341358184814
0.0064339637756348
0.0070400238037109
0.0068700313568115
0.013882160186768
0.0053629875183105
0.0054128170013428
0.007066011428833
0.0056760311126709
0.0049810409545898
0.0049729347229004
0.0054831504821777
0.012265920639038
0.0081298351287842
0.0057480335235596
0.0098559856414795
0.0079779624938965
0.0063259601593018
0.0051789283752441
0.0066070556640625
0.0053210258483887
0.0054070949554443
0.0058128833770752
0.0053169727325439
0.0070610046386719
0.0099871158599854
0.0076799392700195
0.0062568187713623
0.0059299468994141
0.0053310394287109
0.0059800148010254
0.033655881881714
0.0050098896026611
0.0057311058044434
0.0096111297607422
0.0070090293884277
0.0054121017456055
0.015196084976196
0.0058021545410156
0.0055100917816162
0.0056149959564209
0.0053958892822266
0.0050640106201172
0.011416912078857
0.0054562091827393
0.0054960250854492
0.0049171447753906
0.0092160701751709
0.0060348510742188
0.0059440135955811
0.016371011734009
0.0053801536560059
0.0056591033935547
0.01606011390686
0.01549506187439
0.012694835662842
0.0052530765533447
0.011730909347534
0.0081119537353516
0.033921003341675
0.0061988830566406
0.011169910430908
0.0074448585510254
0.017126083374023
0.023239850997925
0.019968032836914
0.0060858726501465
0.0079550743103027
0.0058350563049316
0.015020132064819
0.0059769153594971
0.010095834732056
0.0093080997467041
0.0049309730529785
0.0098080635070801
0.0056672096252441
0.011323928833008
0.0055739879608154
0.0052800178527832
0.0099620819091797
0.0053749084472656
0.0053620338439941
0.0053818225860596
0.017287015914917
0.0054900646209717
0.011785984039307
0.005141019821167
0.0061168670654297
0.010590076446533
0.0077478885650635
0.0071661472320557
0.012514114379883
0.023358106613159
0.0053820610046387
0.017815828323364
0.0056288242340088
0.0053079128265381
0.0064148902893066
0.0059130191802979
0.005728006362915
0.013329982757568
0.0064010620117188
0.0096039772033691
0.0054969787597656
0.0063741207122803
0.0055248737335205
0.0057940483093262
0.0051150321960449
0.0062119960784912
0.0064239501953125
0.0057480335235596
0.0053009986877441
0.0058410167694092
0.0059878826141357
0.0056169033050537
0.010059118270874
0.022920846939087
0.0062389373779297
0.015974044799805
0.006479024887085
0.0053949356079102
0.0083770751953125
0.0082089900970459
0.0053410530090332
0.0046069622039795
0.005608081817627
0.0050520896911621
0.0052139759063721
0.0063579082489014
0.017519950866699
0.0064089298248291
0.0052711963653564
0.0058140754699707
0.0054738521575928
0.0053470134735107
0.0052680969238281
0.0063350200653076
0.016275882720947
0.006091833114624
0.0068972110748291
0.0058779716491699
0.02033805847168
0.0048990249633789
0.0051698684692383
0.005810022354126
0.0060980319976807
0.0060820579528809
0.0063810348510742
0.0059139728546143
0.0056250095367432
0.0053551197052002
0.021706104278564
0.0056240558624268
0.0058560371398926
0.00531005859375
0.00534987449646
0.017543077468872
0.0056900978088379
0.0093419551849365
0.020871162414551
0.0062141418457031
0.0054678916931152
0.014296054840088
0.0056450366973877
0.00636887550354
