0.025779008865356
0.0054190158843994
0.016495943069458
0.011746883392334
0.029235124588013
0.0047211647033691
0.26717495918274
0.0045168399810791
0.016867160797119
0.0054073333740234
0.018198013305664
0.0053238868713379
0.018105983734131
0.033769130706787
0.012025117874146
0.0059530735015869
0.0049669742584229
0.0089619159698486
0.0051600933074951
0.018969297409058
0.0047760009765625
0.010973930358887
0.0074286460876465
0.0061147212982178
0.0078213214874268
0.025624990463257
0.019026041030884
0.0047080516815186
0.0089881420135498
0.005396842956543
0.005267858505249
0.021121025085449
0.037395238876343
0.0050671100616455
0.011744976043701
0.012716770172119
0.073884963989258
0.0084280967712402
0.0051000118255615
0.011656045913696
0.016279220581055
0.11876511573792
0.0056741237640381
0.014554977416992
0.0089631080627441
0.015813827514648
0.015866041183472
0.011825084686279
0.0060880184173584
0.014182090759277
0.0048251152038574
0.018099069595337
0.0088310241699219
0.005302906036377
0.010069131851196
0.0058119297027588
0.0046970844268799
0.0056769847869873
0.012416839599609
0.01508617401123
0.0049970149993896
0.0047469139099121
0.0056440830230713
0.010208129882812
0.01857590675354
0.036317825317383
0.010377168655396
0.024955034255981
0.017952680587769
0.0051200389862061
0.027662038803101
0.0061490535736084
0.016987085342407
0.0046489238739014
0.0047650337219238
0.031000852584839
0.0048279762268066
0.0091681480407715
0.021012783050537
0.0073368549346924
0.024111032485962
0.020647048950195
0.0047779083251953
0.0060551166534424
0.005828857421875
0.0056049823760986
0.024514198303223
0.006321907043457
0.0082271099090576
0.0054271221160889
0.229740858078
0.0063929557800293
0.024274826049805
1.0106418132782
0.006831169128418
0.0079030990600586
0.012930870056152
0.017488956451416
0.0095949172973633
0.011653900146484
0.04968786239624
0.050261259078979
0.0051248073577881
0.0050201416015625
0.014554738998413
0.010280132293701
0.0062367916107178
0.0054934024810791
0.0052628517150879
0.014353036880493
0.0047838687896729
0.0048561096191406
0.039713144302368
0.0061829090118408
0.0058639049530029
0.006256103515625
0.0046401023864746
0.011070013046265
0.0047340393066406
0.0047791004180908
0.0067329406738281
0.0092611312866211
0.0058162212371826
0.0043468475341797
0.01410984992981
0.010101079940796
0.0092236995697021
0.020304918289185
0.0043258666992188
0.0060880184173584
0.005842924118042
0.00494384765625
0.0063800811767578
0.013672828674316
0.032524108886719
0.0050761699676514
0.0050370693206787
0.0046830177307129
0.0051400661468506
0.0058510303497314
0.017223834991455
0.024873971939087
0.013844966888428
0.0075807571411133
0.0052847862243652
0.0049920082092285
0.0046789646148682
0.0048978328704834
0.022918939590454
0.0056700706481934
0.01636815071106
0.013418912887573
0.0049149990081787
0.0065431594848633
0.01539421081543
0.0068590641021729
0.0051732063293457
0.006641149520874
0.011622190475464
0.005389928817749
0.014113664627075
0.009166955947876
0.26340508460999
0.018419981002808
0.0046958923339844
0.012754917144775
0.0063388347625732
0.013412952423096
0.018038749694824
0.027182817459106
0.012567043304443
0.0068180561065674
0.0056350231170654
0.01662802696228
0.0056607723236084
0.0071618556976318
0.038161039352417
0.005094051361084
0.018413782119751
0.014281034469604
0.012404918670654
0.00465989112854
0.0065140724182129
0.012917995452881
0.0077500343322754
0.012222290039062
0.005831241607666
0.0076470375061035
0.01524806022644
0.0061979293823242
0.0046439170837402
0.0070412158966064
0.0063159465789795
0.005079984664917
0.013466119766235
0.038108825683594
0.0052661895751953
0.0045359134674072
0.01525092124939
0.016232252120972
