0.17755317687988
0.026405334472656
0.019891023635864
0.050405025482178
0.0050568580627441
0.006087064743042
0.0071048736572266
0.046718120574951
0.023179054260254
0.0096471309661865
0.025122880935669
0.033551216125488
0.046198844909668
0.024765014648438
0.011369943618774
0.015569925308228
0.011661767959595
0.028264999389648
0.0083808898925781
0.012838840484619
0.015745878219604
0.0055699348449707
0.041023015975952
0.0094268321990967
0.019375085830688
0.019475936889648
0.0048758983612061
0.033009052276611
0.025360107421875
0.0067150592803955
0.023540258407593
0.036594152450562
0.0054731369018555
0.0048270225524902
0.010132789611816
0.0060772895812988
0.017937898635864
0.016511201858521
0.019100189208984
0.02216625213623
0.011380910873413
0.0083203315734863
0.026598215103149
0.021688938140869
0.011770009994507
0.029333114624023
0.022624254226685
0.0057740211486816
0.015040874481201
0.0057320594787598
0.009429931640625
0.010050058364868
0.0096890926361084
0.0099310874938965
0.018542289733887
0.069011926651001
0.1459629535675
0.029001712799072
0.0047812461853027
0.017692804336548
0.066935062408447
0.023435831069946
0.030572175979614
0.01579213142395
0.115159034729
0.0078659057617188
0.018579959869385
0.017761945724487
0.012775897979736
0.0081417560577393
0.0098099708557129
0.015684127807617
0.015714883804321
0.020857810974121
0.0087969303131104
0.010201692581177
0.026426076889038
0.011636018753052
0.0084049701690674
0.049540996551514
0.053570985794067
0.05176305770874
0.035752058029175
0.035799980163574
0.016680240631104
0.0045878887176514
0.010240077972412
0.0067839622497559
0.0089168548583984
0.025030136108398
0.012428045272827
0.010424852371216
0.01120924949646
0.0052049160003662
0.0069849491119385
0.0066909790039062
0.0071821212768555
0.011593103408813
0.0066838264465332
0.0046980381011963
0.024133920669556
0.0108962059021
0.0048792362213135
0.0079548358917236
0.010112047195435
0.027817964553833
0.035647630691528
0.0061261653900146
0.0098559856414795
0.031261920928955
0.0048789978027344
0.029393911361694
0.031675815582275
0.066734075546265
0.041262149810791
0.032593965530396
0.041362047195435
0.048469066619873
0.026433706283569
0.055412769317627
0.044306993484497
0.015958070755005
0.068150997161865
0.073868036270142
0.03929877281189
0.033573150634766
0.058423042297363
0.018473863601685
0.019613027572632
0.036720752716064
0.041018962860107
0.028195858001709
0.022341012954712
0.024577140808105
0.012682914733887
0.0061869621276855
0.004558801651001
0.0047760009765625
0.0044960975646973
0.01440691947937
0.004626989364624
0.015308856964111
0.0065491199493408
0.0069971084594727
0.032326698303223
0.049126148223877
0.020295858383179
0.024844169616699
0.01572585105896
0.06099009513855
0.048346996307373
0.043864011764526
0.040880918502808
0.044776201248169
0.071434020996094
0.018548011779785
0.0092120170593262
0.024471998214722
0.017230033874512
0.030323028564453
0.0060811042785645
0.016233682632446
0.011741161346436
0.0056829452514648
0.0050179958343506
0.025731086730957
0.0046722888946533
0.012350797653198
0.019837856292725
0.020618915557861
0.028249979019165
0.0050458908081055
0.36138486862183
0.013864994049072
0.018169164657593
0.024454832077026
0.053837060928345
0.062259912490845
0.062145709991455
0.062039136886597
0.015697002410889
0.0046560764312744
0.010936260223389
0.028846979141235
0.03524112701416
0.0080249309539795
0.029889106750488
0.0066421031951904
0.028167009353638
0.032104730606079
0.021321058273315
0.02119517326355
0.011682033538818
0.036774396896362
0.03975772857666
0.017772912979126
0.01138710975647
0.032489061355591
0.070435047149658
0.049572229385376
