0.49684906005859
0.16045689582825
0.25153708457947
0.34475994110107
0.33240270614624
0.24077820777893
0.48190784454346
0.30282592773438
0.24881100654602
0.40794801712036
0.33814382553101
0.15128493309021
0.1670458316803
0.23659801483154
0.3939208984375
0.31703686714172
0.18288683891296
0.24096703529358
0.41541218757629
0.42556500434875
0.27032995223999
0.40066480636597
0.45885705947876
0.31102991104126
0.29557776451111
0.26513004302979
0.25220513343811
0.40828204154968
0.51634001731873
0.18357181549072
0.2547299861908
0.47645330429077
0.21091103553772
0.13656187057495
0.34026503562927
1.0961780548096
0.28593802452087
0.22343420982361
0.32901477813721
0.24766492843628
0.10975408554077
0.15441584587097
0.12751889228821
0.68128108978271
0.70856213569641
0.41917419433594
0.38658881187439
0.48578405380249
0.21946716308594
0.2224760055542
1.4187982082367
0.44256401062012
0.4112811088562
0.14970183372498
0.20694518089294
0.23167181015015
1.6969840526581
0.33423709869385
0.38128805160522
0.52668190002441
0.66651296615601
0.13444495201111
0.49373006820679
0.20886588096619
0.36038208007812
0.29630088806152
1.1503200531006
0.16192293167114
0.53521490097046
0.34493112564087
0.33159923553467
0.37903809547424
0.4068660736084
0.38688588142395
0.38316512107849
0.33269596099854
0.27778911590576
0.90233421325684
0.026551961898804
0.40938520431519
0.37215876579285
0.38756704330444
0.44412398338318
0.21169805526733
0.32396697998047
0.20407271385193
0.37620711326599
0.26865124702454
0.26026797294617
0.29005002975464
0.30398797988892
0.33231091499329
1.2273809909821
0.24247789382935
0.36862206459045
0.12220907211304
0.18756723403931
0.1771559715271
0.21020698547363
0.32386207580566
0.24968266487122
0.33402895927429
0.25770807266235
0.29258513450623
0.22137188911438
0.36192893981934
0.48619723320007
0.4600088596344
0.53795909881592
0.085654020309448
0.41287398338318
0.65002012252808
0.35670685768127
0.55251216888428
0.31443285942078
1.1345450878143
0.28847098350525
0.38132214546204
0.32433676719666
0.26905298233032
0.57276391983032
0.8335919380188
0.56891298294067
0.033635139465332
0.70076608657837
1.7903480529785
0.66340398788452
0.59084320068359
0.13664388656616
0.88928484916687
0.39340496063232
0.25400972366333
0.22924590110779
0.53351998329163
0.40816712379456
0.68955612182617
0.80855083465576
0.68962121009827
0.38001608848572
0.32146120071411
0.24405288696289
0.24539709091187
0.24503326416016
0.63930797576904
0.34136915206909
0.38660478591919
0.2105028629303
1.2142150402069
0.28114604949951
0.12286782264709
0.28726983070374
0.68062496185303
0.98776698112488
0.80765104293823
0.47391700744629
0.84706997871399
0.29053401947021
0.11671376228333
0.15513801574707
0.12002396583557
0.27122688293457
0.17011690139771
0.33173418045044
1.0017368793488
0.29773902893066
0.65780520439148
0.29421806335449
0.51703119277954
0.27381300926208
0.3887984752655
0.32955288887024
0.29392695426941
0.62290406227112
0.31506896018982
0.34787774085999
0.10692691802979
0.22009801864624
1.277715921402
0.3175163269043
0.44863200187683
0.89445424079895
0.31911492347717
0.75154590606689
0.18715882301331
0.83383011817932
1.317225933075
0.28541612625122
0.26102209091187
0.23462581634521
0.29583811759949
2.2317318916321
1.5107929706573
1.2097389698029
0.017795085906982
0.02471399307251
2.5600309371948
0.47248411178589
1.607784986496
0.43826174736023
0.44207715988159
