
0.86018800735474
1.0137639045715
0.41703009605408
0.62553000450134
0.65805697441101
0.63555598258972
0.56360101699829
0.83869385719299
1.2161810398102
1.1736800670624
0.37164807319641
0.36101698875427
0.58842897415161
1.0924351215363
1.1363871097565
0.74811720848083
0.90018200874329
1.426393032074
1.5884828567505
1.7338650226593
1.9360649585724
2.3349599838257
1.8020939826965
1.7518091201782
1.714024066925
1.3655879497528
0.61781215667725
1.2414579391479
1.6083071231842
1.2955310344696
1.1400399208069
0.68261098861694
2.3268959522247
6.3085980415344
4.8736131191254
1.2659428119659
4.1953709125519
5.4178800582886
5.6434600353241
3.2683219909668
1.6178069114685
3.5175731182098
4.6453881263733
4.661022901535
5.3446660041809
4.7388310432434
4.7548820972443
5.2276611328125
5.30695104599
6.6935210227966
6.3809778690338
6.1563041210175
6.3696639537811
7.4462718963623
6.5961170196533
7.0679931640625
7.5443289279938
7.7831568717957
7.7948069572449
7.606162071228
7.8355581760406
7.1855499744415
7.3365330696106
7.1835780143738
7.0113339424133
6.9530990123749
6.3705701828003
6.3797748088837
6.2748260498047
5.7773010730743
5.6484231948853
4.9049069881439
4.6408407688141
3.748771905899
3.6084411144257
3.6364178657532
3.8198750019073
3.750471830368
3.927307844162
4.2141089439392
3.9487149715424
3.960620880127
4.4730529785156
5.3245718479156
5.2576961517334
5.4251139163971
5.4984579086304
5.5604491233826
5.3320190906525
5.7058680057526
5.4204139709473
5.4631080627441
5.4616138935089
5.5808479785919
5.787073135376
5.1614139080048
5.38267993927
5.7794599533081
5.342355966568
5.0069000720978
5.1649429798126
5.2397718429565
4.8201131820679
5.057205915451
4.6542460918427
4.5618231296539
4.7219960689545
4.3588218688965
3.7354440689087
4.4758021831512
3.2316651344299
3.4466171264648
3.5985968112946
2.9579660892487
2.6780850887299
2.4681870937347
1.0449240207672
1.0416579246521
0.91483616828918
0.75091099739075
1.4781999588013
1.6484861373901
1.7755570411682
1.657674074173
1.7022240161896
1.7367169857025
1.3698379993439
0.94165802001953
0.51678419113159
0.47310709953308
1.2312438488007
1.6967949867249
1.6972808837891
1.6863038539886
1.5552880764008
1.4655640125275
0.75610184669495
0.41788411140442
0.87560606002808
1.0712029933929
0.77553391456604
0.62857294082642
0.58435702323914
0.88653182983398
1.3666760921478
1.4241709709167
1.5896110534668
1.8343539237976
2.0580499172211
2.1104018688202
2.292368888855
2.1900320053101
2.7119200229645
2.872545003891
3.3132300376892
2.9433469772339
2.7513580322266
3.0404369831085
3.4818451404572
3.4323930740356
3.744735956192
3.974534034729
4.053512096405
3.9649200439453
4.0051560401917
3.966814994812
3.4705691337585
3.6980028152466
4.0705649852753
3.20876288414
3.2908301353455
2.8731880187988
2.773423910141
2.1339149475098
2.3679490089417
0.57732319831848
0.83909511566162
0.88292098045349
0.78780293464661
0.35924386978149
1.0207209587097
1.4609689712524
1.811518907547
2.3390700817108
2.6894080638885
2.5577449798584
2.898934841156
2.7541358470917
3.2733449935913
3.6107909679413
3.3349609375
3.2776200771332
3.7341909408569
3.6497311592102
3.6102960109711
3.8946721553802
3.9755890369415
3.9508998394012
4.2228980064392
