0.078542947769165
0.018982648849487
0.041159868240356
0.086567163467407
0.039404630661011
0.081969976425171
0.055103063583374
0.1809868812561
0.021730899810791
0.029372930526733
0.17009592056274
0.17027425765991
0.039984941482544
0.052142143249512
0.1381778717041
0.15719676017761
0.030915975570679
0.096678256988525
0.010401010513306
0.049652099609375
0.095233201980591
0.076531887054443
0.040688037872314
0.040071249008179
0.05652379989624
0.12309598922729
0.096882820129395
0.024995088577271
0.03815484046936
0.070836067199707
0.069640874862671
0.013599157333374
0.054234981536865
0.031157970428467
0.024271011352539
0.044561147689819
0.044394016265869
0.072238683700562
0.086127042770386
0.1547999382019
0.067585945129395
0.099494695663452
0.048144102096558
0.05732798576355
0.13579893112183
0.065725088119507
0.030527830123901
0.040942907333374
0.080044984817505
0.050285816192627
0.067687034606934
0.020473957061768
0.012116193771362
0.013630151748657
0.018691301345825
0.011842966079712
0.0046310424804688
0.006472110748291
0.02382493019104
0.0048749446868896
0.013593912124634
0.012853860855103
0.016888856887817
0.012290000915527
0.0097298622131348
0.019275188446045
0.012233018875122
0.011464834213257
0.024725914001465
0.018429040908813
0.0068156719207764
0.027997016906738
0.017301321029663
0.0043730735778809
0.022621870040894
0.010670900344849
0.039748668670654
0.03772497177124
0.036993741989136
0.016674041748047
0.0050551891326904
0.015812158584595
0.028563976287842
0.021275997161865
0.014112949371338
0.019385099411011
0.026564836502075
0.020653009414673
0.026173114776611
0.015085935592651
0.004796028137207
0.030415058135986
0.03251051902771
0.021131992340088
0.032371759414673
0.034299612045288
0.0069289207458496
0.037828207015991
0.014343976974487
0.022386074066162
0.027387142181396
0.052149295806885
0.011173248291016
0.016947269439697
0.017414093017578
0.014994859695435
0.029817342758179
0.0083639621734619
0.013067245483398
0.0073487758636475
0.026031255722046
0.0072159767150879
0.0090560913085938
0.016172885894775
0.027079820632935
0.055651903152466
0.03140115737915
0.021269083023071
0.038618087768555
0.01096773147583
0.0050270557403564
0.0048270225524902
0.019700050354004
0.0059719085693359
0.010444164276123
0.0046291351318359
0.0050868988037109
0.01929497718811
0.010343074798584
0.024313926696777
0.0099883079528809
0.014695882797241
0.016002893447876
0.0046548843383789
0.05097770690918
0.02046799659729
0.023566007614136
0.022133111953735
0.0077722072601318
0.0065720081329346
0.005678653717041
0.0050230026245117
0.024628877639771
0.0051639080047607
0.0085523128509521
0.0050067901611328
0.031250953674316
0.034687042236328
0.040603160858154
0.016083002090454
0.017536878585815
0.089530944824219
0.022488832473755
0.030141830444336
0.03046178817749
0.045485258102417
0.020424842834473
0.057665824890137
0.050355911254883
0.065420150756836
0.0051720142364502
0.024460792541504
0.039505004882812
0.039920806884766
0.085309743881226
0.040805816650391
0.081628799438477
0.062411308288574
0.077347040176392
0.048541069030762
0.029561042785645
0.034608125686646
0.061814069747925
0.015230894088745
0.048330068588257
0.084316968917847
0.063464879989624
0.054872989654541
0.061195135116577
0.080474138259888
0.073163032531738
0.16829013824463
0.059589147567749
0.10245013237
0.073803901672363
0.093505144119263
0.027439117431641
0.032660007476807
0.039732456207275
0.074671030044556
0.023948907852173
0.052468299865723
0.16230082511902
0.028962850570679
0.03373384475708
0.030463933944702
0.015035152435303
0.0093648433685303
0.01633095741272
0.0045139789581299
