0.5071 18713 1462514238.1419 1462514238.6492 0
0.4759 201196 1462514238.3924 1462514238.8684 1
0.3684 7132 1462514238.6434 1462514239.0118 2
0.3739 4563 1462514238.8943 1462514239.2683 3
0.3958 140077 1462514239.1453 1462514239.5412 4
0.4599 6894 1462514239.3962 1462514239.8561 5
0.4792 26528 1462514239.6471 1462514240.1264 6
0.3703 10131 1462514239.8980 1462514240.2684 7
0.3705 16017 1462514240.1490 1462514240.5195 8
0.3798 66713 1462514240.3999 1462514240.7798 9
0.3801 21312 1462514240.6508 1462514241.0310 10
0.4716 13263 1462514240.9018 1462514241.3735 11
0.5032 50137 1462514241.1527 1462514241.6560 12
0.4133 4787 1462514241.4036 1462514241.8170 13
0.5685 233675 1462514241.6545 1462514242.2230 14
0.5218 6693 1462514241.9054 1462514242.4272 15
0.3770 34325 1462514242.1563 1462514242.5334 16
0.4663 30524 1462514242.4072 1462514242.8736 17
0.7507 158175 1462514242.6581 1462514243.4089 18
0.6124 23477 1462514242.9095 1462514243.5220 19
0.5375 184297 1462514243.1607 1462514243.6983 20
0.4970 21006 1462514243.4117 1462514243.9089 21
0.4789 5194 1462514243.6626 1462514244.1416 22
0.5106 149976 1462514243.9136 1462514244.4243 23
0.3725 10365 1462514244.1645 1462514244.5370 24
0.3979 106976 1462514244.4154 1462514244.8133 25
0.3594 10379 1462514244.6663 1462514245.0258 26
0.3749 4500 1462514244.9172 1462514245.2922 27
0.3706 10579 1462514245.1681 1462514245.5387 28
0.3669 11015 1462514245.4190 1462514245.7860 29
0.4749 16876 1462514245.6700 1462514246.1449 30
0.4698 14613 1462514245.9209 1462514246.3907 31
0.5953 642133 1462514246.1719 1462514246.7673 32
0.4109 4615 1462514246.4228 1462514246.8338 33
0.3882 151047 1462514246.6737 1462514247.0620 34
0.3746 10860 1462514246.9247 1462514247.2994 35
0.3878 119962 1462514247.1756 1462514247.5635 36
0.3677 24044 1462514247.4265 1462514247.7943 37
0.3821 8792 1462514247.6774 1462514248.0596 38
0.3786 8665 1462514247.9283 1462514248.3069 39
0.4919 125577 1462514248.1794 1462514248.6713 40
0.7142 26565 1462514248.4305 1462514249.1448 41
0.5936 6708 1462514248.6814 1462514249.2751 42
0.4098 157486 1462514248.9323 1462514249.3422 43
0.3767 109825 1462514249.1832 1462514249.5600 44
0.3659 4850 1462514249.4342 1462514249.8001 45
0.3885 60561 1462514249.6851 1462514250.0736 46
0.3640 27320 1462514249.9360 1462514250.3001 47
0.4995 130130 1462514250.1869 1462514250.6865 48
0.4852 9398 1462514250.4379 1462514250.9232 49
0.4114 158312 1462514250.6889 1462514251.1004 50
0.3985 123442 1462514250.9398 1462514251.3384 51
0.5436 22532 1462514251.1907 1462514251.7343 52
0.5183 5561 1462514251.4416 1462514251.9600 53
0.3778 5573 1462514251.6927 1462514252.0706 54
0.3721 9359 1462514251.9435 1462514252.3156 55
0.3837 88886 1462514252.1945 1462514252.5782 56
0.4228 142250 1462514252.4454 1462514252.8682 57
0.3995 117769 1462514252.6962 1462514253.0958 58
0.3802 18899 1462514252.9471 1462514253.3274 59
0.3652 17054 1462514253.1983 1462514253.5649 60
0.3686 10046 1462514253.4493 1462514253.8180 61
0.3864 121427 1462514253.7002 1462514254.0866 62
0.3862 34147 1462514253.9513 1462514254.3376 63
0.3856 4666 1462514254.2022 1462514254.5879 64
0.4021 199032 1462514254.4531 1462514254.8553 65
0.5109 5542 1462514254.7040 1462514255.2150 66
0.4695 6452 1462514254.9549 1462514255.4244 67
0.4087 200415 1462514255.2059 1462514255.6146 68
0.3935 187201 1462514255.4567 1462514255.8503 69
0.5078 4723 1462514255.7077 1462514256.2156 70
0.5107 89645 1462514255.9586 1462514256.4694 71
0.3858 21950 1462514256.2095 1462514256.5954 72
0.4328 189578 1462514256.4604 1462514256.8933 73
0.3695 13158 1462514256.9622 1462514257.3318 75
0.6310 203047 1462514256.7113 1462514257.3424 74
0.4037 9529 1462514257.2131 1462514257.6169 76
0.4006 161522 1462514257.4640 1462514257.8647 77
0.6041 238547 1462514257.7150 1462514258.3192 78
0.5364 31996 1462514257.9659 1462514258.5023 79
0.3795 29402 1462514258.2169 1462514258.5965 80
0.4142 10303 1462514258.4679 1462514258.8822 81
0.5202 164815 1462514258.7189 1462514259.2392 82
0.4005 148978 1462514258.9698 1462514259.3703 83
0.3917 152183 1462514259.2207 1462514259.6124 84
0.3732 4844 1462514259.4716 1462514259.8450 85
0.4018 211669 1462514259.7222 1462514260.1241 86
0.3757 15912 1462514259.9729 1462514260.3487 87
0.3715 15341 1462514260.2237 1462514260.5952 88
0.3728 7104 1462514260.4746 1462514260.8475 89
0.5295 6839 1462514260.7256 1462514261.2551 90
0.4761 5247 1462514260.9764 1462514261.4526 91
0.3648 9129 1462514261.2273 1462514261.5922 92
0.4276 94174 1462514261.4782 1462514261.9059 93
0.5044 22173 1462514261.7291 1462514262.2336 94
0.4973 63488 1462514261.9801 1462514262.4774 95
0.4524 21285 1462514262.2310 1462514262.6835 96
0.4681 5112 1462514262.4820 1462514262.9501 97
0.3692 6248 1462514262.7330 1462514263.1022 98
0.3680 14080 1462514263.2348 1462514263.6028 100
0.6522 176595 1462514262.9839 1462514263.6361 99
0.4004 217786 1462514263.4860 1462514263.8865 101
0.3621 4593 1462514263.7371 1462514264.0993 102
0.3787 8800 1462514263.9881 1462514264.3669 103
0.3652 29358 1462514264.2390 1462514264.6043 104
0.4882 19173 1462514264.4900 1462514264.9782 105
0.4715 6800 1462514264.7409 1462514265.2125 106
0.3788 4686 1462514264.9918 1462514265.3707 107
0.4701 18957 1462514265.2427 1462514265.7129 108
0.6973 4637 1462514265.4937 1462514266.1911 109
0.5886 18241 1462514265.7446 1462514266.3333 110
0.4086 192269 1462514265.9955 1462514266.4042 111
0.4012 222153 1462514266.2464 1462514266.6476 112
0.4293 154627 1462514266.4973 1462514266.9267 113
0.3885 24421 1462514266.7482 1462514267.1367 114
0.4774 48768 1462514266.9991 1462514267.4766 115
0.6947 18062 1462514267.2500 1462514267.9447 116
0.5835 11827 1462514267.5009 1462514268.0845 117
0.3728 5610 1462514267.7518 1462514268.1246 118
0.3924 73122 1462514268.0027 1462514268.3952 119
0.3672 12058 1462514268.2536 1462514268.6209 120
0.4854 5516 1462514268.5047 1462514268.9901 121
0.4810 5092 1462514268.7558 1462514269.2369 122
0.4661 9215 1462514269.0067 1462514269.4729 123
0.4803 6419 1462514269.2576 1462514269.7380 124
0.4141 24763 1462514269.5085 1462514269.9227 125
0.4720 14521 1462514269.7594 1462514270.2315 126
0.4197 5116 1462514270.0102 1462514270.4299 127
0.4805 74693 1462514270.2611 1462514270.7417 128
0.3711 8757 1462514270.5117 1462514270.8829 129
0.3795 25510 1462514270.7627 1462514271.1423 130
0.3729 5611 1462514271.0134 1462514271.3864 131
0.5227 73174 1462514271.2643 1462514271.7871 132
0.8248 4161 1462514271.5152 1462514272.3401 133
0.5672 222202 1462514272.0171 1462514272.5844 135
0.8727 232108 1462514271.7661 1462514272.6389 134
0.5141 15132 1462514272.2680 1462514272.7822 136
0.3662 5003 1462514272.5190 1462514272.8853 137
0.3809 10609 1462514272.7699 1462514273.1509 138
0.3772 4990 1462514273.0209 1462514273.3981 139
0.3743 17952 1462514273.2718 1462514273.6462 140
0.4804 18867 1462514273.5232 1462514274.0037 141
0.4778 5217 1462514273.7743 1462514274.2522 142
0.3682 27532 1462514274.0252 1462514274.3934 143
0.3911 99903 1462514274.2761 1462514274.6673 144
0.3696 4832 1462514274.5270 1462514274.8967 145
0.3809 5707 1462514274.7780 1462514275.1589 146
0.3956 197478 1462514275.0289 1462514275.4245 147
0.3710 5653 1462514275.2797 1462514275.6508 148
0.3826 73282 1462514275.5306 1462514275.9132 149
0.3715 11429 1462514275.7815 1462514276.1531 150
0.3813 8365 1462514276.0324 1462514276.4138 151
0.5592 125761 1462514276.2833 1462514276.8426 152
0.8314 21491 1462514276.5342 1462514277.3657 153
0.3716 31690 1462514277.0361 1462514277.4078 155
0.7191 16254 1462514276.7852 1462514277.5044 154
0.5000 10173 1462514277.2871 1462514277.7872 156
0.3673 8098 1462514277.5380 1462514277.9054 157
0.3719 14749 1462514277.7890 1462514278.1610 158
0.3649 9336 1462514278.0399 1462514278.4049 159
0.4679 9975 1462514278.2908 1462514278.7589 160
0.4657 5532 1462514278.5421 1462514279.0078 161
0.3701 4182 1462514278.7932 1462514279.1634 162
0.3800 46605 1462514279.0442 1462514279.4242 163
0.4745 4551 1462514279.2951 1462514279.7697 164
0.4889 25492 1462514279.5461 1462514280.0350 165
0.3697 26038 1462514279.7970 1462514280.1667 166
0.5058 11204 1462514280.0493 1462514280.5552 167
0.4787 36115 1462514280.3002 1462514280.7789 168
0.3755 51404 1462514280.5511 1462514280.9267 169
0.3849 104047 1462514280.8020 1462514281.1870 170
0.4024 196045 1462514281.0530 1462514281.4554 171
0.4064 55925 1462514281.3039 1462514281.7104 172
0.4018 12838 1462514281.5548 1462514281.9567 173
0.3718 5041 1462514281.8060 1462514282.1779 174
0.4541 22781 1462514282.0569 1462514282.5110 175
0.4691 6476 1462514282.3078 1462514282.7770 176
0.4923 153450 1462514282.5584 1462514283.0508 177
0.4923 13630 1462514282.8093 1462514283.3017 178
0.3650 6165 1462514283.0602 1462514283.4253 179
0.4113 105974 1462514283.3111 1462514283.7225 180
0.3735 4874 1462514283.5621 1462514283.9357 181
0.3628 9240 1462514283.8128 1462514284.1757 182
0.4001 155187 1462514284.0639 1462514284.4641 183
0.4677 11135 1462514284.3148 1462514284.7825 184
0.4733 25041 1462514284.5657 1462514285.0391 185
0.4580 4565 1462514284.8166 1462514285.2747 186
0.4829 35687 1462514285.0676 1462514285.5505 187
0.3823 27299 1462514285.3185 1462514285.7008 188
0.3696 6565 1462514285.5693 1462514285.9390 189
0.3798 5820 1462514285.8202 1462514286.2001 190
0.3752 17749 1462514286.0709 1462514286.4462 191
0.4463 177233 1462514286.3217 1462514286.7681 192
0.3653 5326 1462514286.8237 1462514287.1891 194
0.4198 157142 1462514287.0747 1462514287.4946 195
0.3715 5245 1462514287.3257 1462514287.6973 196
0.3807 13803 1462514287.8275 1462514288.2083 198
1.6869 14152 1462514286.5727 1462514288.2597 193
0.7057 16415 1462514287.5766 1462514288.2824 197
0.5311 321512 1462514288.0785 1462514288.6097 199
0.5421 58451 1462514288.3294 1462514288.8716 200
0.3872 72141 1462514288.5803 1462514288.9676 201
0.3908 54679 1462514288.8315 1462514289.2224 202
0.3761 34273 1462514289.0826 1462514289.4588 203
0.3724 32295 1462514289.3335 1462514289.7060 204
0.3820 7286 1462514289.5844 1462514289.9665 205
0.3822 40303 1462514289.8353 1462514290.2176 206
0.4411 108327 1462514290.0862 1462514290.5274 207
0.5090 141567 1462514290.3372 1462514290.8462 208
0.5178 15910 1462514290.5881 1462514291.1060 209
0.5539 213237 1462514290.8391 1462514291.3930 210
0.4715 13337 1462514291.0900 1462514291.5615 211
0.5491 178558 1462514291.3408 1462514291.8900 212
0.3643 4906 1462514291.5916 1462514291.9560 213
0.4487 285687 1462514291.8424 1462514292.2912 214
0.3747 41058 1462514292.0933 1462514292.4681 215
0.3693 9262 1462514292.3443 1462514292.7136 216
0.3815 11419 1462514292.5952 1462514292.9768 217
0.3626 4729 1462514292.8461 1462514293.2088 218
0.5370 541239 1462514293.0971 1462514293.6342 219
0.3975 157267 1462514293.3490 1462514293.7466 220
0.3684 5083 1462514293.5999 1462514293.9684 221
0.4086 201891 1462514293.8510 1462514294.2597 222
0.3754 21827 1462514294.1019 1462514294.4774 223
0.3828 9091 1462514294.3529 1462514294.7357 224
0.3632 11200 1462514294.6038 1462514294.9670 225
0.4005 109513 1462514294.8546 1462514295.2552 226
0.3790 11392 1462514295.1055 1462514295.4846 227
0.4238 192147 1462514295.3562 1462514295.7801 228
0.3790 31254 1462514295.6071 1462514295.9862 229
0.3845 94228 1462514295.8580 1462514296.2426 230
0.3975 148063 1462514296.1090 1462514296.5066 231
0.3621 4607 1462514296.3599 1462514296.7221 232
0.4205 20985 1462514296.6109 1462514297.0314 233
0.4077 193612 1462514296.8618 1462514297.2695 234
0.3699 29850 1462514297.1127 1462514297.4827 235
0.4939 107808 1462514297.3637 1462514297.8577 236
0.4819 13757 1462514297.6147 1462514298.0966 237
0.5496 239372 1462514297.8656 1462514298.4153 238
0.8718 68675 1462514298.1166 1462514298.9884 239
0.4044 93506 1462514298.6185 1462514299.0230 241
0.7586 22502 1462514298.3676 1462514299.1263 240
0.5152 5881 1462514298.8695 1462514299.3847 242
0.4691 14765 1462514299.1206 1462514299.5897 243
0.4805 50088 1462514299.3716 1462514299.8523 244
0.4888 5303 1462514299.6226 1462514300.1115 245
0.4752 12487 1462514299.8736 1462514300.3489 246
0.3713 14648 1462514300.1245 1462514300.4959 247
0.4135 137802 1462514300.3754 1462514300.7890 248
0.5317 13877 1462514300.6262 1462514301.1580 249
0.4885 5488 1462514300.8772 1462514301.3657 250
0.3701 5650 1462514301.1281 1462514301.4983 251
0.3699 12565 1462514301.3790 1462514301.7491 252
0.4040 13421 1462514301.6299 1462514302.0340 253
0.3749 35505 1462514301.8809 1462514302.2559 254
0.3843 139408 1462514302.1317 1462514302.5160 255
0.4294 319670 1462514302.3826 1462514302.8121 256
0.5274 110399 1462514302.6335 1462514303.1610 257
0.4818 13677 1462514302.8845 1462514303.3664 258
0.3660 4512 1462514303.1354 1462514303.5014 259
0.3575 13328 1462514303.3863 1462514303.7439 260
0.4064 183758 1462514303.6372 1462514304.0437 261
0.4264 323864 1462514303.8881 1462514304.3146 262
0.5287 169426 1462514304.1393 1462514304.6681 263
0.5058 4647 1462514304.3903 1462514304.8962 264
0.5105 28713 1462514304.6413 1462514305.1519 265
0.4964 151746 1462514304.8922 1462514305.3887 266
0.3702 9810 1462514305.1432 1462514305.5134 267
0.4030 275373 1462514305.3941 1462514305.7972 268
0.3701 5042 1462514305.6450 1462514306.0152 269
0.3789 99260 1462514305.8960 1462514306.2750 270
0.3767 19458 1462514306.1470 1462514306.5238 271
0.5736 95276 1462514306.3979 1462514306.9716 272
0.5269 4635 1462514306.6488 1462514307.1757 273
0.3737 4824 1462514306.8997 1462514307.2735 274
0.3679 5742 1462514307.1505 1462514307.5184 275
0.3708 6609 1462514307.4014 1462514307.7723 276
0.3665 8307 1462514307.6522 1462514308.0188 277
0.3699 4623 1462514307.9032 1462514308.2732 278
0.5456 121059 1462514308.1539 1462514308.6997 279
0.8013 5649 1462514308.4049 1462514309.2063 280
0.8301 12492 1462514308.6556 1462514309.4858 281
0.3819 12189 1462514309.1578 1462514309.5398 283
0.9125 5751 1462514308.9065 1462514309.8191 282
0.5644 119773 1462514309.4089 1462514309.9735 284
0.3910 118541 1462514309.6599 1462514310.0509 285
0.5155 4428 1462514309.9108 1462514310.4263 286
0.4720 28198 1462514310.1617 1462514310.6338 287
0.3683 12340 1462514310.4126 1462514310.7810 288
0.3717 4921 1462514310.6635 1462514311.0354 289
0.5583 67559 1462514310.9145 1462514311.4728 290
0.4940 6333 1462514311.1653 1462514311.6594 291
0.5211 4300 1462514311.4162 1462514311.9374 292
0.5519 88757 1462514311.6671 1462514312.2191 293
0.3849 34298 1462514311.9181 1462514312.3030 294
0.4097 183158 1462514312.1690 1462514312.5787 295
0.3873 80535 1462514312.4199 1462514312.8073 296
0.5085 18840 1462514312.6708 1462514313.1794 297
0.6944 5182 1462514312.9216 1462514313.6161 298
0.3848 85402 1462514313.4235 1462514313.8084 300
0.7057 118162 1462514313.1725 1462514313.8783 299
0.5010 143286 1462514313.6744 1462514314.1754 301
0.3672 10872 1462514313.9252 1462514314.2925 302
0.3727 19548 1462514314.1760 1462514314.5488 303
0.3734 23025 1462514314.4269 1462514314.8004 304
0.3750 23258 1462514314.6779 1462514315.0530 305
0.3834 16963 1462514314.9289 1462514315.3124 306
0.3788 8561 1462514315.1797 1462514315.5586 307
0.3825 119635 1462514315.4307 1462514315.8133 308
0.3836 89101 1462514315.6816 1462514316.0653 309
0.3815 20950 1462514315.9325 1462514316.3141 310
0.3811 18482 1462514316.1834 1462514316.5645 311
0.4023 7697 1462514316.4343 1462514316.8367 312
0.3849 11885 1462514316.6852 1462514317.0702 313
0.5225 133827 1462514316.9362 1462514317.4588 314
0.5227 148576 1462514317.1869 1462514317.7096 315
0.3843 113822 1462514317.4377 1462514317.8221 316
0.4972 27813 1462514317.6887 1462514318.1859 317
0.5536 212465 1462514317.9396 1462514318.4933 318
0.4843 29182 1462514318.1906 1462514318.6749 319
0.5300 159199 1462514318.4415 1462514318.9715 320
0.3660 26318 1462514318.6924 1462514319.0585 321
0.4678 176474 1462514318.9432 1462514319.4111 322
0.3921 100977 1462514319.1941 1462514319.5863 323
0.3696 54232 1462514319.4458 1462514319.8155 324
0.3830 4859 1462514319.6964 1462514320.0794 325
0.4258 153288 1462514319.9474 1462514320.3733 326
0.3978 121505 1462514320.1982 1462514320.5961 327
0.3840 13248 1462514320.4492 1462514320.8332 328
0.3857 144893 1462514320.7001 1462514321.0859 329
0.4053 88089 1462514320.9510 1462514321.3563 330
0.3713 14898 1462514321.2020 1462514321.5734 331
0.4251 11135 1462514321.4529 1462514321.8781 332
0.3938 114649 1462514321.7038 1462514322.0977 333
0.5244 42309 1462514321.9547 1462514322.4792 334
0.4819 16782 1462514322.2057 1462514322.6877 335
0.3671 13934 1462514322.4567 1462514322.8239 336
0.4185 121277 1462514322.7076 1462514323.1262 337
0.3754 4395 1462514322.9586 1462514323.3341 338
0.4601 12003 1462514323.2095 1462514323.6697 339
0.4815 19523 1462514323.4605 1462514323.9420 340
0.5473 4014 1462514323.7114 1462514324.2587 341
0.4968 79636 1462514323.9623 1462514324.4592 342
0.3833 80960 1462514324.2132 1462514324.5966 343
0.5193 21347 1462514324.4642 1462514324.9836 344
0.4792 4565 1462514324.7151 1462514325.1943 345
0.3798 14000 1462514324.9660 1462514325.3459 346
0.3665 4553 1462514325.2170 1462514325.5836 347
0.3880 93989 1462514325.4679 1462514325.8560 348
0.3711 5882 1462514325.7189 1462514326.0900 349
0.4940 6756 1462514325.9698 1462514326.4639 350
0.5413 216743 1462514326.2208 1462514326.7621 351
0.4656 41896 1462514326.4717 1462514326.9374 352
0.4700 10163 1462514326.7228 1462514327.1929 353
0.4523 22647 1462514326.9737 1462514327.4260 354
0.6900 13075 1462514327.2246 1462514327.9147 355
0.6286 193759 1462514327.4755 1462514328.1041 356
0.3955 103606 1462514327.7264 1462514328.1220 357
0.5296 8382 1462514327.9771 1462514328.5068 358
0.5235 163667 1462514328.2281 1462514328.7517 359
0.4365 381306 1462514328.4790 1462514328.9156 360
0.3742 7323 1462514328.7302 1462514329.1044 361
0.3777 6825 1462514328.9811 1462514329.3589 362
0.3732 11017 1462514329.2321 1462514329.6053 363
0.4351 294220 1462514329.4830 1462514329.9181 364
0.3730 9930 1462514329.7340 1462514330.1070 365
0.4553 15631 1462514329.9850 1462514330.4404 366
0.4812 17837 1462514330.2360 1462514330.7173 367
0.4899 18074 1462514330.4869 1462514330.9769 368
0.7980 254440 1462514330.7377 1462514331.5358 369
0.3672 9364 1462514331.2397 1462514331.6070 371
0.6254 19049 1462514330.9887 1462514331.6142 370
0.4154 4810 1462514331.4907 1462514331.9061 372
0.3960 177129 1462514331.7416 1462514332.1376 373
0.5784 270820 1462514331.9925 1462514332.5710 374
0.3637 15388 1462514332.2435 1462514332.6072 375
0.3781 95384 1462514332.4945 1462514332.8727 376
0.3908 122203 1462514332.7454 1462514333.1364 377
0.5176 20076 1462514332.9962 1462514333.5139 378
0.4850 11447 1462514333.2471 1462514333.7322 379
0.3611 4742 1462514333.4981 1462514333.8592 380
0.3650 10440 1462514333.7490 1462514334.1141 381
0.4485 15740 1462514333.9999 1462514334.4485 382
0.5145 161013 1462514334.2509 1462514334.7655 383
0.3712 17295 1462514334.5017 1462514334.8730 384
0.3733 4549 1462514334.7530 1462514335.1264 385
0.5442 8089 1462514335.0040 1462514335.5483 386
0.4885 34586 1462514335.2550 1462514335.7435 387
0.4781 19591 1462514335.5059 1462514335.9841 388
0.4987 13287 1462514335.7569 1462514336.2557 389
0.3818 12460 1462514336.0079 1462514336.3898 390
0.3732 61414 1462514336.2588 1462514336.6320 391
0.6392 164080 1462514336.5097 1462514337.1491 392
0.3985 131682 1462514336.7607 1462514337.1592 393
0.3735 5004 1462514337.0116 1462514337.3852 394
0.3874 106299 1462514337.2625 1462514337.6500 395
0.3704 6527 1462514337.5134 1462514337.8839 396
0.3747 11636 1462514337.7643 1462514338.1391 397
0.3638 30376 1462514338.0152 1462514338.3791 398
0.3811 9782 1462514338.2661 1462514338.6473 399
0.4062 219473 1462514338.5171 1462514338.9234 400
0.4602 4975 1462514338.7679 1462514339.2282 401
0.4966 18466 1462514339.0188 1462514339.5155 402
0.4549 19004 1462514339.2697 1462514339.7247 403
0.4868 96961 1462514339.5207 1462514340.0076 404
0.4675 492756 1462514339.7719 1462514340.2395 405
0.6162 225547 1462514340.0230 1462514340.6393 406
0.3772 16053 1462514340.2739 1462514340.6511 407
0.3735 15418 1462514340.5249 1462514340.8985 408
0.3746 10540 1462514340.7759 1462514341.1506 409
0.3808 124761 1462514341.0269 1462514341.4077 410
0.5755 162373 1462514341.2778 1462514341.8534 411
0.4297 107926 1462514341.5287 1462514341.9585 412
0.4796 27407 1462514341.7797 1462514342.2594 413
0.4922 92093 1462514342.0306 1462514342.5229 414
0.3714 11113 1462514342.2817 1462514342.6532 415
0.3724 24183 1462514342.5327 1462514342.9052 416
0.4115 192197 1462514342.7836 1462514343.1951 417
0.3646 21746 1462514343.0345 1462514343.3992 418
0.3649 13794 1462514343.2854 1462514343.6504 419
0.3614 16745 1462514343.5363 1462514343.8978 420
0.3907 7994 1462514344.0381 1462514344.4289 422
0.3876 6676 1462514344.2891 1462514344.6768 423
0.3699 11434 1462514344.5400 1462514344.9100 424
1.2996 184263 1462514343.7872 1462514345.0869 421
0.3697 17672 1462514344.7913 1462514345.1610 425
0.4959 13614 1462514345.0425 1462514345.5384 426
0.4737 4751 1462514345.2934 1462514345.7672 427
0.3734 18628 1462514345.5444 1462514345.9179 428
0.3713 22427 1462514345.7952 1462514346.1666 429
0.3754 49054 1462514346.0462 1462514346.4216 430
0.3596 9218 1462514346.2970 1462514346.6567 431
0.5639 58244 1462514346.5479 1462514347.1119 432
0.5243 33833 1462514346.7988 1462514347.3232 433
0.3832 25785 1462514347.0497 1462514347.4331 434
0.3777 13468 1462514347.3008 1462514347.6786 435
0.3950 145017 1462514347.5517 1462514347.9468 436
0.6101 210805 1462514347.8025 1462514348.4126 437
0.3748 19950 1462514348.0532 1462514348.4281 438
0.3812 40779 1462514348.3045 1462514348.6858 439
0.3894 15433 1462514348.5555 1462514348.9450 440
0.3703 10237 1462514348.8063 1462514349.1767 441
0.3728 38418 1462514349.0571 1462514349.4300 442
0.5591 278175 1462514349.3080 1462514349.8672 443
0.3708 9984 1462514349.5589 1462514349.9298 444
0.4244 121454 1462514349.8098 1462514350.2343 445
0.3691 17122 1462514350.0605 1462514350.4297 446
0.3714 25029 1462514350.3114 1462514350.6829 447
0.3740 21020 1462514350.5623 1462514350.9364 448
0.4199 248558 1462514350.8132 1462514351.2332 449
0.3789 5203 1462514351.0641 1462514351.4431 450
0.3783 22523 1462514351.3150 1462514351.6935 451
0.4194 40876 1462514351.5660 1462514351.9854 452
0.3824 20436 1462514351.8170 1462514352.1995 453
0.5345 146634 1462514352.0679 1462514352.6024 454
0.5052 5348 1462514352.3188 1462514352.8240 455
0.3715 13816 1462514352.5697 1462514352.9412 456
0.4950 25403 1462514352.8206 1462514353.3157 457
0.4747 16863 1462514353.0715 1462514353.5463 458
0.4872 4254 1462514353.3224 1462514353.8097 459
0.4737 9342 1462514353.5733 1462514354.0471 460
0.3834 105201 1462514353.8242 1462514354.2077 461
0.5005 118780 1462514354.0751 1462514354.5757 462
0.4931 8305 1462514354.3261 1462514354.8192 463
0.3921 158774 1462514354.5770 1462514354.9692 464
0.3825 26785 1462514354.8280 1462514355.2105 465
0.3982 140983 1462514355.0791 1462514355.4773 466
0.3817 62690 1462514355.3301 1462514355.7118 467
0.4068 164571 1462514355.5810 1462514355.9879 468
0.4188 236947 1462514355.8319 1462514356.2508 469
0.4006 133737 1462514356.0830 1462514356.4837 470
0.3887 46865 1462514356.3339 1462514356.7227 471
0.4634 267315 1462514356.5849 1462514357.0484 472
0.4645 23393 1462514356.8358 1462514357.3003 473
0.4757 5453 1462514357.0867 1462514357.5625 474
0.5339 133301 1462514357.3376 1462514357.8717 475
0.5045 28756 1462514357.5886 1462514358.0932 476
0.5003 7121 1462514357.8394 1462514358.3398 477
0.4716 10114 1462514358.0903 1462514358.5619 478
0.3779 13373 1462514358.8558 1462514359.2337 479
0.4102 217472 1462514359.1069 1462514359.5172 480
0.3669 8776 1462514359.3579 1462514359.7248 481
0.3701 30914 1462514359.6088 1462514359.9790 482
0.3963 117047 1462514359.8597 1462514360.2561 483
0.4015 117588 1462514360.1109 1462514360.5126 484
0.3798 5470 1462514360.3621 1462514360.7419 485
0.4164 205495 1462514360.6130 1462514361.0294 486
0.3710 26750 1462514360.8639 1462514361.2350 487
0.3743 8732 1462514361.1148 1462514361.4892 488
0.4167 106671 1462514361.3657 1462514361.7825 489
0.4154 19832 1462514361.6166 1462514362.0321 490
0.3713 17596 1462514361.8674 1462514362.2388 491
0.4134 133216 1462514362.1183 1462514362.5318 492
0.4013 184487 1462514362.3692 1462514362.7706 493
0.3655 9380 1462514362.6202 1462514362.9857 494
0.3694 10269 1462514362.8711 1462514363.2405 495
0.3862 107202 1462514363.1220 1462514363.5083 496
0.3681 23152 1462514363.3730 1462514363.7411 497
0.3850 118296 1462514363.6239 1462514364.0090 498
0.3787 97175 1462514363.8749 1462514364.2536 499
0.4270 171515 1462514364.1258 1462514364.5529 500
0.3879 11616 1462514364.3767 1462514364.7647 501
0.3775 4800 1462514364.6276 1462514365.0052 502
0.4076 153399 1462514364.8786 1462514365.2863 503
0.3732 25928 1462514365.1300 1462514365.5032 504
0.3887 8368 1462514365.3811 1462514365.7699 505
0.3953 136268 1462514365.6320 1462514366.0274 506
0.3974 153899 1462514365.8830 1462514366.2805 507
0.3697 4468 1462514366.1339 1462514366.5036 508
0.3927 16587 1462514366.3848 1462514366.7776 509
0.4179 7614 1462514366.6357 1462514367.0537 510
0.5455 14142 1462514366.8866 1462514367.4322 511
0.4819 32493 1462514367.1376 1462514367.6196 512
0.3809 20282 1462514367.3886 1462514367.7696 513
0.3773 20771 1462514367.6392 1462514368.0165 514
0.3960 171446 1462514367.8901 1462514368.2861 515
0.4368 18476 1462514368.1410 1462514368.5779 516
0.4756 52088 1462514368.3920 1462514368.8677 517
0.3948 37463 1462514368.6430 1462514369.0379 518
0.3653 4700 1462514368.8939 1462514369.2593 519
0.3863 27226 1462514369.1449 1462514369.5312 520
0.3933 94194 1462514369.3958 1462514369.7892 521
0.4565 5365 1462514369.6467 1462514370.1032 522
0.5150 130408 1462514369.8976 1462514370.4127 523
0.3757 23925 1462514370.1494 1462514370.5251 524
0.3937 140624 1462514370.4006 1462514370.7943 525
0.3870 27001 1462514370.6513 1462514371.0384 526
0.4128 112435 1462514370.9021 1462514371.3150 527
0.5587 217876 1462514371.1530 1462514371.7118 528
0.5645 101230 1462514371.4040 1462514371.9685 529
0.4231 5613 1462514371.6549 1462514372.0780 530
0.4611 23875 1462514371.9057 1462514372.3669 531
0.4893 24554 1462514372.1567 1462514372.6461 532
0.4665 4347 1462514372.4076 1462514372.8741 533
0.7415 251541 1462514372.6585 1462514373.4000 534
0.3743 29558 1462514373.1602 1462514373.5346 536
0.7663 148681 1462514372.9094 1462514373.6758 535
0.4747 10212 1462514373.4111 1462514373.8858 537
0.4885 120843 1462514373.6620 1462514374.1506 538
0.7212 15997 1462514373.9130 1462514374.6343 539
0.6129 25147 1462514374.1639 1462514374.7769 540
0.3894 22113 1462514374.4148 1462514374.8042 541
0.3656 13343 1462514374.6657 1462514375.0314 542
0.3865 35454 1462514374.9167 1462514375.3033 543
0.3737 19743 1462514375.1674 1462514375.5412 544
0.3669 4440 1462514375.4184 1462514375.7854 545
0.3815 110749 1462514375.6694 1462514376.0510 546
0.5167 141070 1462514375.9203 1462514376.4371 547
0.7589 9260 1462514376.1712 1462514376.9301 548
0.6838 145584 1462514376.4221 1462514377.1062 549
0.4372 21892 1462514376.6730 1462514377.1102 550
0.4780 35348 1462514376.9240 1462514377.4021 551
0.5433 218866 1462514377.1749 1462514377.7183 552
0.3857 7564 1462514377.4258 1462514377.8115 553
0.3835 39230 1462514377.6767 1462514378.0603 554
0.3688 17604 1462514377.9276 1462514378.2966 555
0.3665 17396 1462514378.1784 1462514378.5450 556
0.4138 103877 1462514378.4293 1462514378.8432 557
0.3683 12598 1462514378.6802 1462514379.0486 558
0.3758 7110 1462514378.9311 1462514379.3069 559
0.4432 11141 1462514379.1820 1462514379.6253 560
0.4959 24983 1462514379.4330 1462514379.9289 561
0.3703 27686 1462514379.6839 1462514380.0543 562
0.3868 22932 1462514379.9348 1462514380.3217 563
0.3753 6170 1462514380.1857 1462514380.5611 564
0.5997 135219 1462514380.4369 1462514381.0367 565
0.3757 8616 1462514380.6880 1462514381.0638 566
0.5346 125271 1462514380.9390 1462514381.4737 567
0.5061 33323 1462514381.1900 1462514381.6961 568
0.3963 19688 1462514381.4408 1462514381.8372 569
0.4171 4815 1462514381.6918 1462514382.1091 570
0.6917 249348 1462514381.9429 1462514382.6347 571
0.7050 23026 1462514382.1935 1462514382.8986 572
0.3707 6261 1462514382.6953 1462514383.0661 574
0.6495 16180 1462514382.4444 1462514383.0940 573
0.4833 23803 1462514382.9460 1462514383.4294 575
0.4783 17446 1462514383.1970 1462514383.6754 576
0.4374 188374 1462514383.4477 1462514383.8852 577
0.4678 49102 1462514383.6987 1462514384.1666 578
0.4971 11720 1462514383.9496 1462514384.4468 579
0.5070 20694 1462514384.2005 1462514384.7076 580
0.4830 59884 1462514384.4514 1462514384.9344 581
0.3759 14973 1462514384.7022 1462514385.0782 582
0.3775 5531 1462514384.9530 1462514385.3306 583
0.3697 14955 1462514385.2040 1462514385.5737 584
0.3685 54653 1462514385.4549 1462514385.8235 585
0.3907 154558 1462514385.7059 1462514386.0967 586
0.3875 4836 1462514385.9568 1462514386.3443 587
0.5030 7242 1462514386.2077 1462514386.7108 588
0.5109 11948 1462514386.4587 1462514386.9696 589
0.3878 95346 1462514386.7097 1462514387.0976 590
0.4904 5225 1462514386.9607 1462514387.4512 591
0.4845 11357 1462514387.2116 1462514387.6962 592
0.3911 99889 1462514387.4625 1462514387.8536 593
0.3824 12722 1462514387.7133 1462514388.0958 594
0.3756 4094 1462514387.9642 1462514388.3400 595
0.3719 9501 1462514388.2151 1462514388.5871 596
0.3667 19621 1462514388.4660 1462514388.8328 597
0.3722 11666 1462514388.7170 1462514389.0893 598
0.3658 10249 1462514391.3253 1462514391.6912 599
0.4312 26658 1462514391.5764 1462514392.0077 600
0.3885 90917 1462514391.8274 1462514392.2159 601
0.3732 10440 1462514392.0783 1462514392.4515 602
0.4930 20467 1462514392.3291 1462514392.8222 603
0.7300 6451 1462514392.5800 1462514393.3101 604
0.6183 260257 1462514392.8310 1462514393.4493 605
0.3768 44443 1462514393.0820 1462514393.4589 606
0.3763 9290 1462514393.3330 1462514393.7093 607
0.3739 7690 1462514393.5838 1462514393.9577 608
0.3638 15337 1462514393.8347 1462514394.1987 609
0.3761 4928 1462514394.0857 1462514394.4619 610
0.3763 7593 1462514394.3366 1462514394.7130 611
0.3595 13904 1462514394.5874 1462514394.9470 612
0.3997 172529 1462514394.8383 1462514395.2391 613
0.3793 7237 1462514395.0892 1462514395.4686 614
0.4875 5596 1462514395.3401 1462514395.8277 615
0.4866 116958 1462514395.5912 1462514396.0780 616
0.3755 7481 1462514395.8421 1462514396.2176 617
0.3843 121127 1462514396.0931 1462514396.4775 618
0.3731 19536 1462514396.3441 1462514396.7173 619
0.4090 4471 1462514396.5951 1462514397.0042 620
0.3761 4825 1462514396.8457 1462514397.2219 621
0.3972 128433 1462514397.0963 1462514397.4936 622
0.5773 141033 1462514397.5981 1462514398.1755 624
0.5590 167565 1462514397.8490 1462514398.4082 625
0.5113 13172 1462514398.1001 1462514398.6114 626
0.4201 272396 1462514398.3510 1462514398.7712 627
1.4275 575829 1462514397.3472 1462514398.7747 623
0.3791 6255 1462514398.6019 1462514398.9811 628
0.4064 214982 1462514398.8528 1462514399.2593 629
0.4620 15293 1462514399.1038 1462514399.5659 630
0.6614 7961 1462514399.3547 1462514400.0162 631
0.6011 20490 1462514399.6056 1462514400.2068 632
0.4062 125087 1462514399.8566 1462514400.2629 633
0.4399 17874 1462514400.1074 1462514400.5474 634
0.3668 17972 1462514400.3583 1462514400.7252 635
0.5341 26502 1462514400.6092 1462514401.1434 636
0.4801 34609 1462514400.8603 1462514401.3404 637
0.3918 156074 1462514401.1114 1462514401.5032 638
0.4383 296845 1462514401.3623 1462514401.8006 639
0.4169 7090 1462514401.6133 1462514402.0302 640
0.3766 20708 1462514401.8641 1462514402.2407 641
0.3997 169097 1462514402.1167 1462514402.5165 642
0.3800 51639 1462514402.3675 1462514402.7476 643
0.3764 4531 1462514402.6185 1462514402.9950 644
0.4297 191031 1462514402.8694 1462514403.2992 645
0.3939 12059 1462514403.1203 1462514403.5143 646
0.4443 14070 1462514403.3712 1462514403.8155 647
0.4631 6869 1462514403.6221 1462514404.0853 648
0.3744 15146 1462514403.8731 1462514404.2475 649
0.3905 103947 1462514404.1240 1462514404.5146 650
0.3724 5658 1462514404.3749 1462514404.7474 651
0.3813 21156 1462514404.6259 1462514405.0073 652
0.3820 23327 1462514404.8768 1462514405.2588 653
0.4428 247112 1462514405.1277 1462514405.5706 654
0.5442 229425 1462514405.3787 1462514405.9230 655
0.3872 136488 1462514405.6296 1462514406.0170 656
0.3857 40872 1462514405.8809 1462514406.2667 657
0.3782 14307 1462514406.1321 1462514406.5104 658
0.3758 4729 1462514406.3830 1462514406.7589 659
0.4426 146699 1462514406.6340 1462514407.0767 660
0.3842 128661 1462514406.8850 1462514407.2693 661
0.3935 113918 1462514407.1360 1462514407.5296 662
0.3703 8224 1462514407.3869 1462514407.7573 663
0.3703 43340 1462514407.6378 1462514408.0081 664
0.4380 296226 1462514407.8888 1462514408.3280 665
0.3793 66518 1462514408.1397 1462514408.5190 666
0.4940 8027 1462514408.3906 1462514408.8847 667
0.6529 4611 1462514408.6415 1462514409.2945 668
0.5993 6939 1462514408.8925 1462514409.4919 669
0.4069 206585 1462514409.1435 1462514409.5505 670
0.4186 10384 1462514409.3944 1462514409.8130 671
0.5417 122294 1462514409.6453 1462514410.1871 672
0.5024 71225 1462514409.8962 1462514410.3987 673
0.3756 9446 1462514410.1470 1462514410.5227 674
0.4646 320270 1462514410.3978 1462514410.8625 675
0.3828 6139 1462514410.6484 1462514411.0313 676
0.3813 110291 1462514410.8993 1462514411.2807 677
0.4504 12902 1462514411.1502 1462514411.6008 678
0.5287 55002 1462514411.4011 1462514411.9299 679
0.3730 18425 1462514411.6521 1462514412.0252 680
0.5174 6082 1462514411.9031 1462514412.4206 681
0.7272 27478 1462514412.1539 1462514412.8812 682
0.3721 4546 1462514412.6557 1462514413.0278 684
0.6442 34002 1462514412.4049 1462514413.0491 683
0.4628 9162 1462514412.9067 1462514413.3695 685
0.5000 10167 1462514413.1576 1462514413.6577 686
0.4960 109207 1462514413.4085 1462514413.9045 687
0.3817 69765 1462514413.6594 1462514414.0412 688
0.4359 4132 1462514413.9103 1462514414.3463 689
0.4845 15020 1462514414.1612 1462514414.6457 690
0.3738 62055 1462514414.4121 1462514414.7860 691
0.4825 10151 1462514414.6630 1462514415.1455 692
0.4682 4177 1462514414.9139 1462514415.3822 693
0.3804 96556 1462514415.1649 1462514415.5454 694
0.3922 98479 1462514415.4158 1462514415.8080 695
0.3685 4959 1462514415.9177 1462514416.2863 697
0.6460 159194 1462514415.6668 1462514416.3129 696
0.3698 5206 1462514416.1691 1462514416.5389 698
0.3865 4880 1462514416.4201 1462514416.8068 699
0.4064 5408 1462514416.6711 1462514417.0776 700
0.3806 8846 1462514416.9221 1462514417.3027 701
0.3726 17249 1462514417.1730 1462514417.5457 702
0.3651 9422 1462514417.4240 1462514417.7892 703
0.3892 58603 1462514417.6750 1462514418.0643 704
0.3774 13461 1462514417.9259 1462514418.3034 705
0.3892 41689 1462514418.1767 1462514418.5660 706
0.3786 38995 1462514418.4276 1462514418.8063 707
0.3937 27868 1462514418.6786 1462514419.0724 708
0.3912 139966 1462514418.9296 1462514419.3208 709
0.3703 5131 1462514419.1804 1462514419.5507 710
0.3762 42659 1462514419.4312 1462514419.8075 711
0.3704 5476 1462514419.6821 1462514420.0526 712
0.3818 8355 1462514419.9331 1462514420.3156 713
0.3624 12488 1462514420.1840 1462514420.5464 714
0.3667 30723 1462514420.4349 1462514420.8018 715
0.3747 12717 1462514420.6859 1462514421.0607 716
0.4282 142692 1462514420.9369 1462514421.3651 717
0.3772 19625 1462514421.1881 1462514421.5653 718
0.3731 21868 1462514423.8152 1462514424.1884 719
0.3884 13519 1462514424.0659 1462514424.4543 720
0.4802 22555 1462514424.3169 1462514424.7971 721
0.4759 28689 1462514424.5678 1462514425.0438 722
0.3782 9126 1462514424.8187 1462514425.1970 723
0.4824 5700 1462514425.0696 1462514425.5521 724
0.3669 12930 1462514425.5713 1462514425.9383 726
0.7200 270844 1462514425.3206 1462514426.0407 725
0.3734 29423 1462514425.8223 1462514426.1958 727
0.5792 206046 1462514426.0733 1462514426.6527 728
0.5657 5239 1462514426.3244 1462514426.8901 729
0.4116 9016 1462514426.5754 1462514426.9871 730
0.3994 8859 1462514426.8264 1462514427.2258 731
0.4710 21934 1462514427.0773 1462514427.5483 732
0.5059 121795 1462514427.3282 1462514427.8342 733
0.3935 119688 1462514427.5791 1462514427.9727 734
0.4190 210057 1462514427.8334 1462514428.2524 735
0.3634 4148 1462514428.0845 1462514428.4479 736
0.3645 4455 1462514428.3354 1462514428.7000 737
0.3785 84887 1462514428.5863 1462514428.9649 738
0.3915 128105 1462514428.8372 1462514429.2288 739
0.4331 8439 1462514429.0881 1462514429.5213 740
0.4781 5553 1462514429.3390 1462514429.8172 741
0.4102 162407 1462514429.5900 1462514430.0003 742
0.3603 5428 1462514429.8409 1462514430.2013 743
0.4860 109491 1462514430.0919 1462514430.5780 744
0.5241 132948 1462514430.3428 1462514430.8670 745
0.3752 122352 1462514430.5937 1462514430.9690 746
0.4925 83028 1462514430.8446 1462514431.3371 747
0.9483 16229 1462514431.0955 1462514432.0439 748
0.9589 23423 1462514431.3465 1462514432.3055 749
0.3718 19362 1462514432.0995 1462514432.4714 752
1.0009 5405 1462514431.5975 1462514432.5985 750
0.8680 13854 1462514431.8485 1462514432.7167 751
0.3802 35156 1462514432.3504 1462514432.7307 753
0.3682 19234 1462514432.6015 1462514432.9697 754
0.4220 196383 1462514432.8524 1462514433.2746 755
0.3783 31728 1462514433.1033 1462514433.4817 756
0.4503 15878 1462514433.3542 1462514433.8045 757
0.5222 159172 1462514433.6051 1462514434.1274 758
0.4470 4780 1462514433.8560 1462514434.3031 759
0.3652 5242 1462514434.3579 1462514434.7231 761
0.5124 18798 1462514434.6089 1462514435.1214 762
0.4877 34801 1462514434.8599 1462514435.3477 763
0.3792 7602 1462514435.1108 1462514435.4900 764
1.4888 314466 1462514434.1070 1462514435.5959 760
0.3714 15143 1462514435.3616 1462514435.7331 765
0.3737 15814 1462514435.6126 1462514435.9863 766
0.3941 138239 1462514435.8634 1462514436.2576 767
0.3961 148327 1462514436.1143 1462514436.5106 768
0.4403 150055 1462514436.3662 1462514436.8065 769
0.4092 7915 1462514436.6172 1462514437.0264 770
0.4753 15169 1462514436.8682 1462514437.3435 771
0.5085 191239 1462514437.1191 1462514437.6277 772
0.3781 75524 1462514437.3700 1462514437.7482 773
0.4976 141550 1462514437.6210 1462514438.1187 774
0.5367 37263 1462514437.8720 1462514438.4088 775
0.3988 183127 1462514438.1229 1462514438.5218 776
0.3824 41249 1462514438.3737 1462514438.7561 777
0.3806 6613 1462514438.6246 1462514439.0053 778
0.3701 14707 1462514438.8755 1462514439.2457 779
0.3721 7830 1462514439.1265 1462514439.4986 780
0.4723 9802 1462514439.3773 1462514439.8497 781
0.4834 34686 1462514439.6282 1462514440.1117 782
0.4900 125989 1462514439.8791 1462514440.3692 783
0.4866 20026 1462514440.1300 1462514440.6167 784
0.3766 22374 1462514440.3810 1462514440.7577 785
0.3774 56284 1462514440.6319 1462514441.0094 786
0.3973 59544 1462514440.8828 1462514441.2802 787
0.5546 153883 1462514441.1337 1462514441.6884 788
0.5095 26248 1462514441.3847 1462514441.8943 789
0.4515 122679 1462514441.6357 1462514442.0873 790
0.4138 165712 1462514441.8870 1462514442.3009 791
0.4144 172554 1462514442.1380 1462514442.5525 792
0.4808 23799 1462514442.3889 1462514442.8698 793
0.5023 164540 1462514442.6399 1462514443.1423 794
0.3890 162671 1462514442.8905 1462514443.2796 795
0.3735 15444 1462514443.1414 1462514443.5149 796
0.6300 409879 1462514443.3923 1462514444.0224 797
0.3887 107913 1462514443.6431 1462514444.0319 798
0.3846 92028 1462514443.8941 1462514444.2788 799
0.4684 62976 1462514444.1450 1462514444.6135 800
0.4801 20401 1462514444.3960 1462514444.8762 801
0.3761 16569 1462514444.6469 1462514445.0231 802
0.5255 50429 1462514444.8977 1462514445.4233 803
0.7521 102216 1462514445.1486 1462514445.9009 804
0.6158 10439 1462514445.3996 1462514446.0155 805
0.4979 4604 1462514445.6504 1462514446.1485 806
0.5025 134830 1462514445.9014 1462514446.4041 807
0.3751 20497 1462514446.1524 1462514446.5277 808
0.5894 186273 1462514446.4033 1462514446.9927 809
0.5960 286800 1462514446.6544 1462514447.2505 810
0.4936 13251 1462514446.9054 1462514447.3991 811
0.4676 36976 1462514447.1564 1462514447.6240 812
0.5921 170811 1462514447.4073 1462514447.9995 813
0.4118 210652 1462514447.6582 1462514448.0701 814
0.3637 30595 1462514447.9091 1462514448.2729 815
0.4244 9293 1462514448.1600 1462514448.5845 816
0.5453 332737 1462514448.4110 1462514448.9563 817
0.3942 93733 1462514448.6619 1462514449.0561 818
0.4203 192964 1462514448.9128 1462514449.3332 819
0.3830 15096 1462514449.1639 1462514449.5470 820
0.3797 10590 1462514449.4146 1462514449.7944 821
0.3705 4911 1462514449.6655 1462514450.0361 822
0.3942 87594 1462514449.9164 1462514450.3107 823
0.3711 7459 1462514450.1673 1462514450.5385 824
0.3668 6140 1462514450.4182 1462514450.7850 825
0.4357 26947 1462514450.6691 1462514451.1049 826
0.4866 17646 1462514450.9200 1462514451.4066 827
0.3753 46419 1462514451.1710 1462514451.5463 828
0.8406 316926 1462514451.4216 1462514452.2623 829
0.9781 63088 1462514451.6729 1462514452.6510 830
0.9337 5456 1462514451.9241 1462514452.8579 831
0.5123 19119 1462514452.4262 1462514452.9385 833
0.7944 7685 1462514452.1752 1462514452.9697 832
0.5085 170302 1462514452.6771 1462514453.1857 834
0.6262 457935 1462514452.9280 1462514453.5543 835
0.5649 14386 1462514453.1790 1462514453.7440 836
0.3820 12220 1462514453.4299 1462514453.8120 837
0.4059 206838 1462514453.6808 1462514454.0869 838
0.5504 215013 1462514456.4935 1462514457.0440 839
0.8491 108126 1462514456.7451 1462514457.5943 840
0.4053 182471 1462514457.2472 1462514457.6526 842
0.7850 100966 1462514456.9962 1462514457.7812 841
0.7740 17053 1462514457.4981 1462514458.2723 843
0.3774 19874 1462514457.9999 1462514458.3774 845
0.6825 182508 1462514457.7491 1462514458.4317 844
0.3664 4174 1462514458.2509 1462514458.6173 846
0.3889 6750 1462514458.5018 1462514458.8907 847
0.3687 4384 1462514458.7560 1462514459.1248 848
0.3688 15797 1462514459.0070 1462514459.3758 849
0.4031 236698 1462514459.2579 1462514459.6611 850
0.3674 18970 1462514459.5087 1462514459.8762 851
0.3741 11050 1462514459.7597 1462514460.1338 852
0.3716 9734 1462514460.0124 1462514460.3840 853
0.5335 73182 1462514460.2633 1462514460.7969 854
0.7619 153145 1462514460.5142 1462514461.2762 855
0.3749 5824 1462514461.0157 1462514461.3906 857
0.6393 150593 1462514460.7649 1462514461.4043 856
0.3889 77061 1462514461.2665 1462514461.6572 858
0.4318 14615 1462514461.5175 1462514461.9493 859
0.4047 11420 1462514461.7685 1462514462.1733 860
0.3678 10393 1462514462.0194 1462514462.3872 861
0.4046 176483 1462514462.2703 1462514462.6750 862
0.3694 6713 1462514462.5212 1462514462.8906 863
0.4154 224918 1462514462.7721 1462514463.1875 864
0.3681 22654 1462514463.0230 1462514463.3912 865
0.3746 20378 1462514463.2739 1462514463.6487 866
0.3820 57814 1462514463.5249 1462514463.9070 867
0.4926 12867 1462514463.7758 1462514464.2686 868
0.4754 18806 1462514464.0268 1462514464.5022 869
0.5287 124188 1462514464.2777 1462514464.8065 870
0.4920 14404 1462514464.5286 1462514465.0208 871
0.3744 26124 1462514464.7796 1462514465.1541 872
0.3861 130479 1462514465.0305 1462514465.4167 873
0.3683 18997 1462514465.2815 1462514465.6499 874
0.3774 11265 1462514465.5325 1462514465.9099 875
0.4825 7647 1462514465.7834 1462514466.2660 876
0.4806 4649 1462514466.0342 1462514466.5149 877
0.3702 4808 1462514466.2861 1462514466.6563 878
0.4324 136642 1462514466.5370 1462514466.9695 879
0.3951 16968 1462514466.7880 1462514467.1832 880
0.5059 19004 1462514467.0391 1462514467.5451 881
0.4843 15593 1462514467.2901 1462514467.7745 882
0.3731 8795 1462514467.5411 1462514467.9143 883
0.3790 14159 1462514467.7921 1462514468.1725 884
0.3683 9636 1462514468.0430 1462514468.4114 885
0.3735 20618 1462514468.2940 1462514468.6675 886
0.3830 35664 1462514468.5449 1462514468.9281 887
0.3914 106160 1462514468.7959 1462514469.1874 888
0.4490 21947 1462514469.0468 1462514469.4959 889
0.5007 109326 1462514469.2977 1462514469.7985 890
0.3762 9090 1462514469.5487 1462514469.9250 891
0.3910 139578 1462514469.7997 1462514470.1908 892
0.3795 32948 1462514470.0507 1462514470.4302 893
0.4956 10567 1462514470.3016 1462514470.7973 894
0.4757 8398 1462514470.5526 1462514471.0283 895
0.5298 122227 1462514470.8035 1462514471.3334 896
0.4980 5208 1462514471.0544 1462514471.5526 897
0.3797 32102 1462514471.3053 1462514471.6852 898
0.4077 9081 1462514471.5562 1462514471.9640 899
0.4783 9954 1462514471.8071 1462514472.2855 900
0.4751 12594 1462514472.0582 1462514472.5334 901
0.3792 6779 1462514472.3093 1462514472.6886 902
0.3662 20989 1462514472.5602 1462514472.9264 903
0.3755 29716 1462514472.8111 1462514473.1867 904
0.3778 4881 1462514473.0620 1462514473.4399 905
0.4005 124104 1462514473.3129 1462514473.7135 906
0.3673 24875 1462514473.5638 1462514473.9312 907
0.3913 135564 1462514473.8147 1462514474.2061 908
0.3727 4312 1462514474.0657 1462514474.4384 909
0.4119 228246 1462514474.3166 1462514474.7287 910
0.3742 38772 1462514474.5676 1462514474.9418 911
0.3708 5437 1462514474.8185 1462514475.1894 912
0.4952 11099 1462514475.0695 1462514475.5647 913
0.7410 240388 1462514475.3204 1462514476.0615 914
0.6237 7446 1462514475.5713 1462514476.1950 915
0.3808 80360 1462514475.8222 1462514476.2031 916
0.4156 226017 1462514476.0731 1462514476.4888 917
0.3709 4693 1462514476.3239 1462514476.6949 918
0.4094 4887 1462514476.5747 1462514476.9842 919
0.4067 23061 1462514476.8257 1462514477.2324 920
0.3724 13911 1462514477.0771 1462514477.4496 921
0.3663 21401 1462514477.3282 1462514477.6946 922
0.3936 5091 1462514477.5791 1462514477.9728 923
0.3754 51190 1462514477.8301 1462514478.2055 924
0.3699 12104 1462514478.0810 1462514478.4510 925
0.3758 16333 1462514478.3319 1462514478.7078 926
0.3878 109851 1462514478.5828 1462514478.9707 927
0.3926 117944 1462514478.8337 1462514479.2264 928
0.4552 35320 1462514479.0847 1462514479.5400 929
0.4772 17966 1462514479.3357 1462514479.8129 930
0.3704 14151 1462514479.5866 1462514479.9571 931
0.3929 39175 1462514479.8374 1462514480.2304 932
0.3692 8641 1462514480.0882 1462514480.4575 933
0.5284 4990 1462514480.3392 1462514480.8676 934
0.4908 6743 1462514480.5901 1462514481.0810 935
0.3696 19578 1462514480.8411 1462514481.2107 936
0.3832 53033 1462514481.0919 1462514481.4752 937
0.3929 117416 1462514481.3427 1462514481.7356 938
0.5495 11406 1462514481.5936 1462514482.1432 939
0.5128 71888 1462514481.8446 1462514482.3575 940
0.3695 7331 1462514482.0959 1462514482.4655 941
0.3739 17897 1462514482.3470 1462514482.7210 942
0.3716 32235 1462514482.5980 1462514482.9696 943
0.3818 15495 1462514482.8489 1462514483.2308 944
0.3651 18771 1462514483.0999 1462514483.4650 945
0.3699 7058 1462514483.3509 1462514483.7208 946
0.3745 34107 1462514483.6018 1462514483.9764 947
0.4094 224239 1462514483.8528 1462514484.2622 948
0.3756 19142 1462514484.1036 1462514484.4792 949
0.3790 23624 1462514484.3545 1462514484.7335 950
0.3697 17452 1462514484.6054 1462514484.9752 951
0.5283 4593 1462514484.8564 1462514485.3847 952
0.6798 21589 1462514485.1072 1462514485.7871 953
0.5912 26962 1462514485.3582 1462514485.9495 954
0.3744 31882 1462514485.6092 1462514485.9837 955
0.4014 143125 1462514485.8602 1462514486.2617 956
0.3899 80320 1462514486.1110 1462514486.5010 957
0.3882 107763 1462514486.3618 1462514486.7501 958
0.5111 42527 1462514488.9263 1462514489.4374 959
0.4810 21839 1462514489.1774 1462514489.6585 960
0.3791 5481 1462514489.4282 1462514489.8074 961
0.3748 11436 1462514489.6791 1462514490.0539 962
0.3833 5528 1462514489.9300 1462514490.3133 963
0.4752 6093 1462514490.1809 1462514490.6563 964
0.4838 84587 1462514490.4318 1462514490.9158 965
0.3634 6966 1462514490.6827 1462514491.0462 966
0.3931 127652 1462514490.9337 1462514491.3269 967
0.3811 4966 1462514491.1845 1462514491.5656 968
0.3762 31251 1462514491.4354 1462514491.8117 969
0.3863 4882 1462514491.6863 1462514492.0727 970
0.3765 32844 1462514491.9372 1462514492.3139 971
0.5132 23039 1462514492.1881 1462514492.7013 972
0.6724 8783 1462514492.4392 1462514493.1117 973
0.5836 4949 1462514492.6903 1462514493.2739 974
0.4085 209399 1462514492.9411 1462514493.3497 975
0.3926 180282 1462514493.1921 1462514493.5848 976
0.3914 68394 1462514493.4430 1462514493.8344 977
0.5051 29347 1462514493.6939 1462514494.1991 978
0.4893 85500 1462514493.9449 1462514494.4343 979
0.3815 100228 1462514494.1955 1462514494.5771 980
0.3877 116208 1462514494.4465 1462514494.8343 981
0.4122 109368 1462514494.9483 1462514495.3618 983
0.3674 5411 1462514495.1992 1462514495.5667 984
1.3285 174985 1462514494.6974 1462514496.0260 982
0.6455 174839 1462514495.4501 1462514496.0957 985
0.5464 19134 1462514495.7010 1462514496.2475 986
0.3841 44211 1462514495.9524 1462514496.3365 987
0.3967 79979 1462514496.2032 1462514496.5999 988
0.3717 29753 1462514496.4540 1462514496.8258 989
0.6234 154559 1462514496.7050 1462514497.3285 990
0.5670 105620 1462514496.9559 1462514497.5230 991
0.5321 4604 1462514497.2069 1462514497.7391 992
0.4651 20836 1462514497.4582 1462514497.9234 993
0.3674 14570 1462514497.7091 1462514498.0766 994
0.3871 17802 1462514497.9601 1462514498.3473 995
0.3682 7827 1462514498.2110 1462514498.5793 996
0.3709 38159 1462514498.4619 1462514498.8328 997
0.3642 11168 1462514498.7128 1462514499.0771 998
0.3753 35078 1462514498.9637 1462514499.3391 999
0.4623 26118 1462514499.2147 1462514499.6770 1000
0.4714 6250 1462514499.4656 1462514499.9371 1001
0.4098 192855 1462514499.7165 1462514500.1264 1002
0.4197 169368 1462514499.9675 1462514500.3872 1003
0.4714 16887 1462514500.2184 1462514500.6899 1004
0.4784 16274 1462514500.4693 1462514500.9478 1005
0.3692 14673 1462514500.7202 1462514501.0895 1006
0.4491 9078 1462514500.9711 1462514501.4202 1007
0.4861 11376 1462514501.2220 1462514501.7082 1008
0.5648 8135 1462514501.4730 1462514502.0378 1009
0.8721 203615 1462514501.7239 1462514502.5961 1010
0.3817 56491 1462514502.2258 1462514502.6076 1012
0.6821 21253 1462514501.9748 1462514502.6571 1011
0.3731 6639 1462514502.4773 1462514502.8505 1013
0.3943 71265 1462514502.7282 1462514503.1226 1014
0.4029 80135 1462514502.9791 1462514503.3821 1015
0.3757 23183 1462514503.2301 1462514503.6059 1016
0.4238 4482 1462514503.4810 1462514503.9049 1017
0.4757 53885 1462514503.7320 1462514504.2078 1018
0.4958 8247 1462514503.9830 1462514504.4789 1019
0.4754 6781 1462514504.2340 1462514504.7095 1020
0.3747 7482 1462514504.4849 1462514504.8597 1021
0.3823 32432 1462514504.7359 1462514505.1183 1022
0.5273 106126 1462514504.9867 1462514505.5141 1023
0.5056 23511 1462514505.2377 1462514505.7434 1024
0.3714 19037 1462514505.4887 1462514505.8602 1025
0.3978 134092 1462514505.7399 1462514506.1377 1026
0.3852 18616 1462514505.9908 1462514506.3761 1027
0.3665 4998 1462514506.2417 1462514506.6084 1028
0.5537 29571 1462514506.4926 1462514507.0464 1029
0.8559 4828 1462514506.7436 1462514507.5996 1030
0.3676 14551 1462514507.4964 1462514507.8641 1033
0.9299 192296 1462514506.9945 1462514507.9245 1031
0.8385 151756 1462514507.2454 1462514508.0841 1032
0.3975 165064 1462514507.7474 1462514508.1451 1034
0.4305 117420 1462514507.9983 1462514508.4289 1035
0.4690 4547 1462514508.2491 1462514508.7182 1036
0.4788 8231 1462514508.5001 1462514508.9790 1037
0.3681 10142 1462514508.7511 1462514509.1193 1038
0.3813 107347 1462514509.0020 1462514509.3834 1039
0.3771 15430 1462514509.2530 1462514509.6302 1040
0.5037 4366 1462514509.5039 1462514510.0077 1041
0.6990 22224 1462514509.7549 1462514510.4540 1042
0.5994 101112 1462514510.0060 1462514510.6055 1043
0.3832 28822 1462514510.2567 1462514510.6400 1044
0.3783 7929 1462514510.5076 1462514510.8859 1045
0.3827 81432 1462514510.7585 1462514511.1412 1046
0.3659 12841 1462514511.0094 1462514511.3753 1047
0.3769 7037 1462514511.5112 1462514511.8882 1049
0.4141 4300 1462514511.7621 1462514512.1762 1050
0.3769 18040 1462514512.0130 1462514512.3900 1051
0.5176 157869 1462514512.7662 1462514513.2840 1054
0.3891 75528 1462514513.2684 1462514513.6576 1056
0.7157 7121 1462514513.0174 1462514513.7332 1055
0.3788 15162 1462514513.5193 1462514513.8982 1057
0.3668 5019 1462514514.2722 1462514514.6390 1060
0.3772 5987 1462514515.2761 1462514515.6534 1064
0.3728 4969 1462514516.2802 1462514516.6531 1068
0.6284 121582 1462514516.5320 1462514517.1605 1069
0.5675 24631 1462514516.7830 1462514517.3506 1070
0.3874 107616 1462514517.0340 1462514517.4215 1071
0.3913 119673 1462514517.5358 1462514517.9272 1073
0.3872 86475 1462514517.7868 1462514518.1740 1074
38.7507 132130 1462514515.5272 1462514554.2780 1065
40.2926 4717 1462514515.0251 1462514555.3178 1063
44.3574 4205 1462514511.2603 1462514555.6177 1048
42.3456 9075 1462514513.7703 1462514556.1160 1058
42.5074 198822 1462514514.5232 1462514557.0307 1061
40.3937 143780 1462514518.2887 1462514558.6825 1076
44.6166 30565 1462514516.0291 1462514560.6458 1067
52.3084 55264 1462514512.2639 1462514564.5724 1052
46.1394 13275 1462514518.7912 1462514564.9307 1078
51.3853 5389 1462514514.0212 1462514565.4066 1059
47.6190 11202 1462514518.0377 1462514565.6568 1075
48.3771 5107 1462514517.2849 1462514565.6621 1072
47.3367 7311 1462514518.5402 1462514565.8770 1077
53.4042 174246 1462514512.5148 1462514565.9191 1053
50.3633 155464 1462514515.7781 1462514566.1415 1066
53.3974 28671 1462514514.7741 1462514568.1715 1062
