6.00821e-08
6.00821e-08
0.0138875
0.0138875
0.0138875
0.0138875
0.0138875
0.0138875
0.0138875
6.42552e-11
6.5094e-10
1.96484e-09
1.96484e-09
0.0138875
6.00821e-08
0.0138875
6.42552e-11
6.00821e-08
6.00821e-08
1.96484e-09
0.0138875
6.42552e-11
0.0138875
6.00821e-08
0.0138875
6.00821e-08
6.00821e-08
0.0138873
0.0138875
1.96484e-09
0.0138875
9.79415e-10
6.00821e-08
1.96484e-09
0.0138875
6.42552e-11
0.0138873
0.0138875
0.0138875
0.0138875
6.00821e-08
0.0138875
9.04296e-09
6.42552e-11
0.0138875
0.0138875
4.79951e-11
0.0138873
0.0138875
1.96484e-09
0.0138875
0.0138875
1.96484e-09
0.0138875
0.0138875
0.0138875
0.0138873
9.04825e-09
0.0138875
0.0138875
0.0138875
3.20294e-11
1.96484e-09
0.0138875
0.0138875
0.0138875
0.0138875
2.30632e-13
0.0138873
0.0138875
0.0138875
6.00821e-08
1.32317e-09
0.0138875
0.0138875
6.00821e-08
0.0138875
6.42552e-11
0.0138875
0.0138875
0.0138875
3.20294e-11
0.0138873
6.42552e-11
0.0138875
0.0138875
1.96484e-09
0.0138875
6.00821e-08
0.0138875
9.04825e-09
0.0138875
1.96484e-09
0.0138873
0.0138875
0.0138875
1.96484e-09
2.76691e-07
0.0138875
0.027775
6.42552e-11
0.0138875
0.0138875
0.0138873
0.0138835
0.0138875
0.0138875
0.0138875
0.0138875
0.0138875
6.00821e-08
9.9538e-10
1.96484e-09
6.00821e-08
1.96484e-09
0.0138875
0.0138873
6.00821e-08
6.00821e-08
0.0138875
0.0138875
0.0138875
0.0138875
1.96484e-09
0.0138875
6.00821e-08
6.42552e-11
9.04296e-09
6.42552e-11
0.0138875
6.00821e-08
6.00821e-08
0.0138875
0.0138875
0.0138875
6.42552e-11
1.96484e-09
0.0138875
0.0138875
6.42552e-11
1.95883e-09
6.00821e-08
0.0138875
0
1.96484e-09
0.0138875
6.42552e-11
6.42552e-11
6.42552e-11
0.0138875
0.0138875
0.0138875
1.96484e-09
6.42552e-11
6.42552e-11
6.5094e-10
6.42552e-11
0.0138875
6.00821e-08
0.0138875
6.00821e-08
0.0138875
0.0138875
0.0138875
2.05771e-08
0.0138873
0.0138875
0.0138875
2.0556e-08
0.0138875
1.96484e-09
1.96484e-09
0.0138875
0.0138875
0.0138875
0.0138875
0.0138875
0.0138875
0.0138875
0.0138875
0.0138875
0.0138875
1.96484e-09
6.00821e-08
0.0138875
0.0138875
0.0138875
1.96484e-09
6.42552e-11
0.0138875
6.00821e-08
0.0138875
0.0138875
0.0138875
0.0138875
0.0138875
1.96484e-09
1.96484e-09
0.0138875
1.96484e-09
6.00821e-08
0.0138875
6.42552e-11
6.42552e-11
0.0138874
0.0138873
1.96484e-09
0.0138875
0.013896
0.0138875
1.96484e-09
0.0138875
0.0138875
0.0138875
6.42552e-11
0.0138875
6.00821e-08
0.0138875
0.0138875
6.00821e-08
0.0138875
1.96484e-09
0.0138875
6.00821e-08
6.00821e-08
1.96484e-09
6.42552e-11
6.00821e-08
0.0138875
0.0138875
6.00821e-08
0
0.0138875
1.96484e-09
6.00821e-08
0.0138875
0.0138878
6.00821e-08
0.027775
1.96484e-09
1.96484e-09
0.0138875
0.0138875
0.0138875
0.0138875
0.0138875
6.00821e-08
6.00821e-08
0.0138875
0.0138874
6.42552e-11
0.0138875
0.0138873
6.00821e-08
0.0138875
0.0138875
0.0416887
0.0138875
0.0138875
1.96484e-09
0.013896
6.00821e-08
6.00821e-08
3.98099e-08
6.00821e-08
0.027771
0.0138875
0.0138875
6.00821e-08
6.5094e-10
0.0138875
0.0138875
9.04825e-09
6.00821e-08
0.0138875
6.42552e-11
0.0138873
0.0138875
0.0138875
0.0138873
0.0277751
6.42552e-11
0.0138875
6.00821e-08
0.0138875
9.79416e-10
0.0138875
1.96484e-09
0.0138873
0.0138875
0.0138875
0.0138875
0.0138875
1.96484e-09
0.0138875
0.0138875
6.42552e-11
0.027771
0.0138875
0.0138875
0.0138875
0.0138875
0.0138875
0.0138875
0.0138875
6.00821e-08
0.0138875
1.96484e-09
0.0138875
4.86703e-10
0.0138875
6.00821e-08
0.0138875
0.0138875
1.96484e-09
0.0138873
0.0138875
0.0138875
0.0138875
0.0138873
9.04825e-09
6.00821e-08
1.96484e-09
0.0138875
6.00821e-08
0.0138875
0.0138875
0.0138875
0.0138875
0.0138875
0.0138875
1.95883e-09
0.0138875
0.0138875
6.00821e-08
6.00821e-08
0.0138875
9.04825e-09
6.00821e-08
6.00821e-08
0.0138875
0.0138875
0.0138875
0.0138875
0.0138875
0.0138875
1.96484e-09
0.0138875
0.0138875
0.0138875
0.0138875
0.0138875
1.96484e-09
0.0138875
0.0138875
0.0277751
0.0138875
0.0138875
0.0138875
1.96484e-09
0.0138875
0.0138875
6.42552e-11
6.00821e-08
6.00821e-08
0.0138875
0.0138875
0.0138875
0.0138874
0.0138875
0.0138875
0.0138875
6.00821e-08
1.96484e-09
0.0138875
0.0138875
0.0138875
0.0138875
0.0138875
2.12874e-11
6.42552e-11
1.96484e-09
0.0138875
6.00821e-08
0.0138875
6.00821e-08
1.96484e-09
0
0.0138875
0.0138875
0.0138875
0.0138875
0.0138875
1.96484e-09
6.00821e-08
1.96484e-09
0.0138875
0.0138875
0.0138873
0.0138875
0.0138875
0.0141218
0.0138875
0.0138875
2.12874e-11
0.0138874
0.0138875
0.0138875
0.0138875
0.0138875
0.0138875
0.0138875
0.0138875
0.0138875
6.42552e-11
0.0138875
0.0138875
0.0138873
0.0138875
0.0138875
0.0138875
0.0138875
0.0138875
0.0138875
0.0138875
0.0138875
0.0138875
6.00821e-08
1.96484e-09
0.0138875
1.96484e-09
0.0138875
6.42552e-11
0.0138875
0.0138873
0.0138875
0.0138875
1.96484e-09
0.0138873
0.0138875
1.96484e-09
9.04825e-09
0.0138875
1.96484e-09
6.42552e-11
0.0138875
3.20294e-11
0.0138875
1.96484e-09
0
6.00821e-08
0.0138875
0.0138858
6.00821e-08
0.0138875
0.0138875
0.0138875
6.00821e-08
1.5872e-08
0.0138875
1.96484e-09
6.00821e-08
1.96484e-09
1.96484e-09
6.00821e-08
6.42552e-11
6.00821e-08
0.0138875
0.0277751
0.0138875
1.96484e-09
1.04744e-12
0.0138858
9.79415e-10
0.0138875
0.0138875
0.0138875
0.0138875
0.0138873
1.96484e-09
0.0138875
6.00821e-08
6.00821e-08
6.00821e-08
0.0138875
0.0138875
1.96484e-09
0.0138875
1.96484e-09
0.0138875
1.96484e-09
1.96484e-09
6.00821e-08
0.0138875
0.0138875
0.0138875
1.96484e-09
0.0138875
0.0138875
6.42552e-11
0.0138875
2.76694e-07
0.0138875
0.0138875
0.0138875
0.0138875
1.96484e-09
4.79951e-11
1.96484e-09
0.0138875
0.0138875
0.0138875
0.0138875
1.96484e-09
0.0138875
3.20294e-11
0.0138875
0.0138875
0.0138875
0.0138875
6.00821e-08
1.96484e-09
1.96484e-09
6.42552e-11
0.0138875
0.0138873
1.96484e-09
0.0138875
1.96484e-09
0.0138875
1.96484e-09
1.96484e-09
6.00821e-08
6.42552e-11
1.04744e-12
0.0138875
6.42552e-11
2.76693e-07
0.0138875
0.0138858
6.00821e-08
0.0138875
0.0138875
0.0138875
0.0138875
6.00821e-08
0.0138875
0.0138875
6.00821e-08
1.04744e-12
6.42552e-11
1.04744e-12
0.0138875
0.0138875
1.96484e-09
9.79415e-10
1.96484e-09
6.42552e-11
1.96484e-09
1.96484e-09
0.0138875
1.96484e-09
0.0138875
6.00821e-08
6.42552e-11
0.0138875
6.00821e-08
0.0138875
6.00821e-08
0.0138875
0.0138875
1.96484e-09
0.0138875
0.0138875
1.96484e-09
1.96484e-09
1.59657e-11
0.0138875
6.42552e-11
0.0138875
0.0138873
6.00821e-08
0.0138875
0.0138875
6.00821e-08
1.96484e-09
6.00821e-08
6.42552e-11
0.0138875
0.0138875
6.00821e-08
0.0138875
6.42552e-11
1.01144e-09
0.0138875
0.0138875
0.0138873
0.0138875
0.0138873
0.0138875
0.0138875
6.00821e-08
0.0138875
0.0138875
0.0138873
1.96484e-09
1.96484e-09
0.0138875
0.0138875
0.0138835
0.0138875
6.42552e-11
6.00821e-08
6.00821e-08
1.96484e-09
0.0138875
6.42552e-11
0.0138875
0.0138875
0.0138873
0.0138875
0.0138875
0.0138875
1.96484e-09
0.0138875
0.0138875
0.0138875
0.0138875
0.0138875
0.0138875
0.0138875
0.0138875
0.0138875
6.42552e-11
0.0138875
0.0138875
6.00821e-08
1.04744e-12
0.0138874
6.42552e-11
1.96484e-09
6.42552e-11
0.0138875
6.42552e-11
6.42552e-11
6.42552e-11
0.0138875
6.42552e-11
0.0277751
9.79415e-10
0.0138875
6.00821e-08
0.0138874
0.0138875
0.0138875
6.00821e-08
1.96484e-09
0.0138875
0.0138875
0.0138835
0.0138875
0.0138875
0.0138875
1.96484e-09
0.0138875
1.96484e-09
0.0138875
0.0138959
6.00821e-08
0.0138875
6.42552e-11
1.96484e-09
6.00821e-08
0.0138875
6.00821e-08
6.00821e-08
6.42552e-11
6.00821e-08
1.96484e-09
6.00821e-08
0.0138875
0.0138875
6.42552e-11
0.0138875
0.0138875
0.0138875
0.0138875
0.0138875
0.0138873
0.0138875
0.0138875
0.0138875
1.96484e-09
0.0138875
6.00821e-08
1.96484e-09
1.96484e-09
0.0138875
1.04744e-12
0.0138875
1.96484e-09
6.42552e-11
0.0138875
0.0138875
0.0138875
0.0138875
1.96484e-09
6.42552e-11
0.0138875
0.0138875
1.96484e-09
0.0138875
0.0138875
1.96484e-09
0.0138873
3.07388e-08
0.0138875
0.0138875
0.0138875
0.0138875
9.80462e-10
3.20294e-11
6.00821e-08
6.00821e-08
1.96484e-09
0.0138875
0.0138875
6.00821e-08
6.42552e-11
0.0138875
1.96484e-09
0.0138875
9.79415e-10
1.96484e-09
6.42552e-11
6.00821e-08
0.0138875
6.42552e-11
6.00821e-08
0.0138875
0.0138875
0.0138875
6.00821e-08
1.96484e-09
0.0138875
0.0138875
0.0138875
0.0277751
0.0138875
0.0138875
0.0138875
6.42552e-11
0.0138875
0.0138875
0.0138873
0
1.96484e-09
6.00821e-08
0.0138875
6.42552e-11
0
0.0138875
0.0138875
0.0138875
0.0138875
0.0138875
1.96484e-09
9.04296e-09
1.96484e-09
1.96484e-09
6.42552e-11
0.0138875
3.20294e-11
6.42552e-11
0.0138875
0.0138875
0.0138875
0.0138873
0.0138875
0.0138875
0.0138875
3.20294e-11
1.96484e-09
0.0139256
0.0138875
2.12874e-11
0.0138875
6.42552e-11
1.96484e-09
6.00821e-08
6.00821e-08
0.0138875
0.0138875
0.0138875
0.0138875
0.0138875
0.0138875
0.0138875
0.0138875
0.0138875
1.96484e-09
0.0138875
0.0138875
0.0138875
0.0138873
0.0138875
6.00821e-08
4.86703e-10
0.0138875
6.00821e-08
0.0138875
1.96484e-09
1.96484e-09
6.00821e-08
1.96484e-09
0.0138875
9.79415e-10
0.0138875
1.96484e-09
0.0138875
1.96484e-09
4.86703e-10
1.96484e-09
6.00821e-08
0.0138875
0.0138875
0.0138875
0.0138875
0.0138875
0.0138875
2.12874e-11
1.96484e-09
2.76694e-07
1.96484e-09
1.96484e-09
0.0138875
0.0138875
1.96484e-09
1.96484e-09
0.0138873
6.00821e-08
0.0138875
0.0138875
0.0138875
1.59657e-11
6.00821e-08
6.00821e-08
1.96484e-09
0.0138875
0.0138875
0.0138875
6.00821e-08
0.0138875
6.42552e-11
1.96484e-09
0.0138875
0.0138875
0.0138878
0.0138873
0.0138875
0.0138875
6.5094e-10
6.00821e-08
0.0138878
0.0138875
0.0138875
0.0138875
0.0138875
1.96484e-09
0.0138875
0.0138875
6.00821e-08
0.0138875
0.0138875
0.0138875
0.0138875
9.04296e-09
0.0138875
6.00821e-08
6.00821e-08
6.00821e-08
6.00821e-08
6.00821e-08
0.0138873
1.96484e-09
0.0138875
0.0138875
0.0138873
6.00821e-08
3.09285e-08
6.42552e-11
6.00821e-08
0.0138875
6.00821e-08
6.00821e-08
1.96484e-09
6.00821e-08
0.013896
0.0138875
1.96484e-09
0.0138875
0.0138875
0.0138875
0.0138875
6.00821e-08
1.59164e-11
1.96484e-09
0.0138875
6.42552e-11
0.0138875
6.42552e-11
6.00821e-08
6.42552e-11
6.42552e-11
6.00821e-08
0.0138878
0.0138875
0.0138875
0.0138875
1.96484e-09
1.96484e-09
0
0.0138875
0.0138875
0.0138875
0.0138875
0.0138875
0.0138875
0.0138873
6.00821e-08
6.42552e-11
0.0138875
0.0138875
0.0138875
1.04744e-12
0.0138875
0.0138873
0.0138875
0.0138875
6.42552e-11
1.96484e-09
6.00821e-08
0.0138873
0.0138875
0.0138875
0.0138875
0.0138875
0.0138875
0.0138875
6.00821e-08
0.0138875
1.96484e-09
0.0138875
1.04744e-12
1.96484e-09
6.00821e-08
0.0138875
0.0138875
0.0138875
0.0138875
0.0138875
0.0138875
6.00821e-08
1.96484e-09
0.0138875
5.98983e-08
0.0138875
0
0.0138875
3.09285e-08
6.00821e-08
6.00821e-08
0.0138875
6.42552e-11
0.0138875
0.0138875
9.79416e-10
6.00821e-08
1.96484e-09
5.98983e-08
6.00821e-08
6.00821e-08
0.0138873
0.0138875
9.79415e-10
0.0138875
0.0138875
6.00821e-08
6.42552e-11
0.0138875
1.96484e-09
1.96484e-09
6.00821e-08
1.96484e-09
1.96484e-09
0.0138875
0.0138875
0.0138875
0.0138875
0.0138875
0.0138875
6.00821e-08
1.96484e-09
0.0138875
1.96484e-09
1.96484e-09
0.0138875
0.0138875
0.0138875
6.42552e-11
1.96484e-09
1.96484e-09
6.00821e-08
0.0138835
0.0138875
0.0138875
9.04825e-09
0.0138875
0.0138873
6.42552e-11
1.96484e-09
6.42552e-11
0.0138873
6.00821e-08
0.0138875
2.30632e-13
0.0138875
6.00821e-08
0.0138875
0.0138875
6.00821e-08
1.04744e-12
6.42552e-11
0.0138875
0.0138875
0.0138875
0.0138873
0.0138875
6.00821e-08
0.0138873
0.0138873
0.0138875
0.0138875
6.00821e-08
6.00821e-08
0.0138835
6.00821e-08
6.00821e-08
6.00821e-08
9.79415e-10
6.00821e-08
0.0138873
1.59164e-11
0.0138873
1.96484e-09
0.0138875
0.0138875
9.79415e-10
0.0138875
1.96484e-09
6.42552e-11
0.0138875
4.86703e-10
0.0138875
0.0138875
6.42552e-11
1.96484e-09
6.00821e-08
0.0138875
0.0138875
6.00821e-08
0.0138875
6.00821e-08
6.42552e-11
0.0138875
0.0138875
6.00821e-08
0.0138875
0.0138875
0.0138875
1.95883e-09
0.0138875
0.0138875
1.96484e-09
1.96484e-09
6.00821e-08
0
6.00821e-08
4.79951e-11
2.99502e-08
1.96484e-09
0.0138835
1.96484e-09
6.00821e-08
0.0138875
0.0138875
9.79415e-10
6.00821e-08
0.0138875
0.0138875
0.0138875
0.0138875
0.0277749
9.04825e-09
6.00821e-08
6.00821e-08
0.0138875
3.20294e-11
1.96484e-09
6.42552e-11
0.0277749
9.80462e-10
0.0138875
6.42552e-11
0.0138875
0.0138875
1.96484e-09
6.00821e-08
0.0138875
1.96484e-09
0.0138875
0.0138875
6.00821e-08
