1	 715061347239591936	 715061514151931904	 715061897033334784	 715062013026705408	 715062014641475585	 715062141519138816	 715062271794221056	 715062623750914048	 715062659121487872	 715062773521055744	 715062781268000768	 715063416424038400	 715063659441954816	 715064040091815936	 715064327317774337	 715064689097445376	 715064855653429248	 715065228182953984	 715065734129262592	 715065880250462210	 715066380144353280	 715066639969042432	 715067004722352128	 715067300445958145	 715068313039077376	 715069050993311744	 715069596051476480	 715069709717098496	 715069957315297280	 715070715326652416	 715071118386696193	 715071276964917249	 715072311401943040	 715072936709718016	 715072938119004160	 715073846211010561
2	 715061103651258368	 715061499170004992	 715061630929870849	 715061745903996928	 715061893275058176	 715062642260377600	 715064211697602560	 715065747903385601	 715067001949949952	 715067431064973313	 715069184682516482	 715069585943179265	 715069956333957120	 715070369195950081	 715070622003388416	 715070731994931201	 715071018646183936	 715071279288623104	 715071909822656513	 715072158079123456	 715072681255813120	 715072925649350656	 715073029928169472	 715073031345807360	 715073174853918720	 715073584951996416	 715073688723271681	 715073968789721089	 715074861777944576	 715074870560731136	 715075109430673408	 715075372753137664	 715075766992539649
3	 715072537445707776	 715072820947128320	 715072928380030977	 715072930808532994	 715073038635687936	 715073310711787520	 715073313647759360	 715073447727075328	 715073460553326596	 715073566513954816	 715073704707891202	 715073714036019200	 715073720176533504	 715074074549030912	 715074481165873152	 715074484663926784	 715074492113022977	 715074580524752897	 715074860897148929	 715074980569071620	 715074991998562304	 715074999581851648	 715075004883476480	 715075449962020865	 715075468588937216	 715075772998922240	 715075774567563264
4	 715063057060212736	 715063542173466624	 715063830380937220	 715064538845024256	 715067000221863936	 715067032069246980	 715067039300235264	 715067124893396993	 715067135442030593	 715067143948099584	 715067381484113921	 715067387880480768	 715067497569865729	 715067665790926848	 715067906476916736	 715069458989977601	 715069593937514497	 715070222185566209	 715070226975469568	 715070231580778497	 715070233749291012	 715070236479762432	 715071772811464704	 715073713624866816
5	 715061369796734976	 715061497043374080	 715061637674319873	 715063264229502976	 715063687279554560	 715063820692156416	 715065211724636160	 715065619331334144	 715066628694740992	 715067277977251840	 715068301437759489	 715068574801477632	 715069445102657536	 715070099812696064	 715072527945633793	 715073047041073152	 715073422624161792	 715073968802279425	 715074597658316800	 715074876671934465	 715075208709849088	 715075769534455808
6	 715074078810345472	 715074082866274304	 715074091141627904	 715074215141986305	 715074217499172864	 715074220271603712	 715074221085319168	 715074223115358209	 715074226110091264	 715074226898599937	 715074229763309568	 715074230807756801	 715074232649035776	 715074234423205888	 715074330963484672	 715074334885171200	 715074340937531393	 715074345492566016	 715074349850501120	 715074355093311488	 715074359761612800
7	 715070874035089408	 715070877558259712	 715070983439269888	 715071118466527232	 715071136359256064	 715071138359959552	 715071513586700288	 715071635221417985	 715071646814613505	 715071774870872064	 715071781560692736	 715071911475064832	 715072019524685824	 715072021223378944	 715072401462022145	 715073047443582978	 715073190247211009	 715073300666318848
8	 715060580286074880	 715060702809956352	 715062255985893376	 715062792298958848	 715063942893031424	 715064697255387136	 715064842126753792	 715064959193845768	 715065091255762944	 715068044918140928	 715069974625255424	 715070738709880832	 715071865765699584	 715073312578256896	 715074615383461888
9	 715061089830969344	 715061233888530433	 715061250573656064	 715061737456869376	 715062018030481408	 715062393521315841	 715062518981402624	 715062766348840960	 715063031789518848	 715063269950664705	 715063822617214976	 715063934642835456	 715066121221570561
10	 715060995027308544	 715062267704918017	 715064047562002432	 715064457118883842	 715064964747120640	 715066236997144576	 715066749620764672	 715069205251489792	 715070714022346752	 715072680408387584	 715073839911280640	 715074222951825410	 715074877435338752
11	 715064064750272514	 715064702192205824	 715065575957856256	 715067403680370688	 715067527789830145	 715072941004824577	 715073297847701504	 715073564370710528	 715073683849515008	 715073971922673664	 715074078030307328	 715075006833799168
12	 715062909261389825	 715062911094231040	 715062921911345152	 715063147757867008	 715063400582221828	 715063568455057408	 715063826220191744	 715064841598316544	 715066498822180864	 715068062446256128	 715068791332274177	 715072282419400705
13	 715061348615516160	 715063031772807168	 715063404067729408	 715063808738263040	 715064462114496512	 715065079088197632	 715066114120687616	 715069305759465472	 715069859944665088	 715070844712521728	 715072820762398720
14	 715066654435053569	 715070474477121537	 715070476213571584	 715070481343221760	 715070482958036992	 715070485101355009	 715070487093600260	 715070488167321600	 715070489786392576	 715070491447271425	 715070501505277953
15	 715067396407451648	 715067776839233536	 715067782002581504	 715068183388925952	 715068314343440384	 715068952766853120	 715069191771054080	 715069597003620352	 715070692077805568	 715071366538534912	 715071863731331072
16	 715060825640280064	 715062627702071296	 715062928550940673	 715064193569804288	 715065326581342208	 715065856250617862	 715066374607888385	 715067675966377984	 715069596273762305	 715070577459990529	 715072280481501184
17	 715060838521024512	 715065208213929984	 715065224240365568	 715066757724016641	 715067797995397120	 715070983099559936	 715070987717492737	 715071521799016448	 715072807940579328	 715073201999450112	 715075111741575168
18	 715065993576353793	 715066634558246912	 715068164153823232	 715069169172131840	 715069335849594880	 715069471652708353	 715073329246306305	 715073440248520704	 715074610136485888	 715074880392155136
19	 43	 715060727720054785	 715062789233057792	 715063166800035840	 715063924241129473	 715065466507501568	 715065709940711425	 715066913194438656	 715068687175188480	 715071270157684736
20	 715063017956884480	 715063547269492736	 715064184254373889	 715064542649147393	 715066113608912896	 715067671532974080	 715068186127900673	 715071382162382848	 715075389157089280
21	 715061365128491008	 715062527525146625	 715062539256668160	 715062539281797120	 715062911731937280	 715065107018080256	 715065474032205825	 715065494877904896	 715065495758757889
22	 715061363442393088	 715061619890458624	 715062782857650176	 715063018267287556	 715063420232404992	 715065750063415296	 715065976824266752	 715067129171742720	 715068581713555458
23	 715061102976090113	 715062530796748800	 715063404722040832	 715063563115573248	 715065464414560257	 715070349658836992	 715072539983130624	 715075216733446145	 715075491338715136
24	 11	 12	 21	 34	 715061620079214592	 715061868595904512	 715062915179515904	 715065875800272897
25	 47	 715061490135474177	 715061630405582848	 715063688890220544	 715064846673293312	 715072050776264704	 715075608040964096
26	 715067038524432384	 715067921819639808	 715067923182850048	 715067941948141569	 715071766545174528	 715072140442263552	 715073971838914560
27	 715064327104032768	 715064329922588673	 715064332187471872	 715064337354866688	 715064339686891520	 715064342232870912	 715064669896105985
28	 715060718048043009	 715061083686309888	 715063172567158784	 715063954452660224	 715064593169534976	 715068327333199873	 715069353507467264
29	 715065477135904769	 715068441493831680	 715069173597134848	 715070371184177152	 715071483991756800	 715073328608751617	 715073449635487744
30	 715069593723674625	 715069955415277568	 715070599689867264	 715072305660084225	 715072431115866113	 715075252116656128	 715075642128117760
31	 715066501829492741	 715066502680973312	 715066634071891968	 715067124532789248	 715067549940125696	 715067797831753728	 715068056314056704
32	 715060724536590336	 715061119220494336	 715061119979630592	 715064198603096064	 715067776952455172	 715067897962434560	 715069978333028352
33	 715061888258707456	 715062647079567360	 715064680650317824	 715065227184705536	 715073067291160576	 715073185813831680	 715075223981154304
34	 715060833835999233	 715063818238332930	 715066386783928320	 715069438999994368	 715073951404167169	 715074485984997376	 715075221275828225
35	 715061098483818496	 715061511589404672	 715061602815492096	 715061603981508608	 715061622390304770	 715064434142523392	 715069316270436352
36	 715061898971099136	 715062383069278208	 715062542507327488	 715063565850312708	 715064196472307712	 715067907399622656
37	 715069461104103424	 715071265946673152	 715071279477424128	 715071392136474624	 715072265923260416	 715073704619810816
38	 715071478304268289	 715071509211926528	 715072157731000320	 715072412887293952	 715072951452762113	 715074862230863872
39	 715060591845462017	 715063157501337600	 715064455437164544	 715065079033683969	 715065203998736384	 715070350254555136
40	 715063294055165952	 715063688936480768	 715065233153335296	 715068172051697665	 715069719963955200	 715071390735540224
41	 715062775869997056	 715063039251374080	 715063280981688320	 715064063156334596	 715066015785291776	 715067008274927621
42	 715060594697572352	 715061515448107008	 715062013391683584	 715064438114521088	 715074859034943488	 715074863698944001
43	 715061887398912000	 715063570208141312	 715065358202322944	 715070590151819264	 715071876318400514	 715073856277520384
44	 715061636201984001	 715068571760459776	 715068571869712385	 715069061369978880	 715074993122451457
45	 715060989327122432	 715065729926561796	 715069430343012352	 715072544127238144	 715075135796064256
46	 715062399846338560	 715064717002346497	 715068454106169344	 715070847438839808	 715071658403504128
47	 715068303761219585	 715068673317208064	 715072672875425792	 715073066603307009	 715073571492499456
48	 715061251060199425	 715062134762303488	 715063423596412928	 715073805950042112	 715075611627106304
49	 715066269062443008	 715067669800697856	 715070344776794112	 715073281066450944	 715075376763052032
50	 715063271276081152	 715072029704126464	 715072266065813504	 715073048613896192	 715073175403503616
51	 715062667342397440	 715062898477760513	 715065862835679232	 715067683478376448	 715074091321929728
52	 4	 715062014612209665	 715062018957578240	 715074988890521600
53	 5	 14	 715060742844727296	 715062020794675200
54	 9	 20	 715061235251806209	 715062787148369921
55	 715066893418139648	 715066898438750208	 715066900191940609	 715068956483006464
56	 715065326006771712	 715067675777499137	 715067683662901248	 715075235121266688
57	 715062901359386624	 715063821417652224	 715068183586058240	 715073831560458240
58	 715070871925362688	 715072682635632640	 715073441687207936	 715073957280415744
59	 715064566120648705	 715065488863199233	 715068682171392004	 715072944318390272
60	 715064186729050112	 715065848612794370	 715068809124519936	 715071664799760385
61	 715061497370689537	 715064195310493696	 715068957695348737	 715069207986249728
62	 16	 25	 715062638062002176	 715064436432760833
63	 37	 45	 715066119363506176	 715068066346962944
64	 26	 42	 715064456691122176	 715066756704944128
65	 715063265034764288	 715066643664207872	 715072818254376961	 715073464609050624
66	 715060585390546944	 715060598204186629	 715061614018498560	 715061901164732416
67	 715068169757392898	 715068819325239296	 715069304597790720	 715069314865319936
68	 715068316520476672	 715069070350159872	 715069165342732288	 715069594097074176
69	 715065098839035904	 715065580722761729	 715068057199116288	 715072554554134528
70	 715072400182870017	 715072400182927360	 715072400291983361	 715072401424453632
71	 715067005406027776	 715068950778888192	 715069579727413248	 715072813816741888
72	 715065081848066048	 715072550636752896	 715073596041859072	 715074483351060481
73	 715069337665544193	 715069689974562816	 715072035953750023	 715075451367124992
74	 715061731408678912	 715063695416492032	 715065344596033536	 715066509026922496
75	 715062025173536768	 715063276158095360	 715067426103123969	 715069691606204416
76	 715061004737114112	 715061763381858304	 715066785150664704	 715068181610504192
77	 715063662709317632	 715067144581451776	 715070618031546370	 715071628607143936
78	 715070734767357952	 715070748654714880	 715071137026281473	 715071667681280001
79	 715065604315684864	 715066236032442368	 715069050787930112	 715073958614286337
80	 715062518729674752	 715070884529250304	 715073332018749440	 715075208969850880
81	 10	 19	 715061340902137856	 715062772061511680
82	 6	 22	 715060852022386688	 715062919004758017
83	 715060580751687680	 715066521375129600	 715068943094956032	 715070490658742272
84	 715061499291701248	 715073081107046400	 715075000907096064	 715075225902125056
85	 715063551728160769	 715067297480712192	 715067687341322240	 715067776205983744
86	 715064189316804609	 715064854508232704	 715065477370748928	 715068812324966400
87	 715068446380277761	 715069479680479232	 715069722254057472	 715072277977518082
88	 715065878946164736	 715069052171845632	 715071925081350144
89	 715064458587058177	 715064974297706496	 715071789471113216
90	 715062370301833216	 715062371006472192	 715062371648151552
91	 715066739411795968	 715067679904804865	 715069608022003712
92	 715069957470560256	 715071646386655232	 715073941224554496
93	 715067539697459200	 715068933259264000	 715070603661680640
94	 715065992301449216	 715067527508795392	 715070707688800256
95	 715064709339164672	 715066248237813760	 715072028613672960
96	 715072826391134208	 715073438935859200	 715073447408373760
97	 715060978552070144	 715067294024474625	 715074884989272064
98	 715060832846094336	 715061357817630720	 715065487156125696
99	 715064077274521600	 715071762346553344	 715071768331837440
100	 715061116422983681	 715068686541787138	 715072807324020736
101	 715063551937753088	 715063829198016512	 715064962092113920
102	 715061110928314368	 715064443818803200	 715068305636073472
103	 715061356211347457	 715067298315247616	 715067930690592768
104	 715063953928249344	 715067676133969921	 715073063495147520
105	 715064971437027329	 715066399174037504	 715067017443696641
106	 715061357087948800	 715064856051716096	 715067917654704128
107	 715067501172826112	 715068295498633216	 715069063911739392
108	 715062519157563393	 715068177101692928	 715070986505183232
109	 715064165493157888	 715067116487991297	 715069077786648576
110	 715060992561004545	 715070887263735809	 715073465850564612
111	 715067809684918272	 715069715882881024	 715071226717335552
112	 715062372386344960	 715070232667168768	 715071011402571776
113	 715069070006026240	 715069191762481153	 715072257568034816
114	 715071502815731714	 715073426281529344	 715074084866887680
115	 715065098486714368	 715073683841163264	 715074883600965632
116	 715070095718899712	 715070634829545472	 715071397525991425
117	 715062778650693632	 715065857894912001	 715073819564761088
118	 715060591182921728	 715069343457935361	 715070624885055488
119	 715064065316544512	 715068443855347712	 715070239663202305
120	 715061760693153793	 715063925335842816	 715072948789334016
121	 715065091457216512	 715068305833197568	 715069183256502272
122	 715069846824693761	 715069851870502912
123	 715071642443976704	 715075384014835712
124	 715070984919715840	 715075442982694913
125	 715063810600660992	 715064558646329344
126	 715064060140593152	 715068839944462338
127	 8	 715061120151715840
128	 715073715952726016	 715074476778467328
129	 715062024619700224	 715062028323332096
130	 715064198372265984	 715070596254707712
131	 715065611496333312	 715066118046683137
132	 715065993794424832	 715072826605064193
133	 715067392657924096	 715073288372924416
134	 715065713434603520	 715074865955377152
135	 715075253706354689	 715075479917625346
136	 7	 715060990056992772
137	 715060585939886080	 715068678912417792
138	 715067283970850817	 715067805452804097
139	 715062104626229248	 715072944146423808
140	 715065210453647360	 715072163598852096
141	 715061247444705280	 715065356465741825
142	 715063303781945344	 715064711818162176
143	 23	 715063024608882688
144	 715071386524524545	 715072286760517632
145	 715065977843613697	 715068582380617729
146	 29	 715065610493763584
147	 715067661496029184	 715075006359871488
148	 715064692184584192	 715070742078078976
149	 38	 715066126858735617
150	 715064985009827840	 715072528251764736
151	 715067274705707008	 715069044693581824
152	 715063914367557632	 715064061487161344
153	 715068425861787648	 715074987330244608
154	 715062128579887105	 715070484841246720
155	 715069468427231232	 715074598602194944
156	 715060816446406656	 715067666986311680
157	 715061741915234304	 715066371562979328
158	 715073172987490304	 715074485943046145
159	 715069843427500032	 715070083924692992
160	 715062388651745280	 715062796547821568
161	 17	 715062644034707456
162	 2	 715060706773757953
163	 715070981199376384	 715071125328269312
164	 715063824483639297	 715075481071017984
165	 715061761154519040	 715067290086035457
166	 39	 715066135813558272
167	 715069212352339968	 715070236479897600
168	 715062786569670656	 715071393340067844
169	 715061767806693376	 715067411725025280
170	 46	 715068288842084352
171	 715063824286547968	 715069168018526208
172	 715063914380267520	 715066115161006080
173	 18	 715062757620486144
174	 715062143662616576	 715070824068161536
175	 715074612250456064	 715075089818066944
176	 715061360737067009	 715065614520475648
177	 715074995978944512	 715075355342684160
178	 1	 715060701946114048
179	 24	 715063272358043648
180	 715061086819643394	 715074578674941952
181	 715062028805742592	 715062666440667136
182	 715066527003709440	 715074345329147904
183	 715065736528433152	 715067787639525376
184	 715063545549881344	 715071648139849730
185	 715065611269836800	 715068793177903105
186	 715070371913940993	 715070731701383169
187	 715061760865210368	 715064854629842944
188	 715069050343129088	 715073184182050816
189	 715069072195465217	 715074219025928193
190	 715072923845922816	 715074350890680322
191	 13	 715061884127457280
192	 715070107408605184	 715071508226433024
193	 715063916154503168	 715073843635691521
194	 715067148817735680	 715069165707460608
195	 715062373040566272	 715063684800708608
196	 715060858867617792	 715071524143816704
197	 715066902758891520	 715067942321283072
198	 44	 715067161803415552
199	 715060711928541184	 715062025177718784
200	 715067780639416320	 715068452407390208
201	 715070624922800128	 715073075369349121
202	 715063423885676544	 715069859529416704
203	 715063031265411073	 715072811132301312
204	 715068930306363392	 715068941157154816
205	 715070830175059972	 715075091747512320
206	 715060717460832257	 715064035297734656
207	 715061253538861056	 715069585930620930
208	 715066505046589440	 715067149870444544
209	 715066263182176256	 715074877292564480
210	 33	 715065860323291136
211	 715067904975351808	 715069473867243520
212	 715062526610968576	 715072155080388608
213	 715071280261808132	 715073193971683328
214	 715061769815764992	 715069963447312385
215	 715072142233067521	 715075649715589120
216	 715066650114916352	 715066651029319680
217	 715065478172053504	 715071252327563265
218	 715071014133239808	 715073835020656641
219	 715062539759955968	 715072825195761664
220	 715068794859884544	 715071405755228160
221	 715072560858136577	 715074467454529536
222	 36	 715066107988566016
223	 715071921008697344	 715072147807346692
224	 40	 715066255649144832
225	 28	 715065239000195072
226	 715069327947378689	 715069589499957248
227	 715063549173882880	 715065089037115392
228	 30	 715065713673654272
229	 715066760597213184	 715071639042404352
230	 715073449480232961	 715074473003712512
231	 35	 715065971107430400
232	 715067664448749568	 715075769668472832
233	 715065975578595328	 715066525137285120
234	 715068951202377732	 715075224803237888
235	 715067777275572224	 715068705013702656
236	 15	 715062021058899969
237	 715075239516868608	 715075609693696000
238	 715068571169107968	 715071777949556736
239	 715061243854397441	 715065352120582148
240	 31	 715065721055629312
241	 715072262727139328	 715073290419769345
242	 41	 715064320640417793
243	 715071890382053377	 715072035723087872
244	 715062523687473152	 715069971366158336
245	 32	 715065754354225152
246	 3	 715060729204838400
247	 715063031433011200	 715071790570016769
248	 27	 715064953351196672
249	 715069848976547841	 715072041154576384
250	 715064687579107328	 715075490739052544
251	 715061729315540992
252	 715063174613962752
253	 715068050685308928
254	 715065345594142720
255	 715066525372194816
256	 715069854261182464
257	 715064855942852608
258	 715073686722777092
259	 715064212796620800
260	 715062926588178433
261	 715069980753137664
262	 715063691557752832
263	 715069347929018368
264	 715074088419639296
265	 715061867073376256
266	 715063153072037889
267	 715063310748672000
268	 715071495630786561
269	 715063826794741760
270	 715060735433420800
271	 715067529442365440
272	 715063821971292160
273	 715061896378851328
274	 715069463251578881
275	 715066234593652736
276	 715062115665625088
277	 715071249555148800
278	 715068430819328000
279	 715070096356597760
280	 715075117450006528
281	 715070366746435584
282	 715068692875255813
283	 715062248260050944
284	 715060816651927552
285	 715068570602831872
286	 715068928544739328
287	 715064071549116416
288	 715069598039547904
289	 715061870550458368
290	 715060997346693120
291	 715060850302849024
292	 715069846589808640
293	 715070866237722624
294	 715067297518366720
295	 715074967117946880
296	 715068056230174720
297	 715068810714189824
298	 715064050032492544
299	 715065589673242624
300	 715061881036279808
301	 715069087374839808
302	 715075366549782529
303	 715067018496450561
304	 715075628672782337
305	 715074623872827393
306	 715071631467667457
307	 715073972883226624
308	 715075000651350016
309	 715065871367061504
310	 715063648352210944
311	 715061514453983232
312	 715073960736456704
313	 715071106529492992
314	 715073276830162945
315	 715061507776708608
316	 715074996859772928
317	 715073147494465536
318	 715063934865248256
319	 715073690132721664
320	 715063019189841920
321	 715072437055012865
322	 715069328769556480
323	 715071278869299200
324	 715067035542097920
325	 715065482978729984
326	 715075388351746049
327	 715061873406705665
328	 715072043687936000
329	 715064340345257984
330	 715069953968308224
331	 715074589714321408
332	 715061244516966400
333	 715070244688015360
334	 715061627780001792
335	 715064075722444800
336	 715072529191342080
337	 715073289920458752
338	 715066902989512704
339	 715067939930705920
340	 715068700596895744
341	 715064833389953024
342	 715075374741204992
343	 715062134783283201
344	 715063655578996737
345	 715069442367983616
346	 715070355962880000
347	 715063676542263296
348	 715073069933400064
349	 715073153974710272
350	 715060866920546305
351	 715061109460316160
352	 715070634477404160
353	 715067543216492549
354	 715067004764422144
355	 715060708405161984
356	 715063385017217024
357	 715061753663643648
358	 715063054325551106
359	 715072050319204352
360	 715062141204709376
361	 715067430196887552
362	 715074599172640768
363	 715068319116623872
364	 715072395489325056
365	 715066509077389312
366	 715074612061741056
367	 715069855045582848
368	 715069723130597376
369	 715063669063725057
370	 715063658749890561
371	 715067145856491520
372	 715064957214322688
373	 715065093608710144
374	 715073600454262784
375	 715061250506547201
376	 715067294095962112
377	 715063182281277440
378	 715071370661486593
379	 715067411427233792
380	 715075487211458560
381	 715074882317467648
382	 715065987918405636
383	 715075644133081088
384	 715061005752131584
385	 715070489589317632
386	 715065590319173633
387	 715071122564374528
388	 715075255459561472
389	 715069697872510976
390	 715065591300812800
391	 715068433788903424
392	 715072291562872832
393	 715062244791488512
394	 715073681819627520
395	 715075114275045376
396	 715066505877041152
397	 715067121705689089
398	 715064852105011200
399	 715071898950873089
400	 715061378575237120
401	 715066768952135682
402	 715062157507997696
403	 715074089686339584
404	 715071889127972864
405	 715064075453988864
406	 715068410183479296
407	 715063556329316352
408	 715063155811024896
409	 715068061145956352
410	 715070603091427328
411	 715067424236642304
412	 715062900822413312
413	 715061000593137665
414	 715072388933791744
415	 715064721460895744
416	 715071775390846976
417	 715070250467741696
418	 715064706663317504
419	 715071363569074176
420	 715072037446770688
421	 715072519854620672
422	 715066742955872256
423	 715065335767031809
424	 715071387170418688
425	 715062132455424000
426	 715069959580221440
427	 715072935829094401
428	 715072530206310400
429	 715062912117841920
430	 715063307623792640
431	 715062264953483264
432	 715070718283649024
433	 715068963898658816
434	 715061380269871104
435	 715062394951639040
436	 715065362040094720
437	 715071236812963841
438	 715074351234678784
439	 715070599144411136
440	 715071389775052800
441	 715063831752343552
442	 715073573182902272
443	 715060830841282560
444	 715062255411396608
445	 715073186333741056
446	 715075096327491584
447	 715063685912244224
448	 715062376341569538
449	 715074489017634816
450	 715066263853203456
451	 715065996264865792
452	 715069735168118784
453	 715062796879134720
454	 715069325758095360
455	 715065348580454401
456	 715067932183830529
457	 715071015844450308
458	 715062393227845633
459	 715062662434938882
460	 715070991878107136
461	 715063286786490368
462	 715062276202635264
463	 715073579642183680
464	 715063928628387840
465	 715069865225273345
466	 715071760995999744
467	 715073940369121280
468	 715063054896013312
469	 715072953289822208
470	 715063149817421825
471	 715068929396371456
472	 715071143540031488
473	 715068176715808768
474	 715068568883187712
475	 715066731727831042
476	 715068698374115329
477	 715075128741244928
478	 715062390501433344
479	 715061741084917760
480	 715068807799300096
481	 715075097308991488
482	 715061514244329472
483	 715065204548042752
484	 715069428312858627
485	 715062116634365952
486	 715068047850147840
487	 715072146393829376
488	 715064517659639808
489	 715074863128510465
490	 715070357443637249
491	 715073574743240704
492	 715068431310172160
493	 715064460981903360
494	 715075117332697088
495	 715068056037408768
496	 715064696768843776
497	 715068577854959616
498	 715062410810433536
499	 715073072680865792
500	 715069213837279232
501	 715060859383463936
502	 715064188612251648
503	 715068807988060164
504	 715071019657072641
505	 715065340380758016
506	 715066740485525505
507	 715072382440972288
508	 715061735045128192
509	 715068326851031041
510	 715062273371410432
511	 715071630695931904
512	 715064979716763648
513	 715062528296898560
514	 715062230547636224
515	 715062524735918081
516	 715070505229819904
517	 715071661670670337
518	 715070097971236865
519	 715061866834358272
520	 715069464773926912
521	 715064502148968448
522	 715066525762338816
523	 715068692623544320
524	 715067538288193537
525	 715065220226355200
526	 715071480782925824
527	 715070833367126016
528	 715073182382690304
529	 715072299238436864
530	 715062112196890624
531	 715070992742113281
532	 715063171082543104
533	 715065108699828224
534	 715060979327959040
535	 715074480423452672
536	 715075778933874688
537	 715064945797365760
538	 715072141725577217
539	 715072818636046336
540	 715067386475380737
541	 715072540713029632
542	 715070101435912192
543	 715071638555860992
544	 715060976341688320
545	 715066910862278656
546	 715070231308288000
547	 715075111359918080
548	 715070232289796096
549	 715069693183131649
550	 715071281918566400
551	 715064439829991424
552	 715060708627623937
553	 715064323874373632
554	 715075495553961984
555	 715071511296622592
556	 715075640265826304
557	 715071775684616192
558	 715060869806354433
559	 715060834368688128
560	 715063393057517568
561	 715064577029877764
562	 715062640737804288
563	 715063044993392640
564	 715073421017616384
565	 715075505746104320
566	 715072036150841345
567	 715070343690334209
568	 715067537575321600
569	 715068683555512320
570	 715064522604617728
571	 715073074291417088
572	 715064329377353728
573	 715072051665575940
574	 715061500126171137
575	 715069709608091648
576	 715073428076634112
577	 715070705084157952
578	 715066003147784192
579	 715067162428252161
580	 715074622157246468
581	 715075109732548610
582	 715063027704446976
583	 715061621488492544
584	 715075632053362688
585	 715064445047742464
586	 715071891103293448
587	 715066378147991552
588	 715062389029232640
589	 715060998466572288
590	 715063289244323840
591	 715065884176297984
592	 715062138008506368
593	 715071909210161152
594	 715068292814086144
595	 715061110966259712
596	 715065106271440896
597	 715062261304451072
598	 715066374327033857
599	 715071115945619456
600	 715073950850519040
601	 715074489445384192
602	 715070098877325312
603	 715065715380908032
604	 715061241744662528
605	 715060723597107200
606	 715064720240349184
607	 715066753965887488
608	 715061615939465216
609	 715065231521746944
610	 715062905604018176
611	 715063307556622336
612	 715069842273992705
613	 715069448466472960
614	 715063031961485312
615	 715071479151460352
616	 715073679877660672
617	 715073975487827968
618	 715070231316541440
619	 715063388309598208
620	 715073972522639360
621	 715064554665807876
622	 715062024603041792
623	 715063421612474369
624	 715061504760918016
625	 715067409711759361
626	 715068053705195521
627	 715065737048690688
628	 715068440537489408
629	 715069186209230848
630	 715067800876781568
631	 715066240730075140
632	 715072043721560064
633	 715067800214089728
634	 715068180276887552
635	 715066372347154433
636	 715062660920795136
637	 715073851114303489
638	 715065616198139904
639	 715067547750502409
640	 715067912319606784
641	 715072552662511616
642	 715073596708794368
643	 715073853710536708
644	 715072165821939712
645	 715067493627236352
646	 715062906010918912
647	 715073431495020544
648	 715070106200576000
649	 715068667822792704
650	 715065880212860928
651	 715064325963063296
652	 715070696670498817
653	 715062637948633088
654	 715071117598150656
655	 715070082934710272
656	 715065207962353664
657	 715068184106172416
658	 715062771214254081
659	 715061083325771780
660	 715063172189663233
661	 715070364339015680
662	 715065972856631296
663	 715071903493398528
664	 715066137461915648
665	 715070632254251008
666	 715070892578054145
667	 715073822412693504
668	 715065477341528064
669	 715068933754236928
670	 715069335241240576
671	 715064334980931584
672	 715061245154615296
673	 715071395521175552
674	 715071221885452288
675	 715070096561950721
676	 715065847828635648
677	 715071895746400257
678	 715066508028698625
679	 715065852824010752
680	 715068051658510336
681	 715072150856605696
682	 715075354839240708
683	 715067930627670016
684	 715066390697259008
685	 715068812421435392
686	 715071373710733312
687	 715068184118689792
688	 715061361760346112
689	 715065353634615297
690	 715068184441659392
691	 715066361605525504
692	 715073831535251456
693	 715069443848548353
694	 715069607459966976
695	 715063951805943808
696	 715060995522048000
697	 715069349325774848
698	 715071529940303872
699	 715072146691788800
700	 715064433249157120
701	 715065081550077952
702	 715068423667998720
703	 715065981186408448
704	 715072816287236096
705	 715067037832249344
706	 715074346595823616
707	 715067428992987137
708	 715072685227778048
709	 715069836238303232
710	 715067033004679169
711	 715065585130930176
712	 715061256835751936
713	 715060815313903616
714	 715064968274554880
715	 715068807430049792
716	 715071492828999680
717	 715073569613434880
718	 715072422072848385
719	 715065854715682816
720	 715075218025291781
721	 715075483344453632
722	 715072382042550272
723	 715072931945054208
724	 715063551598178304
725	 715074086121111553
726	 715075771925024768
727	 715068043941044224
728	 715069085424287744
729	 715073808890142721
730	 715062023781031937
731	 715066770239963136
732	 715070719449817088
733	 715072543837675520
734	 715074336273469441
735	 715068403208290304
736	 715074624703205376
737	 715065495267848192
738	 715064442434691073
739	 715073154239111168
740	 715067298088767488
741	 715068668875374592
742	 715065099707265024
743	 715069853304893440
744	 715071909302444032
745	 715074098045423616
746	 715066509085650945
747	 715066256626425856
748	 715075458702901248
749	 715064458436079616
750	 715068566781845505
751	 715064592351662080
752	 715071267011952640
753	 715064848586039296
754	 715063430508470272
755	 715074223593525248
756	 715073066070630400
757	 715068422980108288
758	 715072279869202432
759	 715065468877299712
760	 715062247173726210
761	 715061257758347264
762	 715072687614263296
763	 715075088475881472
764	 715067116106477569
765	 715061242612883456
766	 715070088567775232
767	 715073294941220864
768	 715061508225544194
769	 715063410900148224
770	 715066392916013056
771	 715066768599830529
772	 715066891652476928
773	 715068835930501120
774	 715064325560467456
775	 715072420277796864
776	 715073170676572161
777	 715063565460377600
778	 715067158334668800
779	 715071106147692548
780	 715064947592597504
781	 715070368260702208
782	 715067279885602817
783	 715074071223001089
784	 715070225561968641
785	 715064329960341504
786	 715062282875748352
787	 715070102249598976
788	 715061365505822720
789	 715066911697072128
790	 715068684478222336
791	 715074067804479488
792	 715062619212623872
793	 715065720669806592
794	 715062236402855936
795	 715068168557834240
796	 715065998496423936
797	 715068838597890048
798	 715066372888203264
799	 715063573811048448
800	 715074349183680512
801	 715071773289500672
802	 715074965058490368
803	 715067673869049856
804	 715073580913070080
805	 715061617302642692
806	 715064546503725056
807	 715074474400423936
808	 715074333278912512
809	 715070880351518720
810	 715064041731792896
811	 715065217143676928
812	 715069953796403200
813	 715063562465648640
814	 715061232412319744
815	 715064962641563648
816	 715071782768644096
817	 715062256606830592
818	 715063937595752448
819	 715063934521180160
820	 715064971772706817
821	 715072691309383681
822	 715061625141604352
823	 715074491617968128
824	 715071277967417345
825	 715071103987789824
826	 715075372904087552
827	 715063167827595264
828	 715068958756306944
829	 715067678319382528
830	 715071101106331648
831	 715065586368307202
832	 715064850599120896
833	 715062119968976896
834	 715062525088436224
835	 715064845964484608
836	 715064947974283264
837	 715065351550201857
838	 715060979617439745
839	 715070691549323264
840	 715069071759282176
841	 715072301843218432
842	 715074231768322048
843	 715068043043422208
844	 715061082935717889
845	 715075349223251968
846	 715069736959127553
847	 715065327600570369
848	 715063819119230976
849	 715066904113717248
850	 715067291436711936
851	 715069857272893440
852	 715072042609958913
853	 715074481606164480
854	 715062628557594624
855	 715071383596826624
856	 715070093772783616
857	 715071009926160384
858	 715064189023166464
859	 715067794740543489
860	 715075606082400256
861	 715068964393656324
862	 715075616266174465
863	 715063408630968320
864	 715065241302732800
865	 715075610184273920
866	 715075504513138688
867	 715066237714362368
868	 715069697239158786
869	 715068176694808576
870	 715068049972264961
871	 48
872	 715073838032228352
873	 715062542964363264
874	 715073710407950336
875	 715069612505714688
876	 715067546718904320
877	 715066762744565761
878	 715074347245957121
879	 715073980676182016
880	 715062919600476160
881	 715071005287440384
882	 715071635661987841
883	 715074080706338816
884	 715064034719039488
885	 715060974261239808
886	 715070603221463041
887	 715072804530561024
888	 715075514570944512
889	 715061748043227136
890	 715069609473347584
891	 715073698458419200
892	 715069950508056576
893	 715066744470110208
894	 715068437576474624
895	 715060723806810113
896	 715072295333564416
897	 715075352918417409
898	 715068568707194880
899	 715069964659634176
900	 715071766045921280
901	 715067287863214080
902	 715063400716480513
903	 715066901794136064
904	 715065105818509313
905	 715072810423595008
906	 715072417610264576
907	 715069082471690240
908	 715064693103132672
909	 715075379661131776
910	 715075102308753408
911	 715067423422976000
912	 715075250820546560
913	 715072818573099008
914	 715066005366681600
915	 715075373071867904
916	 715070090073354240
917	 715071535472590848
918	 715065338702987264
919	 715063917177868288
920	 715067933874110464
921	 715061365652779008
922	 715064163308068865
923	 715067029917671424
924	 715070242930622464
925	 715064833301880832
926	 715066387430055938
927	 715073599095185408
928	 715074597075464192
929	 715072936693145600
930	 715069189883453440
931	 715073282639179776
932	 715062147852668928
933	 715070360564207620
934	 715068671014514688
935	 715072520664260609
936	 715073850367606785
937	 715067808250531840
938	 715068275688800257
939	 715061501267156994
940	 715070359448510464
941	 715070479011188736
942	 715075234630541312
943	 715074622991958020
944	 715072676113461250
945	 715065709932359680
