3605124496
2565696514
2507737772
4609599682
267415368
2985986460
3249903512
1330724683
6480652
3158253653
2858271148
235298285
19622426
2340924678
2364356252
4852650819
952856515
2838537811
6
277823157
2580423060
114435376
528734238
1
8
3296322847
4855377184
170710028
850151713
2500721814
1550439127
4851426189
3048956624
2676036145
2903995495
499855923
2613143381
282848539
3230853392
1051455504
426655450
942140712
3639843072
137832626
3668464459
24655516
1412064840
2676036145
40074518
1209638186
4246629989
2
1
1
18654283
434681649
2393251180
8375732
1358290958
3228366011
233156917
1
1
1
4852650819
20157199
73155705
3364102125
2329498706
3452766143
17710740
345629680
17644108
2949575012
789144901
148870751
2614018664
2219897472
17516026
17142689
1
1
1469419212
979850508
1673303276
124371986
1964112182
1348920300
577550236
3232472028
4435179915
26337627
1565424252
275942684
1323553988
19102612
4274349326
565123417
2653085649
2956585724
