1.99005e-10
6.76618e-10
1.99005e-10
1.99005e-10
3.04509e-12
3.04509e-12
1.99005e-10
3.04509e-12
0.0217391
3.04509e-12
0.0217391
3.04509e-12
0.0217391
1.99005e-10
7.12967e-16
1.99005e-10
3.07538e-07
1.99005e-10
7.12967e-16
1.99005e-10
0.0217391
1.99005e-10
7.12967e-16
1.51259e-12
0.0434782
0.0217391
0.0217391
3.04509e-12
1.99005e-10
7.12967e-16
1.99005e-10
0.0217391
1.99005e-10
0.0217391
0.0217391
0.0217391
1.99005e-10
3.04509e-12
3.04509e-12
1.99005e-10
7.12967e-16
3.04509e-12
3.04509e-12
3.04509e-12
3.04509e-12
0.0217391
4.65945e-14
4.65945e-14
3.04509e-12
0.0217391
1.99005e-10
0.0217391
3.04509e-12
3.04509e-12
1.58421e-13
0.0217391
0.0217391
3.04509e-12
0.0217391
3.04509e-12
1.99005e-10
4.42192e-08
9.88523e-11
1.99005e-10
0.0217391
0.0434785
3.04509e-12
0.0217391
0.0217391
4.65945e-14
4.65945e-14
0.0217392
7.12967e-16
7.8693e-14
4.65945e-14
4.65945e-14
7.12967e-16
0.0217391
0.0217391
0.0217391
3.04509e-12
0.0217391
1.99005e-10
3.04509e-12
0.0217391
3.04509e-12
1.99005e-10
0.0217391
0.0217391
0.0217391
2.3145e-14
0.0217391
1.99005e-10
0.0217391
3.04509e-12
1.99005e-10
4.65945e-14
0.0217391
0.0217392
1.99005e-10
0.0217391
3.04509e-12
0.0217391
0.0217391
1.99005e-10
1.99005e-10
1.99005e-10
1.99005e-10
3.04509e-12
0.0217391
1.99005e-10
0.0217391
0.0217391
0.0217391
0.0217391
9.88523e-11
0.0217391
7.12967e-16
1.51259e-12
7.12967e-16
0.0217391
0.0217391
3.04509e-12
0.0217391
0.0217391
0.0217391
0.0217391
4.65945e-14
0.0217391
1.99005e-10
0.0217391
0.0217391
1.99005e-10
0.0217391
0.0217391
4.65945e-14
0.0217391
0.0217391
0.0217391
0.0217391
1.99005e-10
3.04509e-12
0.0217391
0.0217391
0.0217391
1.99005e-10
0.0217391
7.12967e-16
0.0217391
0.0217391
3.04509e-12
7.12967e-16
1.99005e-10
3.04509e-12
3.04509e-12
1.99005e-10
1.99005e-10
0.0217391
3.04509e-12
0.0217391
1.99005e-10
1.99005e-10
1.99005e-10
0.0217391
1.99005e-10
3.04509e-12
0.0217391
1.99005e-10
0.0217391
0.0217391
1.99005e-10
1.99005e-10
3.04509e-12
1.58421e-13
0.0217391
7.8693e-14
3.04509e-12
3.04509e-12
1.99005e-10
0.0217391
3.04509e-12
7.12967e-16
3.04509e-12
7.12967e-16
1.99005e-10
3.04509e-12
0.0217391
3.04509e-12
0.0217391
0.0217391
0.0217391
3.04509e-12
4.65945e-14
4.65945e-14
0.0217391
0.0217391
0.0217391
0.0217391
0.0217391
0.0217391
0.0217391
4.42192e-08
0.0217391
0.0217391
1.99005e-10
2.3145e-14
0.0217391
0.0217391
0.0217391
0.0217391
0.0217391
1.99005e-10
0.0217391
0.0217391
0.0217391
0.0217391
1.99005e-10
0.0217391
0.0217391
1.99005e-10
0.0217391
0.0217392
0.0217391
0.0217391
0.0217391
7.12967e-16
0.0217391
0.0217391
0.0217391
3.04509e-12
7.12967e-16
3.04509e-12
0.0217391
0.0217391
0.0217391
0.0217391
0.0217391
1.99005e-10
1.99005e-10
1.99005e-10
0.0217391
3.04509e-12
4.65945e-14
1.99005e-10
3.04509e-12
0.0217391
0.0217391
0.0217391
7.12967e-16
0.0217391
0.0217391
3.04509e-12
0.0217391
1.99005e-10
0.0217391
3.04509e-12
3.04509e-12
3.04509e-12
1.99005e-10
3.04509e-12
3.04509e-12
0.0217391
1.99005e-10
0.0217391
0.0217391
0.0217391
4.65945e-14
0.0217394
7.12967e-16
0.0217391
0.0217391
0.0217391
4.65945e-14
4.65945e-14
0.0217391
0.0217391
1.99005e-10
1.99005e-10
3.04509e-12
7.12967e-16
0.0217391
3.04509e-12
3.04509e-12
1.99005e-10
0.0217391
7.12967e-16
0.0217391
1.99005e-10
3.04509e-12
0.0217391
0.0434782
0.0217391
3.04509e-12
0.0217391
0.0217391
1.99005e-10
7.12967e-16
0.0217391
0.0217391
0.0217391
3.04509e-12
1.58421e-13
0.0217391
1.99005e-10
0.0217391
1.99005e-10
1.99005e-10
0.0217391
0.0217391
3.04509e-12
0.0217391
3.04509e-12
4.65945e-14
4.65945e-14
0.0217391
7.8693e-14
4.65945e-14
0.0217391
0.0217391
0.0217391
0.0217391
1.99005e-10
0.0217391
1.99005e-10
4.65945e-14
7.12967e-16
0.0217391
1.99005e-10
4.65945e-14
0.0217391
1.99005e-10
1.99005e-10
0.0217391
0.0217391
0.0217391
0.0217391
7.12967e-16
3.04509e-12
3.04509e-12
4.65945e-14
1.99005e-10
1.99005e-10
0.0217391
0.0217391
3.04509e-12
0.0217391
1.99005e-10
3.04509e-12
3.04509e-12
3.04509e-12
3.04509e-12
0.0217391
0.0217391
0.0217391
0.0217391
3.04509e-12
0.0217391
7.12967e-16
0.0217391
0.0217391
3.04509e-12
0.0217391
0.0217391
0.0217391
0.0217391
0.0217391
1.97705e-10
0.0217391
6.76618e-10
0.0217391
0.0217391
0.0217391
1.99005e-10
1.99005e-10
4.65945e-14
0.0217391
0.0217391
0.0217391
1.99005e-10
7.12967e-16
0.0217391
4.65945e-14
7.12967e-16
0.0217391
1.99005e-10
0.0217391
0.0217391
4.65945e-14
1.99005e-10
0.0217391
0.0217391
1.99005e-10
0.0217391
3.04509e-12
0.0217391
0.0217391
0.0217391
0.0217391
0.0217391
0.0217391
0.0217391
0.0217391
0.0217391
4.65945e-14
3.04509e-12
0.0217391
0.0217391
3.04509e-12
7.12967e-16
4.65945e-14
0.0217391
0.0217391
0.0217391
0.0217391
0.0217391
0.0217391
0.0217391
0.0217391
0.0217391
3.04509e-12
0.0217391
1.99005e-10
0.0217391
0.0217391
0.0217391
4.65945e-14
0.0217391
0.0217391
1.51259e-12
0.0217391
0.0217391
1.99005e-10
1.99005e-10
0.0217391
0.0217391
3.04509e-12
7.12967e-16
1.99005e-10
3.04509e-12
0.0217391
3.04509e-12
0.0217391
3.04509e-12
1.99005e-10
3.04509e-12
1.99005e-10
4.65945e-14
0.0217391
1.99005e-10
1.99005e-10
3.04509e-12
0.0217391
4.65945e-14
1.99005e-10
9.88755e-11
0.0217391
0.0217391
1.99005e-10
1.99005e-10
0.0217391
7.12967e-16
0.0217391
3.04509e-12
0.0217391
0.0217391
0.0217391
1.99005e-10
0.0217391
0.0217391
1.99005e-10
3.04509e-12
1.99005e-10
4.65945e-14
3.04509e-12
3.04509e-12
7.12967e-16
4.65945e-14
0.0217391
3.04509e-12
0.0217391
4.65945e-14
1.99005e-10
0.0217391
0.0217391
0.0217391
4.65945e-14
4.65945e-14
0.0217391
0.0217391
0.0217391
0.0217391
4.65945e-14
0.0217391
2.3145e-14
1.99005e-10
0.0217391
0.0217391
3.04509e-12
0.0217391
0.0217391
0.0217391
0.0217391
7.12967e-16
4.65945e-14
1.99005e-10
0.0217391
0.0217391
4.65945e-14
3.04509e-12
0.0217391
4.65945e-14
0.0217391
0.0217391
0.0217391
1.99005e-10
0.0217391
3.04509e-12
0.0217391
1.99005e-10
3.04509e-12
4.65945e-14
0.0217391
3.04509e-12
0.0217391
1.99005e-10
4.65945e-14
3.04509e-12
0.0217391
0.0217391
0.0217391
3.04509e-12
0.0217391
7.12967e-16
0.0217391
0.0217391
0.0217391
1.99005e-10
0.0217391
0.0217391
0.0217391
0.0217391
0.0217391
0.0217391
1.99005e-10
4.65945e-14
4.65945e-14
4.65945e-14
0.0217391
0.0217391
1.99005e-10
0.0217391
0.0217391
0.0217391
0.0217391
0.0217391
3.02518e-12
0.0217391
0.0217391
0.0217391
0.0434782
0.0217391
0.0217391
1.99005e-10
0.0217391
0.0217391
0.0217391
7.12967e-16
0.0217391
3.04509e-12
4.65945e-14
0.0217391
7.8693e-14
0.0217391
0.0217391
0.0217391
0.0217391
1.99005e-10
3.04509e-12
4.65945e-14
7.12967e-16
0.0217391
0.0217391
0.0217391
0.0217391
0.0217391
0.0217391
0.0217391
7.12967e-16
4.65945e-14
0.0217391
1.99005e-10
7.12967e-16
0.0217391
1.99005e-10
0.0217391
4.65945e-14
0.0217391
0.0217391
0.0217391
0.0217391
1.99005e-10
0.0217391
1.99005e-10
0.0217391
1.99005e-10
3.04509e-12
3.04509e-12
0.0217391
1.99005e-10
0.0217391
1.99005e-10
3.04509e-12
9.88523e-11
0.0217391
0.0217391
3.04509e-12
0.0217391
0.0217391
2.1965e-08
3.04509e-12
3.04509e-12
0.0217391
4.65945e-14
0.0217391
0.0217391
0.0217391
0.0217391
0.0217391
1.99005e-10
0.0217391
1.99005e-10
0.0217391
1.99005e-10
0.0217391
0.0217391
0.0217391
0.0217391
1.99005e-10
4.65945e-14
0.0217391
7.12967e-16
0.0217391
0.0217391
0.0217391
0.0217391
1.99005e-10
3.04509e-12
3.04509e-12
0.0217391
4.65945e-14
3.04509e-12
0.0217391
0.0217391
0.0217391
0.0217391
1.99005e-10
4.65945e-14
0.0217391
0.0217391
0.0217391
1.99005e-10
1.99005e-10
4.65945e-14
0.0217391
3.04509e-12
3.04509e-12
0.0217391
0.0217391
0.0217391
4.65945e-14
1.99005e-10
0.0217391
0.0217391
1.99005e-10
0.0217391
4.65945e-14
0.0217391
4.65945e-14
0.0217391
0.0217391
0.0217391
0.0217391
0.0217391
1.99005e-10
1.99005e-10
0.0217391
0.0217391
0.0217391
7.12967e-16
4.42192e-08
0.0217391
1.99005e-10
1.99005e-10
1.99005e-10
3.04509e-12
3.04509e-12
0.0217391
0.0217391
0.0217391
3.04509e-12
0.0217391
4.65945e-14
4.65945e-14
0.0217391
7.12967e-16
0.0217391
0.0217391
1.99005e-10
0.0217391
1.99005e-10
1.99005e-10
0.0217391
0.0217391
0.0217391
1.99005e-10
0.0217391
4.65945e-14
0.0217391
0.0217391
0.0217391
1.99005e-10
0.0217391
4.65945e-14
0.0217391
0.0217391
1.99005e-10
4.65945e-14
0.0217391
3.04509e-12
1.99005e-10
4.65945e-14
1.99005e-10
1.99005e-10
0.0217391
0.0217391
0.0217391
3.04509e-12
0.0217391
3.04509e-12
1.99005e-10
0.0217391
3.04509e-12
1.99005e-10
0.0217391
1.99005e-10
0.0217391
0.0217391
0.0217391
1.99005e-10
0.0217391
0.0217391
0.0217391
3.04509e-12
0.0217391
3.04509e-12
4.65945e-14
1.99005e-10
0.0217391
3.04509e-12
4.65945e-14
3.04509e-12
0.0217391
0.0217391
7.12967e-16
0.0217391
0.0217391
0.0217391
1.99005e-10
0.0217391
0.0217391
4.65945e-14
0.0217391
0.0217391
0.0217391
0.0217391
3.04509e-12
0.0217391
3.04509e-12
0.0217391
0.0217391
3.04509e-12
1.58421e-13
0.0217391
4.65945e-14
1.99005e-10
1.51259e-12
4.65945e-14
0.0217391
0.0217391
0.0217391
0.0217391
0.0217391
0.0217391
0.0217391
0.0217391
0.0217391
0.0217391
0.0217391
0.0217391
0.0217391
0.0217391
0.0217391
0.0217391
0.0217391
0.0217391
0.0217391
0.0217391
0.0217391
0.0217391
0.0217391
0.0217391
0.0217391
0.0217391
0.0217392
0.0217391
0.0217391
1.99005e-10
0.0217391
0.0217391
0.0217391
0.0217391
0.0217391
0.0217391
0.0217391
0.0217391
0.0217391
0.0217391
0.0217391
0.0217391
0.0217391
0.0217391
0.0217391
0.0217391
0.0217391
0.0217391
0.0217391
0.0217391
0.0217391
0.0217391
0.0217391
0.0217391
0.0217391
0.0217391
0.0217391
0.0217391
4.65945e-14
4.42192e-08
3.04509e-12
7.12967e-16
3.04509e-12
1.99005e-10
0.0217391
0.0217391
0.0217391
0.0217391
3.04509e-12
3.04509e-12
0.0217391
0.0217391
0.0434782
0.0217391
0.0217391
0.0217391
0.0217391
1.99005e-10
0.0217391
0.0217391
0.0217391
0.0217391
0.0217391
4.65945e-14
0.0217391
0.0217391
0.0217391
1.99005e-10
0.0217391
1.99005e-10
0.0217391
0.0217391
0.0217391
0.0217391
0.0217391
0.0217391
0.0217391
0.0217391
0.0434782
0.0434782
0.0434782
0.0217391
0.0217391
0.0217391
0.0217391
0.0434782
0.0217391
0.0217391
0.0217391
0.0217391
0.0217391
0.0217391
1.99005e-10
0.0217391
0.0217391
0.0217391
0.0217391
1.99005e-10
1.99005e-10
3.04509e-12
0.0217391
0.0217391
0.0217391
0.0217391
0.0217391
0.0217391
0.0217391
0.0217391
0.0217391
0.0217391
0.0217391
0.0217391
0.0217391
0.0217391
0.0217391
0.0217391
0.0217391
0.0217391
0.0217391
1.99005e-10
