3.39303395232e-06
3.39303395232e-06
3.39303395232e-06
0.0
3.39303395232e-06
3.39303395232e-06
0.0
0.0
0.0
3.39303395232e-06
3.39303395232e-06
0.0
3.39303395232e-06
3.39303395232e-06
3.39303395232e-06
3.39303395232e-06
0.0
3.39303395232e-06
3.39303395232e-06
3.39303395232e-06
0.0
3.39303395232e-06
3.39303395232e-06
3.39303395232e-06
3.39303395232e-06
3.39303395232e-06
3.39303395232e-06
3.39303395232e-06
3.39303395232e-06
3.39303395232e-06
3.39303395232e-06
3.39303395232e-06
3.39303395232e-06
3.39303395232e-06
3.39303395232e-06
3.39303395232e-06
3.39303395232e-06
6.78606790463e-06
3.39303395232e-06
3.39303395232e-06
1.01791018569e-05
3.39303395232e-06
3.39303395232e-06
3.39303395232e-06
3.39303395232e-06
1.01791018569e-05
1.01791018569e-05
1.01791018569e-05
6.78606790463e-06
1.01791018569e-05
1.01791018569e-05
3.39303395232e-06
6.78606790463e-06
0.00335966334255
3.39303395232e-06
6.78606790463e-06
3.39303395232e-06
6.78606790463e-06
3.39303395232e-06
3.39303395232e-06
3.39303395232e-06
3.39303395232e-06
3.39303395232e-06
3.39303395232e-06
3.39303395232e-06
3.39303395232e-06
3.39303395232e-06
3.39303395232e-06
3.39303395232e-06
3.39303395232e-06
3.39303395232e-06
3.39303395232e-06
3.39303395232e-06
3.39303395232e-06
3.39303395232e-06
3.39303395232e-06
3.39303395232e-06
3.39303395232e-06
3.39303395232e-06
3.39303395232e-06
3.39303395232e-06
3.39303395232e-06
3.39303395232e-06
3.39303395232e-06
3.39303395232e-06
3.39303395232e-06
3.39303395232e-06
3.39303395232e-06
3.39303395232e-06
3.39303395232e-06
3.39303395232e-06
3.39303395232e-06
3.39303395232e-06
3.39303395232e-06
3.39303395232e-06
3.39303395232e-06
3.39303395232e-06
3.39303395232e-06
3.39303395232e-06
3.39303395232e-06
3.39303395232e-06
3.39303395232e-06
3.39303395232e-06
3.39303395232e-06
3.39303395232e-06
3.39303395232e-06
3.39303395232e-06
3.39303395232e-06
3.39303395232e-06
3.39303395232e-06
3.39303395232e-06
3.39303395232e-06
3.39303395232e-06
3.39303395232e-06
3.39303395232e-06
3.39303395232e-06
3.39303395232e-06
3.39303395232e-06
3.39303395232e-06
3.39303395232e-06
3.39303395232e-06
3.39303395232e-06
3.39303395232e-06
3.39303395232e-06
3.39303395232e-06
3.39303395232e-06
3.39303395232e-06
3.39303395232e-06
3.39303395232e-06
3.39303395232e-06
3.39303395232e-06
3.39303395232e-06
3.39303395232e-06
3.39303395232e-06
3.39303395232e-06
3.39303395232e-06
3.39303395232e-06
3.39303395232e-06
3.39303395232e-06
3.39303395232e-06
3.39303395232e-06
3.39303395232e-06
3.39303395232e-06
3.39303395232e-06
3.39303395232e-06
3.39303395232e-06
3.39303395232e-06
0.00338566252606
3.39303395232e-06
3.39303395232e-06
3.39303395232e-06
3.39303395232e-06
3.39303395232e-06
3.39303395232e-06
3.39303395232e-06
3.39303395232e-06
3.39303395232e-06
3.39303395232e-06
3.39303395232e-06
3.39303395232e-06
3.39303395232e-06
3.39303395232e-06
3.39303395232e-06
3.39303395232e-06
3.39303395232e-06
3.39303395232e-06
3.39303395232e-06
3.39303395232e-06
3.39303395232e-06
3.39303395232e-06
3.39303395232e-06
3.39303395232e-06
3.39303395232e-06
3.39303395232e-06
3.39303395232e-06
3.39303395232e-06
3.39303395232e-06
3.39303395232e-06
3.39303395232e-06
6.78606790463e-06
3.39303395232e-06
3.39303395232e-06
3.39303395232e-06
6.78606790463e-06
3.39303395232e-06
6.78606790463e-06
3.39303395232e-06
3.39303395232e-06
3.39303395232e-06
3.39303395232e-06
3.39303395232e-06
3.39303395232e-06
3.39303395232e-06
3.39303395232e-06
3.39303395232e-06
3.39303395232e-06
3.39303395232e-06
3.39303395232e-06
3.39303395232e-06
3.39303395232e-06
3.39303395232e-06
3.39303395232e-06
3.39303395232e-06
3.39303395232e-06
0.00677076890277
3.39303395232e-06
3.39303395232e-06
3.39303395232e-06
3.39303395232e-06
3.39303395232e-06
3.39303395232e-06
3.39303395232e-06
3.39303395232e-06
3.39303395232e-06
3.39303395232e-06
3.39303395232e-06
3.39303395232e-06
3.39303395232e-06
3.39303395232e-06
3.39303395232e-06
3.39303395232e-06
3.39303395232e-06
3.39303395232e-06
3.39303395232e-06
3.39303395232e-06
3.39303395232e-06
3.39303395232e-06
0.00338964091836
0.00338964091836
0.00338964091836
0.00338964091836
0.00338964091836
0.00338964091836
0.00338964091836
0.00338964091836
0.00338964091836
0.00338964091836
0.00338964091836
0.00338964091836
0.00338964091836
0.00338964091836
0.00338964091836
0.00338964091836
0.00338964091836
0.00338964091836
0.00338964091836
0.00338964091836
0.00338964091836
0.00338964091836
0.00338964091836
0.00338964091836
0.00338964091836
0.00338964091836
0.00338964091836
0.00338964091836
0.00338964091836
0.00338964091836
0.00338964091836
0.00338964091836
0.00338964091836
0.00338964091836
0.00338964091836
0.00338964091836
0.00338964091836
0.00338964091836
0.00338964091836
0.00338964091836
0.00338964091836
0.00338964091836
0.00338964091836
0.00338964091836
0.00338964091836
0.00338964091836
0.00677928183673
0.00338964091836
0.00338964091836
0.00338964091836
0.00338964091836
0.00338964091836
0.00338964091836
0.00338964091836
0.00338964091836
0.00338964091836
0.00338964091836
0.00338964091836
0.00338964091836
0.00338964091836
0.00338964091836
0.00338964091836
0.00338964091836
0.00338964091836
0.00677928183673
0.00338964091836
0.00677928183673
0.00338964091836
0.00338964091836
0.00677928183673
0.00338964091836
0.00338964091836
0.00338964091836
0.00338964091836
0.00338964091836
0.00677928183673
0.00338964091836
0.00338964091836
0.00338964091836
0.00338964091836
0.00338964091836
0.00338964091836
0.00338964091836
0.00338964091836
0.00338964091836
0.00338964091836
0.00338964091836
0.00338964091836
0.00338964091836
0.00338964091836
0.00677928183673
0.00338964091836
0.00338964091836
0.00338964091836
0.00338964091836
0.00338964091836
0.00338964091836
0.00338964091836
0.00338964091836
0.00338964091836
0.00338964091836
0.00338964091836
0.00338964091836
0.00338964091836
0.00338964091836
0.00338964091836
0.00338964091836
0.00338964091836
0.00338964091836
0.00338964091836
0.00338964091836
0.00338964091836
0.00338964091836
0.00338964091836
0.00338964091836
0.0
0.00338964091836
0.00338964091836
0.00338964091836
0.00338964091836
0.00338964091836
0.00338964091836
0.00338964091836
0.0102035089867
0.00338964091836
0.00338964091836
0.00338964091836
0.00338964091836
0.00338964091836
0.00338964091836
0.00338964091836
0.00338964091836
0.00338964091836
0.00338964091836
0.00338964091836
0.00338964091836
0.00338964091836
0.00338964091836
0.00338964091836
0.00338964091836
0.00338964091836
0.00338964091836
0.00338964091836
0.00338964091836
0.00338964091836
0.00338964091836
0.00338964091836
0.00338964091836
0.00338964091836
0.00338964091836
0.00338964091836
0.00338964091836
0.00338964091836
0.00338964091836
0.00338964091836
0.00338964091836
0.00338964091836
0.00338964091836
0.00338964091836
0.00338964091836
0.00338964091836
0.00338964091836
0.00338964091836
0.00338964091836
0.00338964091836
0.00338964091836
0.00338964091836
0.00338964091836
0.00338964091836
0.00338964091836
0.00338964091836
0.00338964091836
0.00338964091836
0.00338964091836
0.00338964091836
0.00338964091836
0.00338964091836
0.00338964091836
0.00338964091836
0.00338964091836
0.00338964091836
0.00338964091836
0.00338964091836
0.00338964091836
0.00338964091836
0.00338964091836
0.00338964091836
0.00338964091836
0.00338964091836
0.00338964091836
0.00338964091836
0.00338964091836
0.00338964091836
0.00338964091836
0.00338964091836
0.00338964091836
0.00338964091836
0.00338964091836
0.00338964091836
0.00338964091836
0.00338964091836
0.00338964091836
0.00338964091836
0.00338964091836
0.00338964091836
0.00338964091836
0.00338964091836
0.00338964091836
0.00338964091836
0.00338964091836
0.00338964091836
0.00338964091836
0.00338964091836
0.00338964091836
0.00338964091836
0.00338964091836
0.00338964091836
0.00338964091836
0.00338964091836
0.00338964091836
0.00338964091836
0.00338964091836
0.00338964091836
0.00338964091836
0.00338964091836
0.00338964091836
0.00338964091836
0.00338964091836
0.00338964091836
0.00338964091836
0.00338964091836
0.00338964091836
0.00338964091836
0.00338964091836
0.00338964091836
0.00338964091836
0.00338964091836
0.00338964091836
0.00338964091836
0.00338964091836
0.00338964091836
0.00338964091836
0.00338964091836
0.00338964091836
0.00338964091836
0.00338964091836
0.00338964091836
0.00338964091836
0.00338964091836
0.00338964091836
0.00338964091836
0.00338964091836
0.00338964091836
0.00338964091836
0.00338964091836
0.00338964091836
0.00338964091836
0.00338964091836
0.00338964091836
0.00338964091836
0.00338964091836
0.00338964091836
0.00338964091836
0.00338964091836
0.00338964091836
0.00338964091836
0.00338964091836
0.00338964091836
0.00338964091836
0.00338964091836
0.00338964091836
0.00338964091836
0.00338964091836
0.00338964091836
0.00338964091836
0.00338964091836
0.00338964091836
0.00338964091836
0.00338964091836
0.00338964091836
0.00338964091836
0.00338964091836
0.00338964091836
0.00338964091836
0.00338964091836
0.00338964091836
0.00338964091836
0.00338964091836
0.00338964091836
0.00340116966222
0.00338964091836
0.00338964091836
0.00338964091836
0.00338964091836
0.00338964091836
0.00338964091836
0.00338964091836
0.00338964091836
0.00338964091836
0.00338964091836
0.00338964091836
0.00338964091836
0.00338964091836
0.00338964091836
