1	 718080471339393024	 718080614872838144	 718080731923292160	 718081501556973569	 718081646344454145	 718081753387106305	 718081765898862592	 718081902494744576	 718081905741205505	 718082022892249089	 718082048238424064	 718082421338587136	 718082539559194625	 718082664293658624	 718083046151495681	 718083062383394816	 718083188262834176	 718083313731297280	 718083436376817664	 718083449026912258	 718083565964107777	 718083583173332993	 718083832117723136	 718083947796627458	 718084090801610756	 718084608772976640	 718084746622988290	 718085105584062464	 718085245946490880	 718085503845863424	 718086169238642688	 718086556934881280	 718086939337883648	 718087050180726784	 718087311192363008	 718088077827252224	 718088204285399040	 718088488122454018	 718088600831660032	 718089761877983232	 718090291899707397	 718090396245614592	 718090920265183232	 718091047314792449	 718091436890001408	 718091451360477185	 718091457412763648	 718091824724881408	 718091965087281153	 718092206142148610	 718092208453328896	 718092220620877824	 718092357682356224	 718092361021186048	 718092464100237313	 718092746792296448	 718092861728800768	 718093113928101888	 718093617886158849	 718094162369884160	 718094293500628992	 718094920485961728	 718094935954759680	 718095037733711873	 718095039235301377	 718095316273258498	 718095445495521280	 718095453980479488
2	 718080604751978496	 718080734750253056	 718081013134393344	 718081382363172864	 718081401413734400	 718081495546667008	 718081781551865857	 718081902561927168	 718082140924223488	 718082268317761537	 718082302568337409	 718082405798711300	 718083331410112512	 718083571056001026	 718083685736689664	 718083686613196800	 718083941597466625	 718084216563564544	 718084609670393856	 718084612535271424	 718084982581960705	 718085256629211138	 718085267719131137	 718085495746486272	 718085759215861760	 718085767235575808	 718085879776935937	 718085881651855360	 718086038439092225	 718086158182391810	 718087443472199680	 718088608234610689	 718089627316457473	 718091973064843264	 718092589862416385	 718093622575378432	 718093752552787968	 718093758697500672	 718094792744439808
3	 718080868397363200	 718081257226113024	 718081495085281281	 718081775432413185	 718081888708009984	 718081918395265026	 718082176340852736	 718082421728542721	 718082532244369409	 718082806103019520	 718083036714283008	 718083189848154112	 718083715155435520	 718083808252280833	 718083836169560064	 718084488522113024	 718084882690359296	 718085376649379841	 718086816147046401	 718086924632653828	 718087196503355392	 718088103773077504	 718088221406572545	 718088350033440768	 718088745354788865	 718089122263482368	 718089379273707520	 718091040880594944	 718091687382421505	 718092222382493697	 718092610263326720	 718092862722715652	 718094412467732481	 718095314750676992	 718095425081712642
4	 718082811861700608	 718083192914313216	 718083444274761728	 718083575850147842	 718083699301040129	 718084093246881792	 718084329176313856	 718084354853875714	 718085518882377728	 718086158022893569	 718086544058408960	 718086937194553346	 718087190711037952	 718087704055906304	 718088867476348928	 718089368481755136	 718089369836527616	 718089374701846529	 718090665842778112	 718090666178379778	 718092336853606401	 718093107502288896	 718093755253809153	 718094290941915136	 718094534618583041
5	 718087707625295872	 718087712172077056	 718087823849570306	 718087826412318722	 718087951763156992	 718087955554893825	 718087975062671360	 718088199906664448	 718088355813130241	 718088611749429249	 718088614417031168	 718088619253219328	 718088875932041218	 718089248709017600	 718090019316101120	 718090147259088897	 718090161674911746	 718091443668131840	 718091573670490112	 718091675868995585	 718093371550531584	 718094413503696897	 718094921811509249	 718095302331203589
6	 718081136086220800	 718081372242460672	 718082421074296836	 718083040694693888	 718083207749570560	 718084338148106241	 718084477143105536	 718085008683085824	 718086417662943232	 718086539163668481	 718086540325466112	 718086668444573697	 718086929787400192	 718087690780946433	 718087973846126592	 718088486943719424	 718088864594677761	 718088866662494208	 718089238097629184	 718089894711549952	 718092725577453568	 718094676440387584
7	 718083713746268160	 718084090231128065	 718084215842078720	 718084218920767488	 718084878336729088	 718085781391151104	 718086426244550656	 718086925089792001	 718086940206112773	 718088484225835008	 718090150044041216	 718090159787474944	 718090518731886593	 718093642926141440	 718093746617851904	 718093892055404544	 718094417257566208	 718095162854006785
8	 2	 3	 4	 5	 6	 7	 8	 11	 718082410139795460	 718082802844045312	 718084988604964864	 718085240451952640	 718085373159743488	 718085493074829312	 718091189539446784	 718094915662577665
9	 718081384607301632	 718082929004453892	 718083450217955328	 718084874649919489	 718084981613051904	 718085122017337344	 718086551129853952	 718087063141109760	 718087697840095232	 718087846691614722	 718090163977498625	 718093377007280128	 718093877433933824	 718094287599230977
10	 718082684757651458	 718083040363327488	 718084337225310208	 718084868962279429	 718085875872059392	 718086138934665216	 718086550249144320	 718086925521928192	 718087180749410305	 718087446878007296	 718087952186941441	 718088721678131201	 718090271771086851	 718090937440854016
11	 718085128099139584	 718085383247015936	 718086037743013890	 718086798547804160	 718087841830469633	 718088210140639233	 718088867862224897	 718089639395983360	 718090275294412801	 718090536943534080	 718090648965029888	 718093892646748160	 718094669792559104
12	 718080756430450689	 718081498369236992	 718082265008439296	 718082936562716672	 718083195556773888	 718084237572726784	 718089119428005889	 718090399403868160	 718090654212034560	 718091325426503680	 718091455919554560	 718092462758182915
13	 718080615791329280	 718081521933008896	 718081912129134592	 718083972941545472	 718084988764336128	 718086549276123136	 718086797478203392	 718088877504798720	 718090290964226049	 718091836531863552	 718092212316323840	 718094147329069058
14	 718081778666369024	 718082048892776448	 718083303841079301	 718084488123826176	 718084735227047936	 718084975594192896	 718085388674473984	 718089764054953984	 718091577860562944	 718095188132954112
15	 718080614339977216	 718082425960677376	 718085123514765312	 718085776848715776	 718089381236506624	 718091579555119104	 718092988296142852	 718093240273076224	 718094004903153664	 718095163105681409
16	 718081661880049665	 718082790143582213	 718083815034511361	 718085126496903172	 718085657348874240	 718088229690286080	 718089242048471040	 718089906682257408	 718090387022151681	 718092733097852928
17	 718080743218352129	 718082540448391168	 718084092592582657	 718085238111404032	 718089647914528768	 718089773634744322	 718091690494439424	 718092225591181313	 718094526582116352	 718095564219351042
18	 718081016200622081	 718083193908252672	 718084213434556416	 718084340027031552	 718085510900662272	 718085879428816896	 718088482514669569	 718089636539719680	 718092353899077633	 718093747414630401
19	 718088361110413312	 718088993938604034	 718088994630729729	 718088994681020417	 718088994831990785	 718088994882322432	 718088994991386624	 718088995192737792	 718093385672826881
20	 718081257893068801	 718083208303120385	 718083433738670080	 718084599541284864	 718086686396121088	 718090523047804929	 718090529259413508	 718092450796015617	 718092861367955456
21	 718080608887377920	 718080871404732416	 718080996122296321	 718081782139240449	 718084732169400320	 718084881176072195	 718085511529693184	 718090786584170496	 718092867126693888
22	 718080862659690497	 718081131992727554	 718084108514160640	 718086265699233792	 718088876472991744	 718089110628524034	 718089772472729601	 718092597416366082
23	 718081256123199489	 718081507793842176	 718082804643270656	 718082821127012352	 718082930770374656	 718083445545521152	 718084995890348032	 718086031401172993
24	 718080607344017411	 718080999691853824	 718081109519634432	 718086024421896192	 718088222388187138	 718093242630180865	 718095183548522497
25	 718082805671047168	 718084733368832000	 718089000792244226	 718090270588297217	 718091198938750976	 718091201367379972	 718091581018873858
26	 718083594649006080	 718085128723935233	 718090785313304580	 718091314928025600	 718092970659069953	 718093125453910016	 718094411247136768
27	 718084598207553538	 718085124114374656	 718085509826764801	 718088615402692612	 718090926867017728	 718091689584250880	 718092474846093312
28	 718082431803334656	 718083572050042882	 718083673409601537	 718087580537847808	 718090403090731008	 718095569659510784
29	 9	 718089111584772096	 718089375427469312	 718090026291167233	 718090026291236864	 718090026299555841
30	 718088998871298048	 718089386777247746	 718091197709991936	 718091575243485184	 718093745791627267	 718095318961823749
31	 718082665300246529	 718084227648987137	 718089474547130368	 718090679805673472	 718090781488185345	 718092728895193090
32	 718080991710064642	 718081373181902848	 718081639520321537	 718082946263949312	 718083960090263552	 718095451132657668
33	 718085367694561280	 718088083216814080	 718092080489205761	 718094388392386560	 718094648573427712	 718095312489873409
34	 718080602226843648	 718081504618807296	 718082812520173572	 718086146560036864	 718091567702126592	 718092093248376832
35	 718080738982293504	 718081523933687809	 718087059173425154	 718088488848109568	 718088722823127040	 718093887856893952
36	 718082264249339905	 718082790911246338	 718084226407501824	 718085637459476480	 718086419663757312	 718087458252935168
37	 718082937577713670	 718087702374002691	 718088586109796352	 718090937591853056	 718091049697148929	 718094142530797570
38	 718081261605027840	 718086283470327814	 718087712637652994	 718088229790986240	 718089248742592516	 718092589845483520
39	 718089907420291072	 718089907453894661	 718089907462234118	 718091964449599488	 718091964512493572	 718092342234775552
40	 718089770178457600	 718090021794947073	 718091441239638016	 718092361750806528	 718093115354128384	 718093888594968578
41	 718086272405868544	 718087694203633665	 718087698783870976	 718087947388583936	 718088345298010112	 718090789608271873
42	 10	 718088735422722048	 718089883852611585	 718091323518091266	 718092997175410689	 718093649439948800
43	 718084712804327425	 718084719330598912	 718085000025903105	 718086814775451648	 718087051460157440	 718095058440880128
44	 718088361269993472	 718088580145393664	 718089495686451200	 718090148324515840	 718090663045292032	 718092197363453952
45	 718081372687097856	 718083042208710657	 718093107057856513	 718094388920844288	 718095302368997377
46	 718082535947956224	 718088843958882304	 718090550172327936	 718092229345021952	 718093377405714432
47	 718082666701135876	 718094805641760768	 718095061687250944	 718095432526618624	 718095701075304448
48	 718082545804509185	 718083673741008896	 718085882167894017	 718092975444766722	 718094809219477505
49	 718088096517132289	 718091971034624000	 718092960454213633	 718092981354377216	 718093000207781888
50	 718087054844944384	 718090284911968257	 718090526243749888	 718090671010226176	 718091446474117120
51	 718083464747044864	 718085887762935808	 718089505417334785	 718089770732232704	 718090147057766401
52	 718081527775686656	 718086685460856832	 718087950269984768	 718088345851527171	 718093746538020865
53	 718081122194722817	 718082937384734721	 718086428219953152	 718089365600120836	 718095064971382784
54	 718084878059720704	 718084879724859392	 718084882488909824	 718085397046104064	 718087202199089152
55	 718081763118067712	 718083185201004545	 718089489579544576	 718092611492450308	 718094789233737729
56	 718094800696659968	 718095161855586304	 718095184752345089	 718095192465604609	 718095427011084288
57	 718080881475256321	 718086023540973568	 718086028624420864	 718086033238196224	 718086038523027456
58	 718086281255903233	 718086301128474625	 718087447247134720	 718092980918362115
59	 718090147116482560	 718090284756832256	 718091833566298112	 718093992005513217
60	 718081651272728577	 718087197484838912	 718087451277787136	 718090025439739905
61	 718081119757869056	 718083333918433280	 718086664061476866	 718094155717545986
62	 718083809162444800	 718084094190596097	 718084625281757185	 718089894392758273
63	 718085642907992064	 718085645244174336	 718085648331223040	 718087321657061376
64	 718080479866454016	 718080489911926784	 718081125286035456	 718081374830272512
65	 718091832715055105	 718092088282185728	 718092476980932608	 718093765076918272
66	 718089641853714432	 718089752633679872	 718089761554956288	 718089770346254336
67	 718084871265062913	 718085776580284416	 718090924375539712	 718093629793902593
68	 718085350900441088	 718085352112594949	 718085353228210176	 718085360715104258
69	 718088354202566656	 718089123962175488	 718091695380770816	 718093116868333568
70	 718081269700104192	 718086552702705664	 718086810828546048	 718087326061223936
71	 718088095443197952	 718088994660036609	 718089883458281472	 718092734188355584
72	 718081648412139520	 718082287137603588	 718082674422714368	 718090542899265536
73	 718081118738583553	 718081379381153792	 718082031784226816	 718082789233524737
74	 718081245578702848	 718081647405432832	 718083835141828609	 718089132791074816
75	 718088358837231616	 718089372709552132	 718089481526632448	 718089885626671104
76	 718089886205616129	 718090545319583746	 718091197579968512	 718092084935168001
77	 718086926671155200	 718087973665779712	 718092956528410625	 718093107422707714
78	 718082012985339905	 718084093041311746	 718084600476479491	 718092746586763264
79	 718081251761131520	 718083580069548032	 718083962825007104	 718087435863785473
80	 718087570341634049	 718088359005044736	 718090786206826496
81	 718084996544659457	 718085899662336001	 718092743864631296
82	 718089258234421248	 718090779844075520	 718091833369366529
83	 718093372007690240	 718093374192885760	 718093375572811776
84	 718088472708259841	 718090016866615296	 718091570767990784
85	 718081377216888833	 718083464147275777	 718085394407886848
86	 718085762709893121	 718086553923297280	 718092102228250624
87	 718082532189732868	 718084616825864192	 718086034903281664
88	 718091323362947072	 718092747954130944	 718093245725585409
89	 718094522094383105	 718095177651331072	 718095448586788865
90	 718089645553229824	 718089891616305152	 718090014417096705
91	 718089262621663232	 718091055971844096	 718094523511996420
92	 718080992519520256	 718080994214068225	 718080994906095617
93	 718082946348019715	 718083317271289856	 718085763502505984
94	 718092094061948929	 718092874974306305	 718094152466960388
95	 718083446153687044	 718087579569143809	 718092604642955264
96	 718090531327381504	 718090803344760832	 718091060606582784
97	 718080487122665472	 718085764081459200	 718095053097463808
98	 718083569499955200	 718083948308467712	 718083969808482306
99	 718083309713170432	 718084219088429056	 718089256447647744
100	 718082144040591360	 718085879378624513	 718093892491448320
101	 718082148805255172	 718088472096018432	 718088592380313601
102	 718092216393072640	 718092467015442432	 718093240881131521
103	 718080736985804800	 718081247206092800	 718091829938364417
104	 718080598632435712	 718080884654493696	 718093747037343745
105	 718082427587964928	 718083717114302466	 718092608824680448
106	 718087829922963457	 718090287915130880	 718090413727461376
107	 718095584159260672	 718095705466798080	 718095709199855616
108	 718087705477783552	 718087837803937793	 718087846825824256
109	 718089370981543936	 718090651317895168	 718093128373288961
110	 718080746225700866	 718083714971013124	 718085650331750400
111	 718081492463853568	 718081495110443008	 718082030731444224
112	 718085524351614977	 718085767050821632	 718091844500922370
113	 718080749157494785	 718082815514906624	 718083669995421696
114	 718082264375173122	 718091455298805762	 718091832631013376
115	 718085643335823361	 718087187296690176	 718087308407246848
116	 718083300007538688	 718090138006503425	 718093384246669312
117	 718081913114603521	 718086811407482880	 718089646064795648
118	 718086815459180548	 718091576191401984	 718095187877056516
119	 718082297002459136	 718082800017014784	 718083700236234752
120	 718086017278803968	 718090928855126016	 718092467568947201
121	 718081660214861824	 718082682643722241	 718084883789119488
122	 718081892147265536	 718082678063439874	 718083837763330050
123	 718090151038160897	 718090926703312899	 718092203743010817
124	 718086147696693248	 718091045192511488	 718091571267309568
125	 718083578437967872	 718084364412694529	 718089495057408001
126	 718087310324006912	 718094930883649540
127	 718094404351692801	 718095055886614528
128	 718080751523069952	 718082541845020672
129	 718081780654465025	 718082169038446592
130	 718090516383006720	 718091038376615936
131	 718091965888401408	 718092738336583680
132	 718080746120994816	 718094272604606465
133	 718083965467303942	 718084358654046208
134	 718088352440954880	 718092975314767873
135	 718083069207560192	 718089244011417601
136	 718083836421283840	 718084990303670274
137	 718091057045446656	 718092454776451072
138	 718081658147110913	 718085229844373506
139	 718080997175246849	 718087074709172224
140	 718083952548818944	 718083968713695232
141	 718087074067390464	 718087965239431168
142	 718092614872903681	 718093879698923520
143	 718088090095656961	 718090014677188608
144	 718083308689686530	 718087066022641665
145	 718082555166253057	 718094282234707969
146	 718088747871506433	 718091681313263620
147	 718090282634313733	 718092080829038592
148	 718085239348723712	 718095318957604864
149	 718080743747018753	 718081007547654150
150	 718084466896273408	 718084469425459200
151	 718094022812643328	 718094921161252864
152	 718093258564370432	 718093476500475905
153	 718083832369418240	 718083968869015552
154	 718081373379174400	 718082931948912641
155	 718093641982615552	 718095578513686528
156	 718088849252081664	 718090158910754816
157	 718081262834085888	 718084227959562240
158	 718083202653544448	 718092456395415553
159	 718082139015647232	 718092862668283905
160	 718083310581190656	 718089255336194049
161	 718084224851582976	 718090678367027201
162	 718081382178824192	 718086931599474688
163	 718081124690296833	 718083059770200064
164	 718094005075107840	 718094150592241664
165	 718085906754846720	 718088594519252994
166	 718092227302539264	 718094283639627777
167	 718094010926166017	 718094534438174723
168	 718080471276589056	 718082040466436096
169	 718082418364780544	 718085769546498048
170	 718086015995535360	 718088588190228480
171	 718080883106951169	 718089253532479489
172	 718087048884854785	 718087458814963712
173	 718090420350128132	 718093248569290752
174	 718086427783725056	 718086427817299968
175	 718082680391217152	 718092731847991296
176	 718081393784270849	 718086789785751552
177	 718082035240161281	 718086300222550016
178	 718081517335916544	 718083451228987394
179	 718081368933031936	 718082048494206976
180	 718083027168071680	 718089891922513920
181	 718080630798606337	 718083582481326080
182	 718086680385830912	 718087559813865472
183	 718093749344047104	 718094644857450496
184	 718086165149179904	 718086553659170818
185	 718086927589617664	 718087198197743618
186	 718082807931600896	 718083447571386368
187	 718083432891478016	 718091688552611840
188	 718086422918369280	 718086555026370561
189	 718092616085200898	 718092953768562688
190	 718087824705081345	 718092734406348802
191	 718081916528758785	 718082014826639360
192	 718084323971346433	 718093889022926849
193	 718080738713690112	 718094148499345408
194	 718084330828922880	 718085243031396352
195	 718087201976811520	 718089389407125504
196	 718083192490733569	 718086299312328704
197	 718094025954295808	 718094288291168256
198	 718086543701749761	 718090390583160832
199	 718082145810395136	 718091569618771969
200	 718085508086149122	 718087444059463680
201	 1	 718081498360971268
202	 718082019075428353	 718094937997361152
203	 718091835881746432	 718092974643515392
204	 718084976151900160	 718092983568965632
205	 718082943068069889	 718093381151416320
206	 718085108167806976	 718086793598349312
207	 718090519348256768	 718094144099500032
208	 718082558408327168	 718086673024880642
209	 718082157672022016	 718092357522948096
210	 718087837006958592	 718088204348338176
211	 718088232278343680	 718095697174798336
212	 718086138360102912	 718088206407884800
213	 718088096051552256	 718093390244552704
214	 718084594579300356	 718091198078935041
215	 718088736618078208	 718092868083179521
216	 718086427553214464	 718087325767622658
217	 718080485981859840	 718087705595396097
218	 718084727618539520	 718093238549106689
219	 718081788887703553	 718088359487275013
220	 718081761792512000	 718085102065098753
221	 718081653885820928	 718094792333271040
222	 718087692672745472	 718089900646486016
223	 718081116868059137	 718082423939006464
224	 718093885524803584	 718095699930255360
225	 718091041849622528	 718094542478581760
226	 718093389699358720	 718095304440963072
227	 718093129166012417	 718094662792126465
228	 718084621389455361
229	 718093484129968128
230	 718091196309094400
231	 718085885519130624
232	 718084727559729152
233	 718094803905294338
234	 718081264964739072
235	 718094666223194113
236	 718089247610245120
237	 718091433383559168
238	 718082169223135234
239	 718094292225564672
240	 718093491071557632
241	 718081653122314240
242	 718095194172694528
243	 718091456179638273
244	 718083576672202752
245	 718091570952667138
246	 718086407068188672
247	 718084236918464512
248	 718090652240723970
249	 718082289545134083
250	 718084478590197761
251	 718093644968902658
252	 718086664346669056
253	 718081781472313344
254	 718090280310874112
255	 718087586275794945
256	 718093244706529280
257	 718094385276002304
258	 718088857359486976
259	 718086268614275074
260	 718088077919391744
261	 718087198931881984
262	 718086923403677696
263	 718080598850596872
264	 718082144145309697
265	 718082554268659713
266	 718087825397301248
267	 718093241770450945
268	 718083718934622208
269	 718090400448258048
270	 718094939138236417
271	 718084716054720517
272	 718083315341860864
273	 718091675097235456
274	 718088484930490370
275	 718086661716910080
276	 718087072209375233
277	 718087055591489536
278	 718082279847903232
279	 718091964722249729
280	 718094009789517824
281	 718092742899793920
282	 718087948294610944
283	 718085500637208577
284	 718089770899939328
285	 718086536345071616
286	 718087184381677572
287	 718084082626736128
288	 718081917644644353
289	 718081639545495552
290	 718091455055728640
291	 718094291206168577
292	 718093002795851778
293	 718082284612665344
294	 718089631556845568
295	 718081105467813892
296	 718083956160208897
297	 718094921261916160
298	 718089631766552576
299	 718092205597044736
300	 718082664465620995
301	 718085243438235648
302	 718088739860271104
303	 718087447796695042
304	 718087970985644032
305	 718088997885632516
306	 718088355192377348
307	 718094543908831232
308	 718092859287543809
309	 718090806083584001
310	 718090795010514944
311	 718087459414757376
312	 718087585269047296
313	 718094647931904001
314	 718081891778187264
315	 718087315416080388
316	 718084316434182148
317	 718088718859436033
318	 718088475916918786
319	 718087315055218689
320	 718092747903787010
321	 718081491964719104
322	 718084745276432385
323	 718088479511425027
324	 718084227112284161
325	 718085892724764672
326	 718082421737066496
327	 718092458983235584
328	 718088730829979648
329	 718080881970249730
330	 718094279063699460
331	 718082293114470401
332	 718090929396166660
333	 718091316673056773
334	 718090024495878144
335	 718082033638109184
336	 718091577474813953
337	 718091201170149376
338	 718086290059632641
339	 718087821911789568
340	 718093638463524864
341	 718089629312819201
342	 718083198492811264
343	 718087052835815426
344	 718092462384877568
345	 718080990896214016
346	 718085886458470400
347	 718083830880477184
348	 718081118361280512
349	 718084593526681600
350	 718089384487100416
351	 718094388358946816
352	 718093259667480576
353	 718095063377715200
354	 718083335013007360
355	 718082427713814528
356	 718088087000068096
357	 718093255150272512
358	 718088869166624769
359	 718087050109566976
360	 718085119215407104
361	 718084094219968513
362	 718081247759568896
363	 718089498261753857
364	 718091042218778624
365	 718087585726226432
366	 718090407641415680
367	 718086291154472964
368	 718086427167227904
369	 718093496436043776
370	 718086810258149376
371	 718082544890155008
372	 718088207431254016
373	 718088486956437505
374	 718093879455649794
375	 718082417735688192
376	 718086130147655680
377	 718088486738219008
378	 718084615169290240
379	 718085239461928961
380	 718083716615127040
381	 718089906820673537
382	 718085646435241984
383	 718084491919491072
384	 718082422252785665
385	 718084977221570561
386	 718094932070776832
387	 718081268408270849
388	 718088873818107904
389	 718086538370932736
390	 718093505336184832
391	 718083835775356928
392	 718087583314665473
393	 718080471549218816
394	 718081134467366912
395	 718095304306728961
396	 718087559075799040
397	 718086932023128064
398	 718090808876933120
399	 718087455296110592
400	 718084078948364289
401	 718090020456759297
402	 718080620036014082
403	 718085651535515649
404	 718089756446498817
405	 718089131742609410
406	 718089245391527936
407	 718090789167955968
408	 718080745105965056
409	 718087323942936577
410	 718091434344259584
411	 718095572092096512
412	 718082534068715520
413	 718083950346895362
414	 718083309096448000
415	 718085390771597312
416	 718084974902116352
417	 718093253611012096
418	 718092356860452864
419	 718090673732382720
420	 718095318877937665
421	 718083953513484288
422	 718085123652984832
423	 718084107750793218
424	 718089238588174336
425	 718086684592701440
426	 718083443398156288
427	 718082412329218052
428	 718092098122096641
429	 718083071384244224
430	 718088083258916865
431	 718083433382195200
432	 718086278353432577
433	 718082534370705409
434	 718086264688222208
435	 718084099622109184
436	 718094663660539904
437	 718091200327237633
438	 718084618046431232
439	 718085520992124931
440	 718091840864432128
441	 718090024814645248
442	 718090149352103937
443	 718080864169623556
444	 718092607503466496
445	 718088220320276480
446	 718093246912716801
447	 718088745627594754
448	 718085126266216449
449	 718092862177591296
450	 718083180893343744
451	 718089884561498113
452	 718093106214731776
453	 718086551331291136
454	 718088731618508800
455	 718082924889968642
456	 718092085103038465
457	 718095059627978752
458	 718087581276057601
459	 718085657566949380
460	 718095044549480456
461	 718086040678834176
462	 718095426436599808
463	 718095177374679040
464	 718084988953079811
465	 718083309805285376
466	 718091307525083136
467	 718093474948628480
468	 718094659520692224
469	 718092096972963840
470	 718083809393160193
471	 718087313553821696
472	 718081649028648962
473	 718092867453980672
474	 718088078036852737
475	 718082794522603520
476	 718087317529997314
477	 718094155017285632
478	 718088721287876609
479	 718080481116467200
480	 718086429176365057
481	 718081891174391809
482	 718085773975654400
483	 718090934571937794
484	 718082664800989185
485	 718093759829790721
486	 718084492133601281
487	 718084726486089728
488	 718084323786752000
489	 718095041198211072
490	 718087584769904640
491	 718090783690211329
492	 718094794069843968
493	 718088996425863168
494	 718094937372368896
495	 718089247685787648
496	 718086663877103616
497	 718084750896967681
498	 718087843910803457
499	 718092207190904833
500	 718083325274034176
501	 718084482541219840
502	 718085523986903040
503	 718080618509246464
504	 718082666893938688
505	 718094010724786176
506	 718095557403787264
507	 718089242182684672
508	 718091312403054592
509	 718086809151021056
510	 718084335677673474
511	 718092340376821760
512	 718089484701536256
513	 718094141196873728
514	 718091059356520448
515	 718092743713636352
516	 718091825697914881
517	 718084879439699968
518	 718087715770789888
519	 718094529102946304
520	 718081501900898308
521	 718093131405770752
522	 718081012404621312
523	 718085885787512833
524	 718088103668240384
525	 718085126182162432
526	 718086430476615680
527	 718081783510618112
528	 718087844267442176
529	 718094801757929472
530	 718086027781476352
531	 718085656887627777
532	 718086149382733830
533	 718091307608977414
534	 718087968473395200
535	 718094535931392001
536	 718090271427264512
537	 718089004273381376
538	 718089514485358592
539	 718084316794716160
540	 718090670083350528
541	 718087717540618241
542	 718089117062463490
543	 718091691094224897
544	 718090937189187584
545	 718083195581763588
546	 718093377934389248
547	 718093373240909824
548	 718092478679760897
549	 718091844354048001
550	 718084210469183489
551	 718094540305997824
552	 718085252673974272
553	 718090799653621760
554	 718092468336648192
555	 718095052149379072
556	 718095557969842176
557	 718088748844449792
558	 718084733117337601
559	 718084219638005761
560	 718084476790640640
561	 718094933257793536
562	 718095705370288128
563	 718089118173908992
564	 718082937212645376
565	 718084221944725504
566	 718095307674894337
567	 718081006813585408
568	 718089763958337536
569	 718095162111434752
570	 718090418127147008
571	 718090924123795456
572	 718086138725023744
573	 718085648100372483
574	 718090653037694976
575	 718083809393020929
576	 718087196390125568
577	 718080880896552961
578	 718091195419852800
579	 718080618878386178
580	 718091308900884480
581	 718090551849914368
582	 718080869790052353
583	 718080612481966080
584	 718081916205981697
585	 718080616860770305
586	 718089373095309314
587	 718094915889012736
588	 718084858346663936
589	 718091050636718081
590	 718088212917256196
591	 718093498487074817
592	 718080734456635394
593	 718084882178646016
594	 718084464706920448
595	 718089367898693632
596	 718083577007595520
597	 718089382662639616
598	 718091318086512640
599	 718088345692344320
600	 718086293469540354
601	 718091194148913153
602	 718082143138816000
603	 718080469510799360
604	 718086669425975296
605	 718087199426744320
606	 718087577702502400
607	 718092861665853440
608	 718080996462034944
609	 718085649044279298
610	 718087188693409797
611	 718087951255666688
612	 718082028848222209
613	 718095577972609024
614	 718092078903730176
615	 718094932133679109
616	 718084474555277312
617	 718094392834195456
618	 718085881014276097
619	 718093889433903104
620	 718091425821360128
621	 718094810515697664
622	 718091193180102656
623	 718081139114700801
624	 718084077702631425
625	 718095190205063168
626	 718093106776813568
627	 718082529128030208
628	 718084591484080128
629	 718089133021900800
630	 718093871616385024
631	 718087056304553984
632	 718092101381021696
633	 718081779534589953
634	 718095689268404228
635	 718087974374604800
636	 718085365748383744
637	 718095565645606912
638	 718086418669633537
639	 718094271354650624
640	 718088615784353793
641	 718090398330187776
642	 718093753085333505
643	 718093496503123969
644	 718091425393549312
645	 718088485727571969
646	 718081382921023488
647	 718089472831782912
648	 718082677711183873
649	 718081126615490561
650	 718088743090040832
651	 718094142589550592
652	 718093636043456513
653	 718091570428383235
654	 718095178305773568
655	 718083568241676289
656	 718083060256874496
657	 718080481741279232
658	 718091186595045378
659	 718091444561514500
660	 718086285114494976
661	 718095555545706497
662	 718088491117199362
663	 718088741642838017
664	 718094545427279873
665	 718084466439118848
666	 718082139799982080
667	 718082924831068160
668	 718093487787352064
669	 718093118894157825
670	 718089116932554752
671	 718085236706451456
672	 718092097698574336
673	 718093495861395456
674	 718092872566849536
675	 718085263029764097
676	 718085769823387648
677	 718084873026560000
678	 718090806561607680
679	 718083075788419072
680	 718090663527628802
681	 718090289953554432
682	 718093619027185664
683	 718088351354601472
684	 718090388993650688
685	 718080747609989120
686	 718093114980876289
687	 718093626983583744
688	 718087575433510912
689	 718085878074052608
690	 718082674926227456
691	 718089497003425792
692	 718095433948475392
693	 718092361310543873
694	 718089638141767681
695	 718083181686161408
696	 718092337411272704
697	 718092468194033664
698	 718084354686189569
699	 718086676468224000
700	 718086288130355200
701	 718083574801543169
702	 718086676598419456
703	 718085125607559168
704	 718094275167330308
705	 718086661532295169
706	 718083815005151232
707	 718087568391151616
708	 718086135336017920
709	 718094159777816577
710	 718082296310534146
711	 718090526612819968
712	 718085376972308480
713	 718089504352038912
714	 718090674835365888
715	 718081246740525056
716	 718086019833335808
717	 718086943968518144
718	 718092090685566976
719	 718091044349419520
720	 718082670899539968
721	 718093634491588608
722	 718089111337172992
723	 718086926406852613
724	 718089122141876225
725	 718086795108294656
726	 718084726641152000
727	 718095056213778432
728	 718086145263931392
729	 718084490627649536
730	 718091315590725632
731	 718084987795349504
732	 718094284931612672
733	 718085105277861888
734	 718095579621023745
735	 718094542080069632
736	 718094399041765376
737	 718094917193625601
738	 718083204645797888
739	 718080879621345280
740	 718095067555037184
741	 718081257914175489
742	 718081894802460672
743	 718085644237537280
744	 718095454769008640
745	 718088078544347137
746	 718095571987341314
747	 718086813986979841
748	 718090026127478784
749	 718081651964817410
750	 718092596812361728
751	 718094385561280513
752	 718087311121072128
753	 718093248930193410
754	 718092725271158784
755	 718082687471394816
756	 718088584767672320
757	 718088848174088194
758	 718090277647474688
759	 718084361405333505
760	 718087717834399744
761	 718090389081579520
762	 718093881871638529
763	 718093484226437120
764	 718085495390126080
765	 718080478335643648
766	 718080873535438848
767	 718082294939009024
768	 718093745065840640
769	 718083682771279872
770	 718090272639426565
771	 718088208530038784
772	 718084475423440899
773	 718092875679076354
774	 718089001299742720
775	 718093875567599620
776	 718090164535427076
777	 718090033446522882
778	 718082177217331201
779	 718091063043432448
780	 718085653485993984
781	 718092357904809984
782	 718093487246282754
783	 718086419500113920
784	 718091828780642304
785	 718092616672223233
786	 718087190920765441
787	 718091833293860864
788	 718080870016425984
789	 718093124812148736
790	 718091698484731905
791	 718082561612754944
792	 718091310100512768
793	 718095308287262720
794	 718085268302086145
795	 718085362241953793
796	 718081396279943168
797	 718082167990050818
798	 718083302578655232
799	 718081785809076224
800	 718090149448585216
801	 718093372569874433
802	 718095440470781952
803	 718084089597665281
804	 718091569207906304
805	 718088471538077696
806	 718082016772657152
807	 718092359632875521
808	 718087819055525889
809	 718093382531166209
810	 718087327806005248
811	 718094660753817601
812	 718084613327814657
813	 718090539523051520
814	 718080467564683264
815	 718085769437388800
816	 718090406961881088
817	 718086159348293632
818	 718082925451939841
819	 718091306380038144
820	 718095309742669824
821	 718088845649117184
822	 718095426545664000
823	 718094001455243265
824	 718089127623729152
825	 718092859430289408
826	 718083038748348416
827	 718086798988062720
828	 718089514460127233
829	 718088580652998658
830	 718089769587048449
831	 718082147722985472
832	 718090016539283456
833	 718090924211838976
834	 718094159618433024
835	 718094546945478656
836	 718085505435435008
837	 718091697125588993
838	 718083959058534400
839	 718091303213342720
840	 718092232545271808
841	 718093637825986561
842	 718081266151587841
843	 718087459498770434
844	 718094667573755905
845	 718081652644192256
846	 718089125572833280
847	 718093476097753088
848	 718087193156263936
849	 718089478309486592
850	 718090795555815425
851	 718094675593269249
852	 718094800373854208
853	 718094411280867331
854	 718087960927870977
855	 718084730416185345
856	 718092206150561792
857	 718081754792398852
858	 718092593817591808
859	 718093995683909632
860	 718084083910311936
861	 718090934626422784
862	 718093618364358656
863	 718095565687533568
864	 718090272064847874
865	 718086141069496320
866	 718088998724317185
867	 718094533402038272
868	 718091189203775488
869	 718087317588717569
870	 718093999643484162
871	 718082946071134208
872	 718087321351012352
873	 718090142326493184
874	 718091970644615169
875	 718086424009039873
876	 718091704956420096
877	 718088089407787008
878	 718091046312402944
879	 718092079847440384
880	 718086930676588546
881	 718093485455200256
882	 718087462090715137
883	 718094270310301697
884	 718082277914386432
885	 718090407045906432
886	 718083708922671104
887	 718086684726980610
888	 718089769788448768
889	 718085502784684032
890	 718080999117176836
891	 718088359403528195
892	 718092859812028416
893	 718086814729420800
894	 718087834062757888
895	 718093764972187648
896	 718087448576659456
897	 718080878023323648
898	 718095184005718016
899	 718087456520867840
900	 718095567616745472
901	 718093893301047296
902	 718088093153288192
903	 718093751059628032
904	 718095691625541632
905	 718088603566379008
906	 718082284730126336
907	 718092357925806081
908	 718091191116410880
909	 718091676338642945
910	 718083838262579200
911	 718092583805825024
912	 718094381652316160
913	 718094663995891712
914	 718086038791589889
915	 718084883378122753
916	 718094659440873472
917	 718094669486403584
918	 718092588662841344
919	 718090542987354112
920	 718094540108746752
921	 718095299353272322
922	 718083070067220480
923	 718083050098323456
924	 718083572100272129
925	 718089776117784577
926	 718082921945567233
927	 718091846044557312
928	 718094163531669504
929	 718089641396736001
930	 718091675059376129
931	 718087581091676160
932	 718091685247344640
933	 718085231832670208
934	 718094161753333760
935	 718090935364550657
936	 718094279537737728
937	 718093641877573632
938	 718094007402905601
939	 718092359087624192
940	 718088850036420608
941	 718080872021233664
942	 718095443570401280
943	 718088227018571776
944	 718091568385695744
945	 718089626901094400
946	 718087065074855936
947	 718081900305375241
948	 718095054284394497
949	 718081659241934848
950	 718091316828176387
951	 718095434292588544
952	 718093476546478080
953	 718083464923209728
