1	 0.00000	 0.00000	 0.00016	 1.00000
2	 0.00000	 0.00000	 0.00029	 1.00000
3	 0.00000	 0.00000	 0.00016	 1.00000
4	 0.00000	 0.00000	 0.00016	 1.00000
5	 0.00000	 0.00000	 0.00002	 1.00000
6	 0.00000	 0.00000	 0.00002	 1.00000
7	 0.00000	 0.00000	 0.00016	 1.00000
8	 0.00000	 0.00000	 0.00002	 1.00000
9	 1.00000	 0.00000	 1.00000	 1.00000
10310172	 0.00000	 0.00000	 0.00002	 1.00000
10986862	 1.00000	 0.00000	 1.00000	 1.00000
12955332	 0.00000	 0.00000	 0.00002	 1.00000
13493302	 1.00000	 0.00000	 1.00000	 1.00000
13817822	 0.00000	 0.00000	 0.00016	 1.00000
14447423	 0.00000	 0.00000	 0.00000	 1.00000
14465607	 0.00000	 0.00000	 0.00016	 1.00000
14515799	 0.00001	 0.00000	 0.00618	 1.00000
14615273	 0.00000	 0.00000	 0.00016	 1.00000
14720899	 0.00000	 0.00000	 0.00000	 1.00000
15458694	 0.00000	 0.00000	 0.00016	 1.00000
15869080	 1.00000	 0.00000	 1.00000	 1.00000
16012783	 0.00000	 0.00000	 0.00016	 1.00000
16054333	 0.00000	 0.00000	 0.00000	 1.00000
16067508	 0.00000	 0.00000	 0.00001	 1.00000
16252960	 1.00000	 0.00000	 1.00000	 2.00000
16446500	 1.00000	 0.00000	 1.00000	 1.00000
16496474	 1.00000	 0.00000	 1.00000	 1.00000
16657036	 0.00000	 0.00000	 0.00002	 1.00000
16661097	 0.00000	 0.00000	 0.00016	 1.00000
16955991	 0.00000	 0.00000	 0.00000	 1.00000
16974310	 0.00000	 0.00000	 0.00016	 1.00000
17011989	 1.00000	 0.00000	 1.00000	 1.00000
17020738	 0.00000	 0.00000	 0.00016	 1.00000
17049266	 1.00000	 0.00000	 1.00000	 1.00000
17049899	 1.00000	 0.00000	 1.00000	 1.00000
17097801	 1.00000	 0.00000	 1.00000	 1.00000
17468666	 0.00000	 0.00000	 0.00016	 1.00000
18025295	 0.00000	 0.00000	 0.00002	 1.00000
18067886	 0.00000	 0.00000	 0.00002	 1.00000
18080729	 0.00000	 0.00000	 0.00016	 1.00000
18164375	 0.00000	 0.00000	 0.00000	 1.00000
18248379	 0.00000	 0.00000	 0.00002	 1.00000
20177423	 0.00000	 0.00000	 0.00002	 1.00000
20433598	 0.00000	 0.00000	 0.00002	 1.00000
20442788	 0.00000	 0.00000	 0.00002	 1.00000
21056656	 1.00000	 0.00000	 1.00000	 1.00000
21130921	 0.00000	 0.00000	 0.00000	 1.00000
21939876	 0.00000	 0.00000	 0.00000	 1.00000
22226294	 0.00000	 0.00000	 0.00002	 1.00000
22779400	 1.00000	 0.00000	 1.00000	 1.00000
23363960	 0.00000	 0.00000	 0.00016	 1.00000
23620739	 1.00000	 0.00000	 1.00000	 1.00000
23722541	 0.00000	 0.00000	 0.00002	 1.00000
23812877	 0.00000	 0.00000	 0.00002	 1.00000
23874503	 0.00000	 0.00000	 0.00000	 1.00000
23888634	 1.00000	 0.00000	 1.00000	 1.00000
23897285	 1.00000	 0.00000	 1.00000	 1.00000
23974861	 0.00000	 0.00000	 0.00002	 1.00000
23996909	 1.00000	 0.00000	 1.00000	 1.00000
24562963	 0.00000	 0.00000	 0.00002	 1.00000
24655516	 0.00000	 0.00000	 0.00016	 1.00000
24870433	 0.00000	 0.00000	 0.00234	 1.00000
25204799	 0.00000	 0.00000	 0.00011	 1.00000
25336782	 0.00000	 0.00000	 0.00016	 1.00000
26254723	 1.00000	 0.00000	 1.00000	 1.00000
27003847	 0.66667	 0.00000	 1.00000	 3.00000
27288877	 0.00000	 0.00000	 0.00002	 1.00000
27488996	 1.00000	 0.00000	 1.00000	 1.00000
27793883	 1.00000	 0.00000	 1.00000	 1.00000
28031362	 0.00000	 0.00000	 0.00000	 1.00000
28910203	 0.00000	 0.00000	 0.00000	 1.00000
29315398	 0.50000	 0.00000	 1.00000	 2.00000
29612679	 0.00000	 0.00000	 0.00000	 1.00000
29614853	 0.00000	 0.00000	 0.00000	 1.00000
30883255	 0.00000	 0.00000	 0.00000	 1.00000
30888784	 0.00000	 0.00000	 0.00000	 1.00000
31219483	 0.00000	 0.00000	 0.00000	 1.00000
31427959	 1.00000	 0.00000	 1.00000	 1.00000
31562144	 1.00000	 0.00000	 1.00000	 1.00000
32301945	 1.00000	 0.00000	 1.00000	 1.00000
33409429	 0.00000	 0.00000	 0.00002	 1.00000
34837940	 1.00000	 0.00000	 1.00000	 1.00000
35037854	 0.00000	 0.00000	 0.00016	 1.00000
35567361	 0.00000	 0.00000	 0.00002	 1.00000
35900879	 1.00000	 0.00000	 1.00000	 1.00000
36341512	 0.00000	 0.00000	 0.00002	 1.00000
36699129	 0.00000	 0.00000	 0.00016	 1.00000
37246522	 1.00000	 0.00000	 1.00000	 1.00000
37842197	 1.00000	 0.00000	 1.00000	 1.00000
37842548	 1.00000	 0.00000	 1.00000	 1.00000
39048539	 0.00000	 0.00000	 0.00000	 1.00000
39511608	 1.00000	 0.00000	 1.00000	 1.00000
39636150	 0.00000	 0.00000	 0.00016	 1.00000
40547877	 1.00000	 0.00000	 1.00000	 1.00000
40922047	 0.00000	 0.00000	 0.00002	 1.00000
41023496	 0.00000	 0.00000	 0.00016	 1.00000
43290991	 0.00000	 0.00000	 0.00000	 1.00000
43948670	 1.00000	 0.00000	 1.00000	 1.00000
45574526	 0.50000	 0.00000	 1.00000	 2.00000
45760693	 0.00000	 0.00000	 0.00016	 1.00000
46206925	 1.00000	 0.00000	 1.00000	 1.00000
46718508	 0.00000	 0.00000	 0.00002	 1.00000
47421452	 1.00000	 0.00000	 1.00000	 1.00000
48215218	 1.00000	 0.00000	 1.00000	 1.00000
49105595	 0.00000	 0.00000	 0.00016	 1.00000
49162235	 0.00000	 0.00000	 0.00016	 1.00000
49393232	 0.00000	 0.00000	 0.00016	 1.00000
49636805	 0.00000	 0.00000	 0.00016	 1.00000
49737007	 0.00000	 0.00000	 0.00002	 1.00000
51111575	 1.00000	 0.00000	 1.00000	 1.00000
51385515	 0.00000	 0.00000	 0.00016	 1.00000
51954829	 1.00000	 0.00000	 1.00000	 1.00000
52290546	 1.00000	 0.00000	 1.00000	 1.00000
52463829	 1.00000	 0.00000	 1.00000	 1.00000
53669907	 1.00000	 0.00000	 1.00000	 1.00000
54061081	 0.00000	 0.00000	 0.00011	 1.00000
54094836	 1.00000	 0.00000	 1.00000	 1.00000
54391097	 0.00000	 0.00000	 0.00000	 1.00000
54710888	 0.00000	 0.00000	 0.00001	 1.00000
55442164	 0.00000	 0.00000	 0.00000	 1.00000
56297181	 1.00000	 0.00000	 1.00000	 1.00000
60744257	 1.00000	 0.00000	 1.00000	 1.00000
60932146	 0.00000	 0.00000	 0.00002	 1.00000
61292472	 1.00000	 0.00000	 1.00000	 1.00000
62636073	 1.00000	 0.00000	 1.00000	 1.00000
64266672	 1.00000	 0.00000	 1.00000	 1.00000
66659890	 1.00000	 0.00000	 1.00000	 1.00000
67322084	 0.00000	 0.00000	 0.00000	 1.00000
67790411	 1.00000	 0.00000	 1.00000	 1.00000
68685061	 0.00000	 0.00000	 0.00016	 1.00000
68852798	 1.00000	 0.00000	 1.00000	 1.00000
70784114	 1.00000	 0.00000	 1.00000	 1.00000
72532383	 0.00000	 0.00000	 0.00016	 1.00000
72885468	 1.00000	 0.00000	 1.00000	 1.00000
73048382	 1.00000	 0.00000	 1.00000	 1.00000
73675740	 0.00000	 0.00000	 0.00000	 1.00000
73950076	 1.00000	 0.00000	 1.00000	 1.00000
76053603	 1.00000	 0.00000	 1.00000	 1.00000
77005393	 1.00000	 0.00000	 1.00000	 1.00000
77135297	 1.00000	 0.00000	 1.00000	 1.00000
78416471	 0.00000	 0.00000	 0.00016	 1.00000
80677279	 0.00000	 0.00000	 0.00002	 1.00000
80973698	 0.50000	 0.00000	 1.00000	 2.00000
81133418	 1.00000	 0.00000	 1.00000	 1.00000
81279355	 1.00000	 0.00000	 1.00000	 1.00000
83277162	 0.00000	 0.00000	 0.00016	 1.00000
83760396	 1.00000	 0.00000	 1.00000	 1.00000
84116299	 0.00000	 0.00000	 0.00000	 1.00000
85215511	 1.00000	 0.00000	 1.00000	 1.00000
85714826	 1.00000	 0.00000	 1.00000	 1.00000
87818409	 0.00000	 0.00000	 0.00002	 1.00000
88217764	 0.00000	 0.00000	 0.00000	 1.00000
90992938	 0.00000	 0.00000	 0.00016	 1.00000
91132407	 0.00000	 0.00000	 0.00002	 1.00000
91226005	 0.00000	 0.00000	 0.00002	 1.00000
93196638	 0.00000	 0.00000	 0.00016	 1.00000
93813548	 0.00000	 0.00000	 0.00016	 1.00000
95361807	 1.00000	 0.00000	 1.00000	 1.00000
95962934	 0.00000	 0.00000	 0.00002	 1.00000
98929138	 1.00000	 0.00000	 1.00000	 1.00000
100559286	 0.00000	 0.00000	 0.00016	 1.00000
101581175	 0.00000	 0.00000	 0.00016	 1.00000
103723675	 0.00000	 0.00000	 0.00016	 1.00000
104169472	 1.00000	 0.00000	 1.00000	 1.00000
104414491	 0.00000	 0.00000	 0.00016	 1.00000
104850722	 0.00000	 0.00000	 0.00002	 1.00000
105832604	 1.00000	 0.00000	 1.00000	 1.00000
106614183	 0.00000	 0.00000	 0.00016	 1.00000
107195614	 1.00000	 0.00000	 1.00000	 1.00000
107852138	 1.00000	 0.00000	 1.00000	 1.00000
108395365	 0.00000	 0.00000	 0.00016	 1.00000
108448775	 0.00000	 0.00000	 0.00016	 1.00000
109586084	 0.00000	 0.00000	 0.00002	 1.00000
113651264	 0.00000	 0.00000	 0.00000	 1.00000
115245066	 1.00000	 0.00000	 1.00000	 1.00000
118164746	 0.00000	 0.00000	 0.00000	 1.00000
118491454	 0.00000	 0.00000	 0.00002	 1.00000
125550109	 0.00000	 0.00000	 0.00002	 1.00000
126472182	 0.00000	 0.00000	 0.00016	 1.00000
126669753	 1.00000	 0.00000	 1.00000	 1.00000
129637267	 0.00000	 0.00000	 0.00002	 1.00000
130258751	 0.00000	 0.00000	 0.00000	 1.00000
130825293	 0.00000	 0.00000	 0.00002	 1.00000
132443312	 0.00000	 0.00000	 0.00000	 1.00000
138020747	 0.00000	 0.00000	 0.00016	 1.00000
138146421	 0.00000	 0.00000	 0.00002	 1.00000
138651471	 1.00000	 0.00000	 1.00000	 1.00000
142721190	 0.00000	 0.00000	 0.00002	 1.00000
144425874	 1.00000	 0.00000	 1.00000	 1.00000
146938319	 1.00000	 0.00000	 1.00000	 1.00000
148022560	 1.00000	 0.00000	 1.00000	 1.00000
148313963	 0.00000	 0.00000	 0.00002	 1.00000
150381292	 0.00000	 0.00000	 0.00000	 1.00000
154013170	 0.00000	 0.00000	 0.00000	 1.00000
155279326	 1.00000	 0.00000	 1.00000	 1.00000
155598643	 1.00000	 0.00000	 1.00000	 1.00000
155604125	 1.00000	 0.00000	 1.00000	 1.00000
156268395	 1.00000	 0.00000	 1.00000	 1.00000
156476508	 1.00000	 0.00000	 1.00000	 1.00000
157152618	 1.00000	 0.00000	 1.00000	 1.00000
160164598	 1.00000	 0.00000	 1.00000	 1.00000
163776053	 0.00000	 0.00000	 0.00234	 1.00000
164397041	 1.00000	 0.00000	 1.00000	 1.00000
167831287	 1.00000	 0.00000	 1.00000	 1.00000
169258123	 0.00000	 0.00000	 0.00016	 1.00000
170178674	 0.00000	 0.00000	 0.00000	 1.00000
171919007	 1.00000	 0.00000	 1.00000	 1.00000
172823893	 1.00000	 0.00000	 1.00000	 1.00000
173640957	 1.00000	 0.00000	 1.00000	 1.00000
177193236	 1.00000	 0.00000	 1.00000	 1.00000
177518532	 1.00000	 0.00000	 1.00000	 1.00000
177723828	 0.00000	 0.00000	 0.00016	 1.00000
183396842	 1.00000	 0.00000	 1.00000	 1.00000
185906955	 1.00000	 0.00000	 1.00000	 1.00000
188133381	 1.00000	 0.00000	 1.00000	 1.00000
188251972	 1.00000	 0.00000	 1.00000	 1.00000
189317075	 0.00000	 0.00000	 0.00016	 1.00000
190739255	 1.00000	 0.00000	 1.00000	 1.00000
195337742	 1.00000	 0.00000	 1.00000	 1.00000
196476919	 0.00000	 0.00000	 0.00016	 1.00000
196607761	 1.00000	 0.00000	 1.00000	 1.00000
198387783	 0.50000	 0.00000	 1.00000	 2.00000
199106986	 1.00000	 0.00000	 1.00000	 1.00000
199205273	 1.00000	 0.00000	 1.00000	 1.00000
199636296	 1.00000	 0.00000	 1.00000	 1.00000
201101927	 0.00000	 0.00000	 0.00000	 1.00000
204008599	 1.00000	 0.00000	 1.00000	 1.00000
208822341	 1.00000	 0.00000	 1.00000	 1.00000
211282289	 1.00000	 0.00000	 1.00000	 1.00000
211638672	 0.00000	 0.00000	 0.00002	 1.00000
212360464	 0.00000	 0.00000	 0.00000	 1.00000
212415703	 0.00000	 0.00000	 0.00002	 1.00000
213420029	 1.00000	 0.00000	 1.00000	 1.00000
214570826	 1.00000	 0.00000	 1.00000	 1.00000
214765686	 1.00000	 0.00000	 1.00000	 1.00000
216843300	 1.00000	 0.00000	 1.00000	 1.00000
219112136	 1.00000	 0.00000	 1.00000	 1.00000
226691191	 0.00000	 0.00000	 0.00016	 1.00000
228126530	 0.00000	 0.00000	 0.00016	 1.00000
229010922	 0.00000	 0.00000	 0.00016	 1.00000
230832125	 1.00000	 0.00000	 1.00000	 1.00000
232394899	 0.00000	 0.00000	 0.00002	 1.00000
233033031	 0.00000	 0.00000	 0.00000	 1.00000
234901372	 0.00000	 0.00000	 0.00016	 1.00000
235477477	 0.00000	 0.00000	 0.00002	 1.00000
235746274	 1.00000	 0.00000	 1.00000	 1.00000
236220651	 1.00000	 0.00000	 1.00000	 1.00000
237750885	 1.00000	 0.00000	 1.00000	 1.00000
238606901	 0.00000	 0.00000	 0.00000	 1.00000
239206435	 1.00000	 0.00000	 1.00000	 1.00000
239650277	 1.00000	 0.00000	 1.00000	 1.00000
239712431	 0.00000	 0.00000	 0.00002	 1.00000
240634501	 1.00000	 0.00000	 1.00000	 1.00000
242741713	 0.00000	 0.00000	 0.00016	 1.00000
242963110	 1.00000	 0.00000	 1.00000	 1.00000
244273031	 0.00000	 0.00000	 0.00002	 1.00000
245322092	 0.00000	 0.00000	 0.00002	 1.00000
245764795	 0.00000	 0.00000	 0.00002	 1.00000
246839226	 0.00000	 0.00000	 0.00016	 1.00000
251282331	 0.00000	 0.00000	 0.00002	 1.00000
251607668	 0.00000	 0.00000	 0.00002	 1.00000
252848366	 1.00000	 0.00000	 1.00000	 1.00000
254713150	 0.00000	 0.00000	 0.00016	 1.00000
255359266	 1.00000	 0.00000	 1.00000	 1.00000
255552783	 1.00000	 0.00000	 1.00000	 1.00000
257082728	 1.00000	 0.00000	 1.00000	 1.00000
257643702	 0.00000	 0.00000	 0.00000	 1.00000
257905298	 0.50001	 0.00000	 1.00000	 2.00000
260580172	 0.00000	 0.00000	 0.00000	 1.00000
261449840	 1.00000	 0.00000	 1.00000	 1.00000
262986406	 1.00000	 0.00000	 1.00000	 1.00000
263806604	 1.00000	 0.00000	 1.00000	 1.00000
263987191	 0.00000	 0.00000	 0.00000	 1.00000
266211618	 0.00000	 0.00000	 0.00000	 1.00000
266297471	 1.00000	 0.00000	 1.00000	 1.00000
267530205	 1.00000	 0.00000	 1.00000	 1.00000
268113127	 0.00000	 0.00000	 0.00016	 1.00000
270711738	 0.00000	 0.00000	 0.00016	 1.00000
273577061	 0.00000	 0.00000	 0.00002	 1.00000
278876223	 0.00000	 0.00000	 0.00000	 1.00000
286081454	 1.00000	 0.00000	 1.00000	 1.00000
290088675	 0.00000	 0.00000	 0.00002	 1.00000
292391727	 0.00000	 0.00000	 0.00002	 1.00000
297162578	 0.00000	 0.00000	 0.00016	 1.00000
298227755	 1.00000	 0.00000	 1.00000	 1.00000
301481159	 0.00000	 0.00000	 0.00000	 1.00000
301490117	 1.00000	 0.00000	 1.00000	 1.00000
302004290	 0.00000	 0.00000	 0.00016	 1.00000
302958371	 0.00000	 0.00000	 0.00002	 1.00000
304536035	 1.00000	 0.00000	 1.00000	 1.00000
305120082	 1.00000	 0.00000	 1.00000	 2.00000
308296293	 1.00000	 0.00000	 1.00000	 1.00000
308743128	 0.00000	 0.00000	 0.00002	 1.00000
312381336	 1.00000	 0.00000	 1.00000	 1.00000
315080543	 1.00000	 0.00000	 1.00000	 1.00000
315878798	 0.00000	 0.00000	 0.00016	 1.00000
316465534	 0.00000	 0.00000	 0.00000	 1.00000
316788501	 1.00000	 0.00000	 1.00000	 1.00000
318094231	 1.00000	 0.00000	 1.00000	 1.00000
323004843	 1.00000	 0.00000	 1.00000	 1.00000
326331226	 0.00000	 0.00000	 0.00002	 1.00000
326629998	 0.00000	 0.00000	 0.00000	 1.00000
326700422	 1.00000	 0.00000	 1.00000	 1.00000
329159493	 0.00000	 0.00000	 0.00016	 1.00000
329854115	 1.00000	 0.00000	 1.00000	 1.00000
331519221	 0.00000	 0.00000	 0.00016	 1.00000
333125384	 0.00000	 0.00000	 0.00016	 1.00000
334468484	 1.00000	 0.00000	 1.00000	 1.00000
335517345	 1.00000	 0.00000	 1.00000	 1.00000
336049934	 0.00000	 0.00000	 0.00002	 1.00000
337778531	 1.00000	 0.00000	 1.00000	 1.00000
343594988	 0.00000	 0.00000	 0.00002	 1.00000
344914224	 0.00000	 0.00000	 0.00000	 1.00000
345644480	 0.00000	 0.00000	 0.00000	 1.00000
347367205	 1.00000	 0.00000	 1.00000	 1.00000
347627434	 0.00000	 0.00000	 0.00000	 1.00000
349689828	 0.00000	 0.00000	 0.00000	 1.00000
350335797	 1.00000	 0.00000	 1.00000	 1.00000
352434202	 1.00000	 0.00000	 1.00000	 1.00000
355342104	 1.00000	 0.00000	 1.00000	 1.00000
358671406	 1.00000	 0.00000	 1.00000	 1.00000
359924736	 0.00000	 0.00000	 0.00016	 1.00000
361592524	 1.00000	 0.00000	 1.00000	 1.00000
366135523	 0.00000	 0.00000	 0.00016	 1.00000
368928149	 0.00000	 0.00000	 0.00000	 1.00000
370330410	 0.00000	 0.00000	 0.00000	 1.00000
370377493	 1.00000	 0.00000	 1.00000	 1.00000
370468534	 0.00000	 0.00000	 0.00016	 1.00000
371039549	 0.00000	 0.00000	 0.00000	 1.00000
371918218	 1.00000	 0.00000	 1.00000	 1.00000
373593476	 0.00000	 0.00000	 0.00016	 1.00000
377717222	 0.00000	 0.00000	 0.00016	 1.00000
377778216	 1.00000	 0.00000	 1.00000	 1.00000
377818380	 1.00000	 0.00000	 1.00000	 1.00000
378241649	 1.00000	 0.00000	 1.00000	 1.00000
379592188	 1.00000	 0.00000	 1.00000	 1.00000
379979277	 0.00000	 0.00000	 0.00000	 1.00000
380609068	 0.00000	 0.00000	 0.00002	 1.00000
384225822	 0.00000	 0.00000	 0.00002	 1.00000
387181321	 0.00000	 0.00000	 0.00000	 1.00000
387956439	 0.00000	 0.00000	 0.00016	 1.00000
389799054	 0.00000	 0.00000	 0.00016	 1.00000
390809008	 1.00000	 0.00000	 1.00000	 1.00000
395876932	 1.00000	 0.00000	 1.00000	 1.00000
396158429	 0.00000	 0.00000	 0.00002	 1.00000
396291166	 1.00000	 0.00000	 1.00000	 1.00000
397262850	 0.00000	 0.00000	 0.00016	 1.00000
399965063	 0.00000	 0.00000	 0.00002	 1.00000
400274325	 0.00000	 0.00000	 0.00002	 1.00000
403967040	 0.00000	 0.00000	 0.00002	 1.00000
405764046	 0.00000	 0.00000	 0.00002	 1.00000
409212580	 1.00000	 0.00000	 1.00000	 1.00000
412531768	 1.00000	 0.00000	 1.00000	 1.00000
420142539	 1.00000	 0.00000	 1.00000	 1.00000
420470337	 1.00000	 0.00000	 1.00000	 1.00000
422406707	 0.00000	 0.00000	 0.00002	 1.00000
425418920	 1.00000	 0.00000	 1.00000	 1.00000
425583948	 0.00000	 0.00000	 0.00000	 1.00000
428476964	 1.00000	 0.00000	 1.00000	 1.00000
430370789	 1.00000	 0.00000	 1.00000	 1.00000
432809438	 0.00000	 0.00000	 0.00002	 1.00000
436407665	 1.00000	 0.00000	 1.00000	 1.00000
437450724	 1.00000	 0.00000	 1.00000	 1.00000
437786744	 1.00000	 0.00000	 1.00000	 1.00000
438704069	 1.00000	 0.00000	 1.00000	 1.00000
444017276	 1.00000	 0.00000	 1.00000	 1.00000
452712198	 0.00000	 0.00000	 0.00008	 2.00000
456780361	 1.00000	 0.00000	 1.00000	 1.00000
466864852	 0.00000	 0.00000	 0.00029	 1.00000
467184432	 1.00000	 0.00000	 1.00000	 1.00000
467893896	 1.00000	 0.00000	 1.00000	 1.00000
476848835	 1.00000	 0.00000	 1.00000	 1.00000
484924978	 0.00000	 0.00000	 0.00016	 1.00000
498294115	 0.00000	 0.00000	 0.00016	 1.00000
507586982	 0.00000	 0.00000	 0.00000	 1.00000
509573119	 1.00000	 0.00000	 1.00000	 1.00000
511312162	 1.00000	 0.00000	 1.00000	 1.00000
515743768	 1.00000	 0.00000	 1.00000	 1.00000
522537060	 0.00000	 0.00000	 0.00016	 1.00000
524816493	 0.00000	 0.00000	 0.00000	 1.00000
531501670	 1.00000	 0.00000	 1.00000	 1.00000
533624547	 0.00000	 0.00000	 0.00000	 1.00000
536733364	 0.00000	 0.00000	 0.00000	 1.00000
537557353	 1.00000	 0.00000	 1.00000	 1.00000
542800654	 0.00000	 0.00000	 0.00016	 1.00000
543934907	 1.00000	 0.00000	 1.00000	 1.00000
545993497	 1.00000	 0.00000	 1.00000	 1.00000
547049036	 0.00000	 0.00000	 0.00000	 1.00000
555435753	 0.00000	 0.00000	 0.00016	 1.00000
563180923	 1.00000	 0.00000	 1.00000	 1.00000
564975757	 1.00000	 0.00000	 1.00000	 1.00000
571488084	 0.00000	 0.00000	 0.00016	 1.00000
574107374	 1.00000	 0.00000	 1.00000	 1.00000
576612720	 0.00000	 0.00000	 0.00002	 1.00000
579402681	 1.00000	 0.00000	 1.00000	 1.00000
586164526	 1.00000	 0.00000	 1.00000	 1.00000
587759680	 1.00000	 0.00000	 1.00000	 1.00000
597415474	 1.00000	 0.00000	 1.00000	 1.00000
600066543	 1.00000	 0.00000	 1.00000	 1.00000
608264218	 1.00000	 0.00000	 1.00000	 1.00000
608501192	 1.00000	 0.00000	 1.00000	 1.00000
608816576	 1.00000	 0.00000	 1.00000	 1.00000
619719162	 1.00000	 0.00000	 1.00000	 1.00000
620311526	 0.00000	 0.00000	 0.00000	 1.00000
627613858	 0.00000	 0.00000	 0.00002	 1.00000
629605841	 1.00000	 0.00000	 1.00000	 1.00000
633441834	 1.00000	 0.00000	 1.00000	 1.00000
635178474	 0.00000	 0.00000	 0.00002	 1.00000
636305734	 0.00000	 0.00000	 0.00000	 1.00000
700286457	 0.00000	 0.00000	 0.00000	 1.00000
705712382	 1.00000	 0.00000	 1.00000	 1.00000
706122367	 1.00000	 0.00000	 1.00000	 1.00000
709003980	 1.00000	 0.00000	 1.00000	 1.00000
709721244	 1.00000	 0.00000	 1.00000	 1.00000
710901780	 1.00000	 0.00000	 1.00000	 1.00000
715021073	 1.00000	 0.00000	 1.00000	 1.00000
716403872	 1.00000	 0.00000	 1.00000	 1.00000
717569361	 1.00000	 0.00000	 1.00000	 1.00000
720993405	 1.00000	 0.00000	 1.00000	 1.00000
729420895	 0.00000	 0.00000	 0.00002	 1.00000
732980827	 0.33333	 0.00000	 0.87403	 3.00000
743407993	 0.00000	 0.00000	 0.00016	 1.00000
743923398	 1.00000	 0.00000	 1.00000	 1.00000
745823923	 1.00000	 0.00000	 1.00000	 1.00000
749245158	 1.00000	 0.00000	 1.00000	 1.00000
751996334	 0.00000	 0.00000	 0.00000	 1.00000
764780785	 1.00000	 0.00000	 1.00000	 1.00000
768493927	 1.00000	 0.00000	 1.00000	 1.00000
771973622	 0.00000	 0.00000	 0.00001	 1.00000
781500428	 1.00000	 0.00000	 1.00000	 1.00000
789126937	 1.00000	 0.00000	 1.00000	 1.00000
792155928	 0.00000	 0.00000	 0.00016	 1.00000
794705478	 0.00000	 0.00000	 0.00016	 1.00000
796779919	 1.00000	 0.00000	 1.00000	 1.00000
796988023	 1.00000	 0.00000	 1.00000	 1.00000
805096099	 0.00000	 0.00000	 0.00002	 1.00000
815566670	 0.00000	 0.00000	 0.00000	 1.00000
823882592	 0.00000	 0.00000	 0.00016	 1.00000
831481628	 0.00000	 0.00000	 0.00002	 1.00000
834412374	 1.00000	 0.00000	 1.00000	 1.00000
838147382	 0.00000	 0.00000	 0.00002	 1.00000
840769303	 1.00000	 0.00000	 1.00000	 1.00000
844813154	 0.00000	 0.00000	 0.00002	 1.00000
847711662	 0.00000	 0.00000	 0.00016	 1.00000
849835302	 0.00000	 0.00000	 0.00002	 1.00000
857549605	 0.00000	 0.00000	 0.00016	 1.00000
861561876	 0.00000	 0.00000	 0.00000	 1.00000
868134877	 1.00000	 0.00000	 1.00000	 1.00000
868879446	 0.00000	 0.00000	 0.00016	 1.00000
870083490	 0.00000	 0.00000	 0.00016	 1.00000
874748636	 0.00000	 0.00000	 0.00002	 1.00000
876642224	 1.00000	 0.00000	 1.00000	 1.00000
879946022	 0.00000	 0.00000	 0.00000	 1.00000
883421593	 0.00000	 0.00000	 0.00016	 1.00000
889980282	 0.00000	 0.00000	 0.00006	 2.00000
891148400	 1.00000	 0.00000	 1.00000	 1.00000
900409472	 1.00000	 0.00000	 1.00000	 1.00000
900431706	 0.00000	 0.00000	 0.00016	 1.00000
905654154	 0.00000	 0.00000	 0.00016	 1.00000
912512502	 1.00000	 0.00000	 1.00000	 1.00000
920161381	 0.00000	 0.00000	 0.00000	 1.00000
935026783	 1.00000	 0.00000	 1.00000	 1.00000
937623068	 0.00000	 0.00000	 0.00002	 1.00000
937875895	 1.00000	 0.00000	 1.00000	 1.00000
955850684	 1.00000	 0.00000	 1.00000	 1.00000
956312083	 1.00000	 0.00000	 1.00000	 1.00000
965296338	 0.00000	 0.00000	 0.00016	 1.00000
965662730	 1.00000	 0.00000	 1.00000	 1.00000
976840800	 1.00000	 0.00000	 1.00000	 1.00000
995731747	 0.00000	 0.00000	 0.00016	 1.00000
1013430282	 0.00000	 0.00000	 0.00002	 1.00000
1030458144	 0.00000	 0.00000	 0.00016	 1.00000
1031276924	 0.00000	 0.00000	 0.00000	 1.00000
1049283908	 0.00000	 0.00000	 0.00002	 1.00000
1054083877	 0.00000	 0.00000	 0.00002	 1.00000
1055998862	 0.00000	 0.00000	 0.00000	 1.00000
1058846023	 0.00000	 0.00000	 0.00000	 1.00000
1061771628	 1.00000	 0.00000	 1.00000	 1.00000
1078465580	 0.00000	 0.00000	 0.00002	 1.00000
1080135618	 1.00000	 0.00000	 1.00000	 1.00000
1090207538	 0.00000	 0.00000	 0.00000	 1.00000
1096780945	 0.00000	 0.00000	 0.00016	 1.00000
1104692564	 1.00000	 0.00000	 1.00000	 1.00000
1106495094	 1.00000	 0.00000	 1.00000	 1.00000
1107468240	 1.00000	 0.00000	 1.00000	 1.00000
1131671738	 0.00000	 0.00000	 0.00000	 1.00000
1146093337	 0.00000	 0.00000	 0.00000	 1.00000
1151450678	 1.00000	 0.00000	 1.00000	 1.00000
1154538534	 1.00000	 0.00000	 1.00000	 1.00000
1155824294	 1.00000	 0.00000	 1.00000	 1.00000
1160946931	 1.00000	 0.00000	 1.00000	 1.00000
1168839468	 0.00000	 0.00000	 0.00000	 1.00000
1187332272	 1.00000	 0.00000	 1.00000	 1.00000
1192294555	 0.00000	 0.00000	 0.00000	 1.00000
1193832888	 0.00000	 0.00000	 0.00016	 1.00000
1194970579	 1.00000	 0.00000	 1.00000	 1.00000
1199992410	 1.00000	 0.00000	 1.00000	 1.00000
1216022935	 0.00000	 0.00000	 0.00002	 1.00000
1222911632	 1.00000	 0.00000	 1.00000	 1.00000
1237182660	 1.00000	 0.00000	 1.00000	 1.00000
1246688719	 1.00000	 0.00000	 1.00000	 1.00000
1268036144	 1.00000	 0.00000	 1.00000	 1.00000
1279164704	 0.00000	 0.00000	 0.00000	 1.00000
1284114710	 0.00000	 0.00000	 0.00000	 1.00000
1292405179	 0.00000	 0.00000	 0.00016	 1.00000
1297815074	 1.00000	 0.00000	 1.00000	 1.00000
1312173115	 1.00000	 0.00000	 1.00000	 1.00000
1316166199	 0.00000	 0.00000	 0.00000	 1.00000
1342634767	 0.00000	 0.00000	 0.00002	 1.00000
1348215385	 1.00000	 0.00000	 1.00000	 1.00000
1351516831	 0.00000	 0.00000	 0.00000	 1.00000
1357242074	 1.00000	 0.00000	 1.00000	 1.00000
1359955700	 1.00000	 0.00000	 1.00000	 1.00000
1363349880	 1.00000	 0.00000	 1.00000	 1.00000
1365805604	 0.00000	 0.00000	 0.00016	 1.00000
1399085120	 1.00000	 0.00000	 1.00000	 1.00000
1406738738	 0.00000	 0.00000	 0.00002	 1.00000
1409617458	 1.00000	 0.00000	 1.00000	 1.00000
1429725619	 0.00000	 0.00000	 0.00016	 1.00000
1436037108	 0.00000	 0.00000	 0.00002	 1.00000
1447516645	 0.00000	 0.00000	 0.00000	 1.00000
1466190151	 1.00000	 0.00000	 1.00000	 1.00000
1472216587	 0.00000	 0.00000	 0.00002	 1.00000
1474796768	 1.00000	 0.00000	 1.00000	 1.00000
1481409751	 0.00000	 0.00000	 0.00016	 1.00000
1496170934	 0.00000	 0.00000	 0.00000	 1.00000
1517736656	 0.00000	 0.00000	 0.00002	 1.00000
1532636750	 1.00000	 0.00000	 1.00000	 1.00000
1549191061	 1.00000	 0.00000	 1.00000	 1.00000
1552570254	 1.00000	 0.00000	 1.00000	 1.00000
1571535756	 0.00000	 0.00000	 0.00002	 1.00000
1571564173	 1.00000	 0.00000	 1.00000	 1.00000
1586296735	 0.00000	 0.00000	 0.00000	 1.00000
1602173694	 1.00000	 0.00000	 1.00000	 1.00000
1611421861	 1.00000	 0.00000	 1.00000	 1.00000
1620387896	 1.00000	 0.00000	 1.00000	 1.00000
1631342534	 0.00000	 0.00000	 0.00016	 1.00000
1631909948	 1.00000	 0.00000	 1.00000	 1.00000
1631949750	 1.00000	 0.00000	 1.00000	 1.00000
1658600425	 1.00000	 0.00000	 1.00000	 1.00000
1664059166	 1.00000	 0.00000	 1.00000	 1.00000
1668049118	 1.00000	 0.00000	 1.00000	 1.00000
1684582117	 1.00000	 0.00000	 1.00000	 1.00000
1711289454	 0.00000	 0.00000	 0.00016	 1.00000
1731317534	 0.00000	 0.00000	 0.00000	 1.00000
1854076094	 0.00000	 0.00000	 0.00000	 1.00000
1854084420	 0.00000	 0.00000	 0.00000	 1.00000
1877262631	 1.00000	 0.00000	 1.00000	 1.00000
1899016178	 1.00000	 0.00000	 1.00000	 1.00000
1917792872	 0.00000	 0.00000	 0.00016	 1.00000
1921689349	 1.00000	 0.00000	 1.00000	 1.00000
1938218426	 1.00000	 0.00000	 1.00000	 1.00000
1939477742	 1.00000	 0.00000	 1.00000	 1.00000
1941106381	 1.00000	 0.00000	 1.00000	 1.00000
1947716280	 1.00000	 0.00000	 1.00000	 1.00000
1950378002	 0.00000	 0.00000	 0.00001	 2.00000
1955088534	 1.00000	 0.00000	 1.00000	 1.00000
1955638981	 1.00000	 0.00000	 1.00000	 1.00000
1972860986	 1.00000	 0.00000	 1.00000	 1.00000
2149325455	 1.00000	 0.00000	 1.00000	 2.00000
2188714152	 1.00000	 0.00000	 1.00000	 1.00000
2189986585	 1.00000	 0.00000	 1.00000	 1.00000
2190922251	 0.00000	 0.00000	 0.00016	 1.00000
2213941196	 1.00000	 0.00000	 1.00000	 1.00000
2214568236	 1.00000	 0.00000	 1.00000	 1.00000
2234932069	 1.00000	 0.00000	 1.00000	 1.00000
2236988586	 0.00000	 0.00000	 0.00000	 1.00000
2237155211	 1.00000	 0.00000	 1.00000	 1.00000
2237919228	 0.00000	 0.00000	 0.00002	 1.00000
2240033851	 0.00000	 0.00000	 0.00000	 1.00000
2249475980	 1.00000	 0.00000	 1.00000	 1.00000
2250489164	 0.00000	 0.00000	 0.00000	 1.00000
2254385819	 1.00000	 0.00000	 1.00000	 1.00000
2258242490	 1.00000	 0.00000	 1.00000	 1.00000
2265495603	 1.00000	 0.00000	 1.00000	 1.00000
2268034429	 1.00000	 0.00000	 1.00000	 1.00000
2272999994	 0.00000	 0.00000	 0.00016	 1.00000
2276613164	 0.00000	 0.00000	 0.00002	 1.00000
2279451590	 0.00000	 0.00000	 0.00000	 1.00000
2293859629	 0.00000	 0.00000	 0.00000	 1.00000
2305879171	 1.00000	 0.00000	 1.00000	 1.00000
2323005173	 1.00000	 0.00000	 1.00000	 1.00000
2324845950	 1.00000	 0.00000	 1.00000	 1.00000
2328513872	 1.00000	 0.00000	 1.00000	 1.00000
2328982382	 1.00000	 0.00000	 1.00000	 1.00000
2329607054	 1.00000	 0.00000	 1.00000	 1.00000
2340394319	 1.00000	 0.00000	 1.00000	 1.00000
2340695334	 0.00000	 0.00000	 0.00000	 1.00000
2347049341	 0.00000	 0.00000	 0.00000	 1.00000
2347830258	 1.00000	 0.00000	 1.00000	 1.00000
2350232347	 0.00000	 0.00000	 0.00016	 1.00000
2358259308	 0.00000	 0.00000	 0.00000	 1.00000
2358672325	 1.00000	 0.00000	 1.00000	 1.00000
2364400850	 0.00000	 0.00000	 0.00016	 1.00000
2371268116	 1.00000	 0.00000	 1.00000	 1.00000
2383022629	 0.00000	 0.00000	 0.00000	 1.00000
2386879890	 1.00000	 0.00000	 1.00000	 1.00000
2389624590	 1.00000	 0.00000	 1.00000	 1.00000
2389641218	 1.00000	 0.00000	 1.00000	 1.00000
2389646712	 1.00000	 0.00000	 1.00000	 1.00000
2391345684	 0.00000	 0.00000	 0.00016	 1.00000
2398300866	 1.00000	 0.00000	 1.00000	 1.00000
2400937988	 0.00000	 0.00000	 0.00016	 1.00000
2403016908	 1.00000	 0.00000	 1.00000	 1.00000
2409316182	 0.00000	 0.00000	 0.00016	 1.00000
2411125556	 0.00000	 0.00000	 0.00002	 1.00000
2412051059	 0.00000	 0.00000	 0.00002	 1.00000
2412715273	 1.00000	 0.00000	 1.00000	 1.00000
2413335613	 0.00000	 0.00000	 0.00016	 1.00000
2413980718	 1.00000	 0.00000	 1.00000	 1.00000
2415369557	 0.00000	 0.00000	 0.00016	 1.00000
2416290745	 0.00000	 0.00000	 0.00002	 1.00000
2418077972	 0.00000	 0.00000	 0.00011	 1.00000
2418776960	 1.00000	 0.00000	 1.00000	 1.00000
2419582662	 1.00000	 0.00000	 1.00000	 1.00000
2425403343	 0.00000	 0.00000	 0.00002	 1.00000
2427436194	 1.00000	 0.00000	 1.00000	 1.00000
2442007122	 1.00000	 0.00000	 1.00000	 1.00000
2443239192	 0.00000	 0.00000	 0.00165	 1.00000
2446068090	 0.00000	 0.00000	 0.00002	 1.00000
2463736220	 0.00000	 0.00000	 0.00002	 1.00000
2466620484	 1.00000	 0.00000	 1.00000	 1.00000
2468538723	 0.00000	 0.00000	 0.00000	 1.00000
2469402045	 1.00000	 0.00000	 1.00000	 1.00000
2507912570	 1.00000	 0.00000	 1.00000	 1.00000
2509033598	 1.00000	 0.00000	 1.00000	 1.00000
2511306961	 1.00000	 0.00000	 1.00000	 1.00000
2523592731	 1.00000	 0.00000	 1.00000	 1.00000
2523825419	 0.00000	 0.00000	 0.00016	 1.00000
2533535581	 1.00000	 0.00000	 1.00000	 1.00000
2536203201	 0.00000	 0.00000	 0.00016	 1.00000
2562488830	 1.00000	 0.00000	 1.00000	 1.00000
2562585720	 0.00000	 0.00000	 0.00016	 1.00000
2565933376	 1.00000	 0.00000	 1.00000	 1.00000
2566837031	 1.00000	 0.00000	 1.00000	 1.00000
2568349574	 1.00000	 0.00000	 1.00000	 1.00000
2602397709	 1.00000	 0.00000	 1.00000	 1.00000
2612704856	 0.00000	 0.00000	 0.00016	 1.00000
2616144577	 0.00000	 0.00000	 0.00000	 1.00000
2619734658	 1.00000	 0.00000	 1.00000	 1.00000
2660080975	 0.00000	 0.00000	 0.00000	 1.00000
2660333974	 1.00000	 0.00000	 1.00000	 1.00000
2664122591	 1.00000	 0.00000	 1.00000	 1.00000
2709497797	 1.00000	 0.00000	 1.00000	 1.00000
2717441986	 1.00000	 0.00000	 1.00000	 1.00000
2720299523	 0.00000	 0.00000	 0.00016	 1.00000
2724460128	 0.00000	 0.00000	 0.00002	 1.00000
2724925268	 0.00000	 0.00000	 0.00002	 1.00000
2730030067	 1.00000	 0.00000	 1.00000	 1.00000
2739390627	 0.00000	 0.00000	 0.00000	 1.00000
2742418480	 0.00000	 0.00000	 0.00002	 1.00000
2744060871	 1.00000	 0.00000	 1.00000	 1.00000
2749323117	 1.00000	 0.00000	 1.00000	 1.00000
2757763052	 1.00000	 0.00000	 1.00000	 1.00000
2775407887	 1.00000	 0.00000	 1.00000	 1.00000
2775892105	 0.00000	 0.00000	 0.00016	 1.00000
2777117474	 0.00000	 0.00000	 0.00000	 1.00000
2782112134	 1.00000	 0.00000	 1.00000	 1.00000
2783625522	 1.00000	 0.00000	 1.00000	 1.00000
2792141888	 1.00000	 0.00000	 1.00000	 1.00000
2800540818	 0.00000	 0.00000	 0.00016	 1.00000
2827334114	 0.00000	 0.00000	 0.00016	 1.00000
2832852448	 0.00000	 0.00000	 0.00000	 1.00000
2841404646	 1.00000	 0.00000	 1.00000	 1.00000
2845611159	 0.00000	 0.00000	 0.00002	 1.00000
2846552432	 0.00000	 0.00000	 0.00002	 1.00000
2850390274	 1.00000	 0.00000	 1.00000	 1.00000
2875933850	 1.00000	 0.00000	 1.00000	 1.00000
2886522488	 1.00000	 0.00000	 1.00000	 1.00000
2888859356	 0.00000	 0.00000	 0.00000	 1.00000
2890041417	 0.00000	 0.00000	 0.00016	 1.00000
2900583901	 1.00000	 0.00000	 1.00000	 1.00000
2900605035	 1.00000	 0.00000	 1.00000	 1.00000
2911055046	 0.00000	 0.00000	 0.00016	 1.00000
2914697181	 1.00000	 0.00000	 1.00000	 1.00000
2918947319	 0.00000	 0.00000	 0.00000	 1.00000
2922169684	 1.00000	 0.00000	 1.00000	 1.00000
2922208498	 0.00000	 0.00000	 0.00000	 1.00000
2923726611	 1.00000	 0.00000	 1.00000	 1.00000
2928711967	 1.00000	 0.00000	 1.00000	 1.00000
2932960844	 1.00000	 0.00000	 1.00000	 1.00000
2941060740	 1.00000	 0.00000	 1.00000	 1.00000
2954831674	 1.00000	 0.00000	 1.00000	 1.00000
2958943328	 0.00000	 0.00000	 0.00016	 1.00000
2959597756	 0.00000	 0.00000	 0.00016	 1.00000
2962616173	 1.00000	 0.00000	 1.00000	 1.00000
2964574729	 1.00000	 0.00000	 1.00000	 1.00000
2973951579	 1.00000	 0.00000	 1.00000	 1.00000
2976653309	 0.00000	 0.00000	 0.00000	 1.00000
3010312991	 0.00000	 0.00000	 0.00234	 1.00000
3015768159	 1.00000	 0.00000	 1.00000	 1.00000
3019431692	 0.00000	 0.00000	 0.00016	 1.00000
3020454226	 0.00000	 0.00000	 0.00016	 1.00000
3023471786	 0.00000	 0.00000	 0.00016	 1.00000
3051989899	 0.00000	 0.00000	 0.00002	 1.00000
3052210813	 0.00000	 0.00000	 0.00002	 1.00000
3053303214	 1.00000	 0.00000	 1.00000	 1.00000
3065778029	 1.00000	 0.00000	 1.00000	 1.00000
3065802231	 1.00000	 0.00000	 1.00000	 1.00000
3065876565	 0.00000	 0.00000	 0.00002	 1.00000
3077826517	 1.00000	 0.00000	 1.00000	 1.00000
3083809798	 0.00000	 0.00000	 0.00000	 1.00000
3114878447	 0.00000	 0.00000	 0.00000	 1.00000
3120267965	 1.00000	 0.00000	 1.00000	 1.00000
3131148633	 0.00000	 0.00000	 0.00000	 1.00000
3135685786	 1.00000	 0.00000	 1.00000	 1.00000
3135733601	 1.00000	 0.00000	 1.00000	 1.00000
3138279840	 0.00000	 0.00000	 0.00016	 1.00000
3150026302	 1.00000	 0.00000	 1.00000	 1.00000
3156794327	 0.00000	 0.00000	 0.00016	 1.00000
3160698231	 0.00000	 0.00000	 0.00016	 1.00000
3161286023	 1.00000	 0.00000	 1.00000	 1.00000
3161613978	 1.00000	 0.00000	 1.00000	 1.00000
3166775842	 1.00000	 0.00000	 1.00000	 1.00000
3188392745	 0.00000	 0.00000	 0.00016	 1.00000
3190486741	 1.00000	 0.00000	 1.00000	 1.00000
3193699938	 0.00000	 0.00000	 0.00000	 1.00000
3196623854	 1.00000	 0.00000	 1.00000	 1.00000
3213175588	 1.00000	 0.00000	 1.00000	 1.00000
3222005402	 1.00000	 0.00000	 1.00000	 1.00000
3224700521	 0.00000	 0.00000	 0.00016	 1.00000
3228962325	 1.00000	 0.00000	 1.00000	 1.00000
3231446134	 0.00000	 0.00000	 0.00000	 1.00000
3232837242	 1.00000	 0.00000	 1.00000	 1.00000
3238547530	 1.00000	 0.00000	 1.00000	 1.00000
3249328142	 0.00000	 0.00000	 0.00016	 1.00000
3255788606	 0.00000	 0.00000	 0.00000	 1.00000
3260039408	 1.00000	 0.00000	 1.00000	 1.00000
3288948440	 0.00000	 0.00000	 0.00002	 1.00000
3289104548	 0.00000	 0.00000	 0.00016	 1.00000
3290707144	 0.00000	 0.00000	 0.00000	 1.00000
3290881694	 0.00000	 0.00000	 0.00016	 1.00000
3291964850	 0.00000	 0.00000	 0.00016	 1.00000
3294917105	 1.00000	 0.00000	 1.00000	 1.00000
3295296232	 1.00000	 0.00000	 1.00000	 1.00000
3296112124	 1.00000	 0.00000	 1.00000	 1.00000
3299093231	 0.00000	 0.00000	 0.00002	 1.00000
3307717206	 1.00000	 0.00000	 1.00000	 1.00000
3312761991	 0.00000	 0.00000	 0.00002	 1.00000
3313322926	 0.00000	 0.00000	 0.00016	 1.00000
3316182160	 1.00000	 0.00000	 1.00000	 1.00000
3318638599	 0.00000	 0.00000	 0.00002	 1.00000
3319976828	 0.00000	 0.00000	 0.00016	 1.00000
3320979375	 1.00000	 0.00000	 1.00000	 1.00000
3323248951	 0.00000	 0.00000	 0.00016	 1.00000
3325460110	 1.00000	 0.00000	 1.00000	 1.00000
3332744293	 1.00000	 0.00000	 1.00000	 1.00000
3342140973	 1.00000	 0.00000	 1.00000	 1.00000
3347947414	 0.00000	 0.00000	 0.00016	 1.00000
3352460477	 1.00000	 0.00000	 1.00000	 1.00000
3360777442	 1.00000	 0.00000	 1.00000	 1.00000
3385738401	 1.00000	 0.00000	 1.00000	 1.00000
3393575698	 0.00000	 0.00000	 0.00002	 1.00000
3399023392	 1.00000	 0.00000	 1.00000	 1.00000
3407994333	 0.00000	 0.00000	 0.00002	 1.00000
3408607037	 0.00000	 0.00000	 0.00000	 1.00000
3411657459	 0.00000	 0.00000	 0.00016	 1.00000
3424835374	 1.00000	 0.00000	 1.00000	 1.00000
3447300621	 0.00000	 0.00000	 0.00002	 1.00000
3457376661	 0.00000	 0.00000	 0.00000	 1.00000
3474791892	 0.00000	 0.00000	 0.00002	 1.00000
3483773477	 1.00000	 0.00000	 1.00000	 1.00000
3484254613	 1.00000	 0.00000	 1.00000	 1.00000
3535732395	 0.00000	 0.00000	 0.00000	 1.00000
3611660112	 1.00000	 0.00000	 1.00000	 1.00000
3651908234	 1.00000	 0.00000	 1.00000	 1.00000
3739067240	 1.00000	 0.00000	 1.00000	 1.00000
3760687289	 0.00000	 0.00000	 0.00016	 1.00000
3870937521	 0.50000	 0.00000	 1.00000	 2.00000
3885993200	 1.00000	 0.00000	 1.00000	 1.00000
3988445001	 0.00000	 0.00000	 0.00000	 1.00000
4046848545	 1.00000	 0.00000	 1.00000	 1.00000
4067602001	 1.00000	 0.00000	 1.00000	 1.00000
4108548203	 1.00000	 0.00000	 1.00000	 1.00000
4116516561	 1.00000	 0.00000	 1.00000	 1.00000
4161347182	 0.00000	 0.00000	 0.00002	 1.00000
4180253172	 1.00000	 0.00000	 1.00000	 1.00000
4191384772	 0.00000	 0.00000	 0.00002	 1.00000
4199948734	 1.00000	 0.00000	 1.00000	 1.00000
4220046057	 1.00000	 0.00000	 1.00000	 1.00000
4223772134	 0.00000	 0.00000	 0.00002	 1.00000
4228321311	 0.00000	 0.00000	 0.00000	 1.00000
4256172227	 1.00000	 0.00000	 1.00000	 1.00000
4270087752	 0.00000	 0.00000	 0.00000	 1.00000
4283417893	 0.00000	 0.00000	 0.00016	 1.00000
4294243872	 0.00000	 0.00000	 0.00001	 1.00000
4355876236	 0.00000	 0.00000	 0.00000	 1.00000
4384236093	 1.00000	 0.00000	 1.00000	 1.00000
4410623357	 1.00000	 0.00000	 1.00000	 1.00000
4442862154	 1.00000	 0.00000	 1.00000	 1.00000
4465637474	 1.00000	 0.00000	 1.00000	 1.00000
4501506922	 1.00000	 0.00000	 1.00000	 1.00000
4501859173	 1.00000	 0.00000	 1.00000	 1.00000
4572200715	 1.00000	 0.00000	 1.00000	 1.00000
4634095349	 1.00000	 0.00000	 1.00000	 1.00000
4636965088	 1.00000	 0.00000	 1.00000	 1.00000
4650007935	 1.00000	 0.00000	 1.00000	 1.00000
4650106582	 1.00000	 0.00000	 1.00000	 1.00000
4650775575	 1.00000	 0.00000	 1.00000	 1.00000
4650921263	 1.00000	 0.00000	 1.00000	 1.00000
4651222829	 1.00000	 0.00000	 1.00000	 1.00000
4656067173	 1.00000	 0.00000	 1.00000	 1.00000
4656777563	 1.00000	 0.00000	 1.00000	 1.00000
4656949521	 1.00000	 0.00000	 1.00000	 1.00000
4658062109	 1.00000	 0.00000	 1.00000	 1.00000
4658082021	 1.00000	 0.00000	 1.00000	 1.00000
4658934988	 1.00000	 0.00000	 1.00000	 1.00000
4691353224	 1.00000	 0.00000	 1.00000	 1.00000
4695787453	 1.00000	 0.00000	 1.00000	 1.00000
4714357905	 1.00000	 0.00000	 1.00000	 1.00000
4717755502	 1.00000	 0.00000	 1.00000	 1.00000
4725799937	 1.00000	 0.00000	 1.00000	 1.00000
4726896137	 1.00000	 0.00000	 1.00000	 1.00000
4729697233	 0.50000	 0.00000	 1.00000	 2.00000
4732861407	 1.00000	 0.00000	 1.00000	 1.00000
4757182467	 1.00000	 0.00000	 1.00000	 1.00000
4764953297	 0.00000	 0.00000	 0.00016	 1.00000
4767056313	 1.00000	 0.00000	 1.00000	 1.00000
4767085407	 1.00000	 0.00000	 1.00000	 1.00000
4767085773	 1.00000	 0.00000	 1.00000	 1.00000
4767125687	 1.00000	 0.00000	 1.00000	 1.00000
4767185218	 1.00000	 0.00000	 1.00000	 1.00000
4767201532	 1.00000	 0.00000	 1.00000	 1.00000
4767207742	 1.00000	 0.00000	 1.00000	 1.00000
4767219922	 1.00000	 0.00000	 1.00000	 1.00000
4767256971	 1.00000	 0.00000	 1.00000	 1.00000
4768240163	 1.00000	 0.00000	 1.00000	 1.00000
4768273708	 1.00000	 0.00000	 1.00000	 1.00000
4768309588	 1.00000	 0.00000	 1.00000	 1.00000
4771722575	 1.00000	 0.00000	 1.00000	 1.00000
4771726936	 1.00000	 0.00000	 1.00000	 1.00000
4771764557	 1.00000	 0.00000	 1.00000	 1.00000
4771827022	 1.00000	 0.00000	 1.00000	 1.00000
4771919955	 1.00000	 0.00000	 1.00000	 1.00000
4771940237	 1.00000	 0.00000	 1.00000	 1.00000
4772039194	 1.00000	 0.00000	 1.00000	 1.00000
4772208933	 1.00000	 0.00000	 1.00000	 1.00000
4772297129	 1.00000	 0.00000	 1.00000	 1.00000
4772968289	 1.00000	 0.00000	 1.00000	 1.00000
4772989895	 1.00000	 0.00000	 1.00000	 1.00000
4773025817	 1.00000	 0.00000	 1.00000	 1.00000
4773033377	 1.00000	 0.00000	 1.00000	 1.00000
4773086596	 1.00000	 0.00000	 1.00000	 1.00000
4773099760	 1.00000	 0.00000	 1.00000	 1.00000
4773107818	 1.00000	 0.00000	 1.00000	 1.00000
4794905432	 0.00000	 0.00000	 0.00000	 1.00000
4800026286	 0.00000	 0.00000	 0.00234	 1.00000
4827218353	 0.00000	 0.00000	 0.00002	 1.00000
4836243723	 0.00000	 0.00000	 0.00000	 1.00000
4839199210	 0.00000	 0.00000	 0.00002	 1.00000
4840206946	 0.00000	 0.00000	 0.00016	 1.00000
4840757947	 1.00000	 0.00000	 1.00000	 1.00000
4840766196	 1.00000	 0.00000	 1.00000	 1.00000
4844622794	 1.00000	 0.00000	 1.00000	 1.00000
4855695487	 1.00000	 0.00000	 1.00000	 1.00000
4870451693	 0.00000	 0.00000	 0.00002	 1.00000
4876732739	 0.00000	 0.00000	 0.00002	 1.00000
4877063547	 1.00000	 0.00000	 1.00000	 1.00000
4879114930	 1.00000	 0.00000	 1.00000	 1.00000
4883470551	 1.00000	 0.00000	 1.00000	 2.00000
4884253882	 1.00000	 0.00000	 1.00000	 1.00000
4897969001	 1.00000	 0.00000	 1.00000	 1.00000
4900047731	 1.00000	 0.00000	 1.00000	 1.00000
4904124102	 1.00000	 0.00000	 1.00000	 1.00000
4914701397	 0.00000	 0.00000	 0.00016	 1.00000
4919617190	 1.00000	 0.00000	 1.00000	 1.00000
4927027420	 1.00000	 0.00000	 1.00000	 1.00000
697241430138474497	 1.00000	 0.00000	 1.00000	 1.00000
699431678486249473	 1.00000	 0.00000	 1.00000	 1.00000
700685507966029824	 1.00000	 0.00000	 1.00000	 1.00000
702228334655074304	 0.00000	 0.00000	 0.00000	 1.00000
703313838586761216	 1.00000	 0.00000	 1.00000	 1.00000
703527320460648450	 1.00000	 0.00000	 1.00000	 1.00000
703531032318967808	 1.00000	 0.00000	 1.00000	 1.00000
703662642682933248	 0.00000	 0.00000	 0.00016	 1.00000
703832021957619712	 1.00000	 0.00000	 1.00000	 1.00000
703976689068544001	 0.00000	 0.00000	 0.00016	 1.00000
704230280643670016	 1.00000	 0.00000	 1.00000	 1.00000
704236686839062528	 1.00000	 0.00000	 1.00000	 1.00000
704720247224475649	 1.00000	 0.00000	 1.00000	 1.00000
704934344813629440	 1.00000	 0.00000	 1.00000	 1.00000
704935506048585728	 1.00000	 0.00000	 1.00000	 1.00000
704937994151710720	 1.00000	 0.00000	 1.00000	 1.00000
704940975538438145	 1.00000	 0.00000	 1.00000	 1.00000
704942822886084608	 1.00000	 0.00000	 1.00000	 1.00000
704951299465453570	 1.00000	 0.00000	 1.00000	 2.00000
704960180103094273	 1.00000	 0.00000	 1.00000	 2.00000
704966476520943616	 1.00000	 0.00000	 1.00000	 2.00000
705144507780591616	 1.00000	 0.00000	 1.00000	 1.00000
705292364152217601	 1.00000	 0.00000	 1.00000	 1.00000
705294303007002624	 1.00000	 0.00000	 1.00000	 1.00000
705306959168348160	 1.00000	 0.00000	 1.00000	 1.00000
705314268938375169	 1.00000	 0.00000	 1.00000	 2.00000
705315523123421184	 1.00000	 0.00000	 1.00000	 1.00000
705325741693669376	 1.00000	 0.00000	 1.00000	 1.00000
705328084099145728	 1.00000	 0.00000	 1.00000	 1.00000
705330725395021824	 1.00000	 0.00000	 1.00000	 1.00000
705491216092307456	 1.00000	 0.00000	 1.00000	 1.00000
705607680145149952	 1.00000	 0.00000	 1.00000	 1.00000
706057240319561728	 0.00000	 0.00000	 0.00016	 1.00000
706997775964184576	 1.00000	 0.00000	 1.00000	 1.00000
707031481064038400	 1.00000	 0.00000	 1.00000	 1.00000
707545655632330752	 1.00000	 0.00000	 1.00000	 1.00000
708267338273959936	 1.00000	 0.00000	 1.00000	 1.00000
708473261097689088	 0.00000	 0.00000	 0.00016	 1.00000
708475007572115456	 0.00000	 0.00000	 0.00016	 1.00000
708750819374538752	 0.00000	 0.00000	 0.00002	 1.00000
709189241457283073	 1.00000	 0.00000	 1.00000	 1.00000
709320163972096001	 1.00000	 0.00000	 1.00000	 1.00000
709663087494873088	 1.00000	 0.00000	 1.00000	 1.00000
709697739395874816	 1.00000	 0.00000	 1.00000	 1.00000
709718731052740608	 1.00000	 0.00000	 1.00000	 1.00000
709903500340289536	 1.00000	 0.00000	 1.00000	 1.00000
710046568339136513	 1.00000	 0.00000	 1.00000	 1.00000
710872295389007873	 1.00000	 0.00000	 1.00000	 1.00000
711969633281167360	 1.00000	 0.00000	 1.00000	 1.00000
711996312242233344	 1.00000	 0.00000	 1.00000	 1.00000
712815930422722560	 1.00000	 0.00000	 1.00000	 1.00000
712981122548891648	 1.00000	 0.00000	 1.00000	 1.00000
713433677649154049	 1.00000	 0.00000	 1.00000	 1.00000
714228061294751746	 1.00000	 0.00000	 1.00000	 1.00000
714331395301060608	 1.00000	 0.00000	 1.00000	 1.00000
714539199530033152	 1.00000	 0.00000	 1.00000	 1.00000
714541903396507648	 1.00000	 0.00000	 1.00000	 1.00000
714754793806426112	 1.00000	 0.00000	 1.00000	 1.00000
714802014841151488	 1.00000	 0.00000	 1.00000	 1.00000
714894794653364224	 0.00000	 0.00000	 0.00016	 1.00000
