1	 1.00000	 0.00000	 1.00000	 1.00000
2	 1.00000	 0.00000	 1.00000	 1.00000
3	 0.00009	 0.00000	 0.01551	 1.00000
4	 0.00009	 0.00000	 0.01552	 1.00000
800594	 0.00009	 0.00000	 0.01552	 1.00000
1134681	 1.00000	 0.00000	 1.00000	 1.00000
2284131	 0.00009	 0.00000	 0.01552	 1.00000
4233671	 0.00009	 0.00000	 0.01552	 1.00000
7003572	 0.00009	 0.00000	 0.01552	 1.00000
14099719	 0.00009	 0.00000	 0.01552	 1.00000
14522241	 0.00001	 0.00000	 0.00512	 1.00000
14522779	 0.00004	 0.00000	 0.00776	 2.00000
14528941	 0.99997	 0.00000	 1.00000	 1.00000
14716226	 0.00009	 0.00000	 0.01552	 1.00000
14855994	 0.00009	 0.00000	 0.01552	 1.00000
15107398	 1.00000	 0.00000	 1.00000	 1.00000
15215142	 0.00009	 0.00000	 0.01552	 1.00000
15467680	 1.00000	 0.00000	 1.00000	 1.00000
15944986	 0.00009	 0.00000	 0.01552	 1.00000
16026053	 0.00009	 0.00000	 0.01552	 1.00000
16064507	 0.00001	 0.00000	 0.00512	 1.00000
16134203	 0.00009	 0.00000	 0.01552	 1.00000
16219150	 1.00000	 0.00000	 1.00000	 1.00000
16248055	 0.00009	 0.00000	 0.01552	 1.00000
16317079	 0.00009	 0.00000	 0.01552	 1.00000
16351343	 0.00009	 0.00000	 0.01552	 1.00000
16452204	 1.00000	 0.00000	 1.00000	 2.00000
16485255	 1.00000	 0.00000	 1.00000	 1.00000
16488766	 0.00001	 0.00000	 0.00512	 1.00000
16501971	 0.00009	 0.00000	 0.01552	 1.00000
16548855	 0.00009	 0.00000	 0.01552	 1.00000
16623393	 0.00001	 0.00000	 0.00512	 1.00000
16829047	 0.99672	 0.00000	 1.00000	 1.00000
17056659	 1.00000	 0.00000	 1.00000	 1.00000
17152635	 0.00009	 0.00000	 0.01552	 1.00000
17412990	 0.00009	 0.00000	 0.01552	 1.00000
17753712	 0.99836	 0.00000	 1.00000	 2.00000
17756195	 0.00009	 0.00000	 0.01552	 1.00000
17880158	 0.00009	 0.00000	 0.01552	 1.00000
17907878	 0.00009	 0.00000	 0.01552	 1.00000
18035760	 0.99836	 0.00000	 1.00000	 2.00000
18067164	 1.00000	 0.19950	 1.00000	 4.00000
18082945	 0.00009	 0.00000	 0.01552	 1.00000
18093767	 0.00009	 0.00000	 0.01552	 1.00000
18179086	 0.00009	 0.00000	 0.01552	 1.00000
18256467	 0.00004	 0.00000	 0.00776	 2.00000
18296251	 1.00000	 0.00000	 1.00000	 1.00000
18393418	 1.00000	 0.00000	 1.00000	 1.00000
18659129	 0.00009	 0.00000	 0.01552	 1.00000
18786414	 0.00001	 0.00000	 0.00512	 1.00000
18814067	 0.00009	 0.00000	 0.01552	 1.00000
18929394	 0.00009	 0.00000	 0.01552	 1.00000
19088288	 0.00009	 0.00000	 0.01552	 1.00000
19122899	 0.00009	 0.00000	 0.01552	 1.00000
19310709	 0.00001	 0.00000	 0.00512	 1.00000
19315409	 0.00009	 0.00000	 0.01552	 1.00000
19346335	 0.00009	 0.00000	 0.01552	 1.00000
19370504	 1.00000	 0.00000	 1.00000	 1.00000
19392245	 0.00009	 0.00000	 0.01552	 1.00000
19403608	 0.00001	 0.00000	 0.00512	 1.00000
19572007	 0.00009	 0.00000	 0.01552	 1.00000
19717952	 0.00001	 0.00000	 0.00512	 1.00000
19730650	 0.00009	 0.00000	 0.01552	 1.00000
19811480	 1.00000	 0.00000	 1.00000	 1.00000
19921268	 0.00009	 0.00000	 0.01552	 1.00000
20380935	 0.00001	 0.00000	 0.00512	 1.00000
20430247	 0.99999	 0.00000	 1.00000	 1.00000
20476170	 1.00000	 0.00000	 1.00000	 1.00000
20539213	 0.00001	 0.00000	 0.00512	 1.00000
20980360	 0.00000	 0.00000	 0.00362	 1.00000
21030078	 0.00009	 0.00000	 0.01552	 1.00000
21148011	 0.00009	 0.00000	 0.01552	 1.00000
21393395	 0.00009	 0.00000	 0.01552	 1.00000
21612042	 0.00009	 0.00000	 0.01552	 1.00000
21849379	 0.00009	 0.00000	 0.01552	 1.00000
21954702	 0.00001	 0.00000	 0.00512	 1.00000
21994669	 0.99999	 0.00000	 1.00000	 2.00000
22067448	 0.00001	 0.00000	 0.00512	 1.00000
22075828	 0.00009	 0.00000	 0.01552	 1.00000
22095997	 0.00001	 0.00000	 0.00512	 1.00000
22228637	 0.00009	 0.00000	 0.01552	 1.00000
22328196	 0.00009	 0.00000	 0.01552	 1.00000
22411682	 0.00009	 0.00000	 0.01552	 1.00000
22420683	 0.00009	 0.00000	 0.01552	 1.00000
22564891	 0.00001	 0.00000	 0.00512	 1.00000
22733169	 0.00009	 0.00000	 0.01552	 1.00000
22794878	 0.00009	 0.00000	 0.01552	 1.00000
22853555	 0.99999	 0.00000	 1.00000	 1.00000
22853879	 0.00009	 0.00000	 0.01552	 1.00000
22919310	 1.00000	 0.00000	 1.00000	 1.00000
23092278	 0.00009	 0.00000	 0.01552	 1.00000
23202327	 0.99926	 0.00000	 1.00000	 1.00000
23218938	 0.00009	 0.00000	 0.01552	 1.00000
23265082	 0.00000	 0.00000	 0.00362	 1.00000
23282823	 0.00009	 0.00000	 0.01552	 1.00000
23363470	 0.99999	 0.00000	 1.00000	 1.00000
23385747	 0.00009	 0.00000	 0.01552	 1.00000
23446050	 1.00000	 0.00000	 1.00000	 1.00000
23643656	 0.00009	 0.00000	 0.01552	 1.00000
23841163	 0.00009	 0.00000	 0.01552	 1.00000
23961101	 0.99999	 0.00000	 1.00000	 1.00000
24167164	 0.00009	 0.00000	 0.01552	 1.00000
24309304	 0.00000	 0.00000	 0.00362	 1.00000
24569396	 1.00000	 0.00000	 1.00000	 1.00000
25128967	 1.00000	 0.00000	 1.00000	 1.00000
25344612	 1.00000	 0.00000	 1.00000	 1.00000
25462081	 0.00009	 0.00000	 0.01552	 1.00000
25924436	 1.00000	 0.00000	 1.00000	 1.00000
26002750	 0.99999	 0.00000	 1.00000	 1.00000
26295959	 0.00009	 0.00000	 0.01552	 1.00000
27331061	 0.00004	 0.00000	 0.00776	 2.00000
27995424	 0.00004	 0.00000	 0.00776	 2.00000
28167485	 0.99836	 0.00000	 1.00000	 2.00000
28277980	 0.00009	 0.00000	 0.01552	 1.00000
28429533	 0.00009	 0.00000	 0.01552	 1.00000
28625375	 0.00001	 0.00000	 0.00512	 1.00000
28882005	 0.00009	 0.00000	 0.01552	 1.00000
28958495	 0.99926	 0.00000	 1.00000	 1.00000
29045191	 0.00009	 0.00000	 0.01552	 1.00000
29051099	 0.00009	 0.00000	 0.01552	 1.00000
29190953	 1.00000	 0.00000	 1.00000	 1.00000
29842873	 0.00009	 0.00000	 0.01552	 1.00000
29854671	 1.00000	 0.00000	 1.00000	 1.00000
30106118	 1.00000	 0.00000	 1.00000	 1.00000
30271700	 0.00001	 0.00000	 0.00512	 1.00000
30402086	 0.00009	 0.00000	 0.01552	 1.00000
30414166	 0.00009	 0.00000	 0.01552	 1.00000
31067270	 0.00009	 0.00000	 0.01552	 1.00000
31219035	 0.00009	 0.00000	 0.01552	 1.00000
31262538	 0.00009	 0.00000	 0.01552	 1.00000
31947076	 0.00009	 0.00000	 0.01552	 1.00000
32318775	 0.00004	 0.00000	 0.00776	 2.00000
32672892	 0.00009	 0.00000	 0.01552	 1.00000
32867953	 0.00009	 0.00000	 0.01552	 1.00000
33097125	 0.00009	 0.00000	 0.01552	 1.00000
33237351	 0.00000	 0.00000	 0.00362	 1.00000
33350532	 0.00009	 0.00000	 0.01552	 1.00000
33410754	 0.99328	 0.00000	 1.00000	 1.00000
34173875	 1.00000	 0.00000	 1.00000	 1.00000
34734159	 0.00009	 0.00000	 0.01552	 1.00000
35001743	 0.00009	 0.00000	 0.01552	 1.00000
35045469	 0.00009	 0.00000	 0.01552	 1.00000
35305844	 0.00004	 0.00000	 0.00776	 2.00000
35902699	 0.00009	 0.00000	 0.01552	 1.00000
35936096	 0.00009	 0.00000	 0.01552	 1.00000
35951055	 0.00009	 0.00000	 0.01552	 1.00000
36048950	 0.00009	 0.00000	 0.01552	 1.00000
36789992	 0.00009	 0.00000	 0.01552	 1.00000
36801578	 0.00001	 0.00000	 0.00512	 1.00000
36820712	 1.00000	 0.00000	 1.00000	 1.00000
37191277	 1.00000	 0.00000	 1.00000	 1.00000
37440873	 1.00000	 0.00000	 1.00000	 1.00000
37499500	 0.99926	 0.00000	 1.00000	 1.00000
38731527	 0.00009	 0.00000	 0.01552	 1.00000
38833974	 0.00009	 0.00000	 0.01552	 1.00000
38902695	 0.00009	 0.00000	 0.01552	 1.00000
40151763	 0.00009	 0.00000	 0.01552	 1.00000
40896353	 1.00000	 0.00000	 1.00000	 1.00000
41065991	 1.00000	 0.00000	 1.00000	 1.00000
41150100	 0.00009	 0.00000	 0.01552	 1.00000
42284908	 1.00000	 0.00000	 1.00000	 1.00000
42482580	 0.00009	 0.00000	 0.01552	 1.00000
42531027	 0.00009	 0.00000	 0.01552	 1.00000
43174993	 0.00009	 0.00000	 0.01552	 1.00000
43317553	 0.00009	 0.00000	 0.01552	 1.00000
44104818	 0.00009	 0.00000	 0.01552	 1.00000
44198510	 0.00009	 0.00000	 0.01552	 1.00000
44449533	 1.00000	 0.00000	 1.00000	 1.00000
44725888	 0.00009	 0.00000	 0.01552	 1.00000
45253608	 1.00000	 0.00000	 1.00000	 1.00000
45656857	 0.00001	 0.00000	 0.00512	 1.00000
46019545	 0.00009	 0.00000	 0.01552	 1.00000
46962230	 0.00001	 0.00000	 0.00512	 1.00000
47019515	 1.00000	 0.00000	 1.00000	 1.00000
47075953	 0.99926	 0.00000	 1.00000	 1.00000
47354540	 0.99926	 0.00000	 1.00000	 1.00000
47481937	 0.00009	 0.00000	 0.01552	 1.00000
47748198	 0.00009	 0.00000	 0.01552	 1.00000
48071635	 0.00009	 0.00000	 0.01552	 1.00000
48151169	 0.00009	 0.00000	 0.01552	 1.00000
48866739	 0.50189	 0.00000	 1.00000	 2.00000
49087496	 0.00009	 0.00000	 0.01552	 1.00000
49656454	 0.00009	 0.00000	 0.01552	 1.00000
49725600	 0.99964	 0.00000	 1.00000	 1.00000
49966935	 0.00009	 0.00000	 0.01552	 1.00000
50608221	 0.00009	 0.00000	 0.01552	 1.00000
50666280	 0.00009	 0.00000	 0.01552	 1.00000
50927030	 1.00000	 0.00000	 1.00000	 1.00000
52902271	 0.00009	 0.00000	 0.01552	 1.00000
52931083	 0.00009	 0.00000	 0.01552	 1.00000
53246729	 0.00001	 0.00000	 0.00512	 1.00000
53736521	 0.00009	 0.00000	 0.01552	 1.00000
53739953	 1.00000	 0.00000	 1.00000	 1.00000
53818115	 0.00002	 0.00000	 0.00577	 2.00000
54226583	 0.00009	 0.00000	 0.01552	 1.00000
54272423	 0.00009	 0.00000	 0.01552	 1.00000
54773913	 1.00000	 0.00000	 1.00000	 1.00000
54976839	 1.00000	 0.00000	 1.00000	 1.00000
55732479	 0.00009	 0.00000	 0.01552	 1.00000
55832939	 0.00009	 0.00000	 0.01552	 1.00000
56275127	 0.00009	 0.00000	 0.01552	 1.00000
57049338	 0.99926	 0.00000	 1.00000	 1.00000
57196393	 0.00009	 0.00000	 0.01552	 1.00000
58055829	 0.00009	 0.00000	 0.01552	 1.00000
58280871	 0.00009	 0.00000	 0.01552	 1.00000
59511805	 0.00001	 0.00000	 0.00512	 1.00000
60985267	 1.00000	 0.00000	 1.00000	 1.00000
61767124	 0.00001	 0.00000	 0.00512	 1.00000
62309414	 0.00009	 0.00000	 0.01552	 1.00000
62312112	 0.99926	 0.00000	 1.00000	 1.00000
62616337	 1.00000	 0.00000	 1.00000	 1.00000
62834119	 0.00009	 0.00000	 0.01552	 1.00000
63829580	 1.00000	 0.00000	 1.00000	 1.00000
64088396	 0.00009	 0.00000	 0.01552	 1.00000
64290676	 1.00000	 0.00000	 1.00000	 1.00000
64595461	 0.00009	 0.00000	 0.01552	 1.00000
64711358	 0.00009	 0.00000	 0.01552	 1.00000
64943336	 1.00000	 0.00000	 1.00000	 1.00000
65699341	 0.00009	 0.00000	 0.01552	 1.00000
66033904	 0.00001	 0.00000	 0.00511	 1.00000
66788435	 1.00000	 0.00000	 1.00000	 1.00000
66833170	 0.00009	 0.00000	 0.01552	 1.00000
67514751	 0.99999	 0.00000	 1.00000	 1.00000
69076530	 0.99926	 0.00000	 1.00000	 1.00000
72951832	 0.00009	 0.00000	 0.01552	 1.00000
73842387	 0.00009	 0.00000	 0.01552	 1.00000
74169289	 0.00009	 0.00000	 0.01552	 1.00000
74501104	 0.00009	 0.00000	 0.01552	 1.00000
75059992	 0.00009	 0.00000	 0.01552	 1.00000
76250749	 0.00001	 0.00000	 0.00512	 1.00000
76385077	 0.00009	 0.00000	 0.01552	 1.00000
76915227	 1.00000	 0.00000	 1.00000	 1.00000
77888292	 1.00000	 0.00000	 1.00000	 1.00000
78201720	 0.00009	 0.00000	 0.01552	 1.00000
78831504	 0.00004	 0.00000	 0.00776	 2.00000
80640029	 0.00009	 0.00000	 0.01552	 1.00000
81012099	 1.00000	 0.00000	 1.00000	 1.00000
81590519	 0.00009	 0.00000	 0.01552	 1.00000
81973893	 0.00009	 0.00000	 0.01552	 1.00000
82748400	 0.99926	 0.00000	 1.00000	 1.00000
84141215	 0.00009	 0.00000	 0.01552	 1.00000
86378821	 0.99926	 0.00000	 1.00000	 1.00000
86794987	 1.00000	 0.00000	 1.00000	 1.00000
87285846	 0.00009	 0.00000	 0.01552	 1.00000
87961248	 0.00009	 0.00000	 0.01552	 1.00000
88245817	 0.99328	 0.00000	 1.00000	 1.00000
88985843	 0.94740	 0.00000	 1.00000	 1.00000
89769227	 0.00009	 0.00000	 0.01552	 1.00000
90567643	 0.00009	 0.00000	 0.01552	 1.00000
91226380	 0.00009	 0.00000	 0.01552	 1.00000
91260663	 0.00009	 0.00000	 0.01552	 1.00000
91784909	 0.00009	 0.00000	 0.01552	 1.00000
92047675	 0.00009	 0.00000	 0.01552	 1.00000
93530379	 0.00009	 0.00000	 0.01552	 1.00000
96223605	 0.00009	 0.00000	 0.01552	 1.00000
96442308	 0.00009	 0.00000	 0.01552	 1.00000
97938478	 0.00009	 0.00000	 0.01552	 1.00000
98275031	 0.00000	 0.00000	 0.00362	 1.00000
99469969	 0.00009	 0.00000	 0.01552	 1.00000
100363260	 0.00009	 0.00000	 0.01552	 1.00000
101264587	 0.00009	 0.00000	 0.01552	 1.00000
102466306	 0.00009	 0.00000	 0.01552	 1.00000
103187400	 0.00009	 0.00000	 0.01552	 1.00000
103245828	 0.99926	 0.00000	 1.00000	 1.00000
105175775	 0.00009	 0.00000	 0.01552	 1.00000
105179531	 0.00009	 0.00000	 0.01552	 1.00000
107493239	 0.00009	 0.00000	 0.01552	 1.00000
110271982	 0.00009	 0.00000	 0.01552	 1.00000
110918004	 0.00009	 0.00000	 0.01552	 1.00000
112180878	 0.00009	 0.00000	 0.01552	 1.00000
112183891	 1.00000	 0.00000	 1.00000	 1.00000
112251586	 0.99999	 0.00000	 1.00000	 1.00000
114084933	 0.00009	 0.00000	 0.01552	 1.00000
114770420	 0.00001	 0.00000	 0.00512	 1.00000
115204116	 1.00000	 0.00000	 1.00000	 1.00000
115861640	 1.00000	 0.00000	 1.00000	 1.00000
116481778	 0.00009	 0.00000	 0.01552	 1.00000
116504222	 0.00009	 0.00000	 0.01552	 1.00000
116705429	 0.99999	 0.00000	 1.00000	 1.00000
118768356	 0.00009	 0.00000	 0.01552	 1.00000
119099353	 1.00000	 0.00000	 1.00000	 1.00000
119199702	 0.00009	 0.00000	 0.01552	 1.00000
120025039	 0.50532	 0.00000	 1.00000	 2.00000
121341903	 0.00009	 0.00000	 0.01552	 1.00000
121602322	 1.00000	 0.00000	 1.00000	 1.00000
121796667	 0.99999	 0.00000	 1.00000	 1.00000
122231268	 0.00009	 0.00000	 0.01552	 1.00000
122246021	 0.00009	 0.00000	 0.01552	 1.00000
122428400	 0.00009	 0.00000	 0.01552	 1.00000
122567822	 0.00001	 0.00000	 0.00512	 1.00000
125476764	 0.00009	 0.00000	 0.01552	 1.00000
127023136	 1.00000	 0.00000	 1.00000	 1.00000
129275408	 0.00009	 0.00000	 0.01552	 1.00000
130913742	 1.00000	 0.00000	 1.00000	 1.00000
132248356	 0.00009	 0.00000	 0.01552	 1.00000
132722100	 0.99328	 0.00000	 1.00000	 1.00000
132758091	 0.00009	 0.00000	 0.01552	 1.00000
133996388	 0.00001	 0.00000	 0.00512	 1.00000
134594576	 0.00009	 0.00000	 0.01552	 1.00000
135208602	 0.00009	 0.00000	 0.01552	 1.00000
135247359	 1.00000	 0.00000	 1.00000	 1.00000
138204197	 0.00009	 0.00000	 0.01552	 1.00000
139305948	 0.00001	 0.00000	 0.00512	 1.00000
139882262	 0.00001	 0.00000	 0.00512	 1.00000
139891948	 0.00009	 0.00000	 0.01552	 1.00000
141998341	 0.00001	 0.00000	 0.00512	 1.00000
143309709	 0.00009	 0.00000	 0.01552	 1.00000
143438881	 0.00001	 0.00000	 0.00512	 1.00000
143496521	 1.00000	 0.00000	 1.00000	 1.00000
143539322	 1.00000	 0.00000	 1.00000	 2.00000
145856381	 0.00009	 0.00000	 0.01552	 1.00000
146644080	 0.00009	 0.00000	 0.01552	 1.00000
149760705	 0.00009	 0.00000	 0.01552	 1.00000
151709303	 0.00009	 0.00000	 0.01552	 1.00000
154555528	 0.00009	 0.00000	 0.01552	 1.00000
154612796	 0.00009	 0.00000	 0.01552	 1.00000
155299886	 0.00001	 0.00000	 0.00512	 1.00000
155353519	 1.00000	 0.00000	 1.00000	 1.00000
155394343	 0.00004	 0.00000	 0.00776	 2.00000
159524468	 0.00009	 0.00000	 0.01552	 1.00000
162204416	 0.00000	 0.00000	 0.00362	 1.00000
163783811	 0.99926	 0.00000	 1.00000	 1.00000
164929903	 1.00000	 0.00000	 1.00000	 1.00000
165647695	 0.00009	 0.00000	 0.01552	 1.00000
167072281	 0.00009	 0.00000	 0.01552	 1.00000
167673022	 1.00000	 0.00000	 1.00000	 1.00000
168280744	 0.00009	 0.00000	 0.01552	 1.00000
169947789	 1.00000	 0.00000	 1.00000	 1.00000
170359315	 1.00000	 0.00000	 1.00000	 1.00000
170382026	 0.00009	 0.00000	 0.01552	 1.00000
171399275	 0.00009	 0.00000	 0.01552	 1.00000
171611273	 0.00009	 0.00000	 0.01552	 1.00000
173119648	 0.00009	 0.00000	 0.01552	 1.00000
175610607	 1.00000	 0.00000	 1.00000	 1.00000
180088970	 1.00000	 0.00000	 1.00000	 1.00000
181697373	 0.00009	 0.00000	 0.01552	 1.00000
182872528	 0.00009	 0.00000	 0.01552	 1.00000
183352651	 0.00009	 0.00000	 0.01552	 1.00000
184569951	 0.00009	 0.00000	 0.01552	 1.00000
189134281	 1.00000	 0.00000	 1.00000	 1.00000
189622517	 0.00009	 0.00000	 0.01552	 1.00000
190223523	 0.00004	 0.00000	 0.00776	 2.00000
192036002	 0.00002	 0.00000	 0.00557	 2.00000
192477899	 0.00001	 0.00000	 0.00512	 1.00000
195928310	 0.00009	 0.00000	 0.01552	 1.00000
196644385	 0.00009	 0.00000	 0.01552	 1.00000
196699217	 1.00000	 0.00000	 1.00000	 1.00000
198276191	 0.99926	 0.00000	 1.00000	 1.00000
200585819	 0.00009	 0.00000	 0.01561	 1.00000
200697773	 0.00001	 0.00000	 0.00512	 1.00000
201903919	 1.00000	 0.00000	 1.00000	 1.00000
206414832	 0.00001	 0.00000	 0.00512	 1.00000
206522478	 1.00000	 0.00000	 1.00000	 1.00000
209274991	 1.00000	 0.00000	 1.00000	 1.00000
213342667	 0.00009	 0.00000	 0.01552	 1.00000
216433448	 0.99926	 0.00000	 1.00000	 1.00000
218751169	 0.99926	 0.00000	 1.00000	 1.00000
219410793	 0.00009	 0.00000	 0.01552	 1.00000
219456394	 0.00009	 0.00000	 0.01552	 1.00000
221475570	 1.00000	 0.00000	 1.00000	 1.00000
222924153	 1.00000	 0.00000	 1.00000	 1.00000
222931868	 0.99926	 0.00000	 1.00000	 1.00000
224363991	 0.00009	 0.00000	 0.01552	 1.00000
226099370	 0.00009	 0.00000	 0.01552	 1.00000
226980627	 0.00009	 0.00000	 0.01552	 1.00000
228810858	 0.00003	 0.00000	 0.00517	 3.00000
229290607	 0.00009	 0.00000	 0.01552	 1.00000
230826920	 1.00000	 0.00000	 1.00000	 1.00000
233042708	 0.33688	 0.00000	 0.88317	 3.00000
234103674	 0.00009	 0.00000	 0.01552	 1.00000
235338203	 0.00004	 0.00000	 0.00776	 2.00000
236037775	 0.00009	 0.00000	 0.01552	 1.00000
237565446	 0.00009	 0.00000	 0.01552	 1.00000
237861624	 1.00000	 0.00000	 1.00000	 1.00000
239024659	 0.00009	 0.00000	 0.01552	 1.00000
241387858	 0.00001	 0.00000	 0.00512	 1.00000
241406440	 0.00009	 0.00000	 0.01552	 1.00000
243007294	 0.00009	 0.00000	 0.01552	 1.00000
244325923	 1.00000	 0.00000	 1.00000	 1.00000
245562463	 0.00009	 0.00000	 0.01552	 1.00000
246328494	 1.00000	 0.00000	 1.00000	 1.00000
246652063	 0.00009	 0.00000	 0.01552	 1.00000
248721199	 0.00009	 0.00000	 0.01552	 1.00000
249741154	 0.00009	 0.00000	 0.01552	 1.00000
249890265	 1.00000	 0.00000	 1.00000	 1.00000
250684495	 0.00009	 0.00000	 0.01552	 1.00000
250722557	 0.00009	 0.00000	 0.01552	 1.00000
250832467	 0.00001	 0.00000	 0.00512	 1.00000
252172352	 0.00009	 0.00000	 0.01552	 1.00000
255164244	 0.99926	 0.00000	 1.00000	 1.00000
255517083	 0.00009	 0.00000	 0.01552	 1.00000
257316398	 0.00009	 0.00000	 0.01552	 1.00000
258434299	 0.00009	 0.00000	 0.01552	 1.00000
258951021	 0.00009	 0.00000	 0.01552	 1.00000
260369607	 0.00009	 0.00000	 0.01552	 1.00000
260837279	 1.00000	 0.00000	 1.00000	 1.00000
262345539	 0.00009	 0.00000	 0.01552	 1.00000
262451680	 0.00009	 0.00000	 0.01552	 1.00000
262800088	 0.00009	 0.00000	 0.01552	 1.00000
262865808	 0.00009	 0.00000	 0.01552	 1.00000
264564707	 0.00009	 0.00000	 0.01552	 1.00000
265156025	 0.00009	 0.00000	 0.01552	 1.00000
265245636	 0.00009	 0.00000	 0.01552	 1.00000
266851011	 0.00009	 0.00000	 0.01552	 1.00000
267538236	 0.00009	 0.00000	 0.01552	 1.00000
271315071	 1.00000	 0.00000	 1.00000	 1.00000
274263703	 0.00009	 0.00000	 0.01552	 1.00000
274341323	 0.00009	 0.00000	 0.01552	 1.00000
275828589	 0.00009	 0.00000	 0.01552	 1.00000
279841865	 0.00009	 0.00000	 0.01552	 1.00000
281551999	 1.00000	 0.00000	 1.00000	 1.00000
283185622	 0.00009	 0.00000	 0.01552	 1.00000
286179981	 1.00000	 0.00000	 1.00000	 1.00000
286410117	 1.00000	 0.00000	 1.00000	 1.00000
286508435	 1.00000	 0.00000	 1.00000	 1.00000
287259683	 0.00009	 0.00000	 0.01552	 1.00000
288657952	 1.00000	 0.00000	 1.00000	 1.00000
291336460	 1.00000	 0.00000	 1.00000	 1.00000
292679847	 1.00000	 0.00000	 1.00000	 1.00000
296285008	 1.00000	 0.00000	 1.00000	 1.00000
296627383	 0.99926	 0.00000	 1.00000	 1.00000
297471326	 0.00009	 0.00000	 0.01552	 1.00000
298630741	 0.00009	 0.00000	 0.01552	 1.00000
300596947	 1.00000	 0.00000	 1.00000	 1.00000
301152588	 0.00009	 0.00000	 0.01552	 1.00000
301170006	 1.00000	 0.00000	 1.00000	 1.00000
301659223	 0.99999	 0.00000	 1.00000	 1.00000
305206482	 0.00009	 0.00000	 0.01552	 1.00000
305371609	 0.00009	 0.00000	 0.01552	 1.00000
305904374	 0.00009	 0.00000	 0.01552	 1.00000
306534235	 0.00009	 0.00000	 0.01552	 1.00000
308022256	 0.00009	 0.00000	 0.01552	 1.00000
309141424	 0.00009	 0.00000	 0.01552	 1.00000
309206948	 1.00000	 0.00000	 1.00000	 1.00000
313482172	 0.00009	 0.00000	 0.01552	 1.00000
314240065	 0.00009	 0.00000	 0.01552	 1.00000
316271303	 0.00004	 0.00000	 0.00776	 2.00000
317652514	 0.00009	 0.00000	 0.01552	 1.00000
319165351	 1.00000	 0.00000	 1.00000	 1.00000
319972036	 1.00000	 0.00000	 1.00000	 1.00000
320509089	 0.00009	 0.00000	 0.01552	 1.00000
320530176	 0.00009	 0.00000	 0.01552	 1.00000
320726331	 0.99926	 0.00000	 1.00000	 1.00000
323071182	 0.00009	 0.00000	 0.01552	 1.00000
324932251	 0.00009	 0.00000	 0.01552	 1.00000
325058185	 0.00009	 0.00000	 0.01552	 1.00000
326261271	 0.00009	 0.00000	 0.01552	 1.00000
326821710	 0.00009	 0.00000	 0.01552	 1.00000
326833046	 0.00009	 0.00000	 0.01552	 1.00000
329628740	 0.00009	 0.00000	 0.01552	 1.00000
329880387	 0.00003	 0.00000	 0.00517	 3.00000
333631672	 0.00009	 0.00000	 0.01552	 1.00000
333844441	 0.00009	 0.00000	 0.01552	 1.00000
334058061	 0.00009	 0.00000	 0.01552	 1.00000
335353868	 0.00009	 0.00000	 0.01552	 1.00000
336744713	 0.99999	 0.00000	 1.00000	 1.00000
338144939	 0.00009	 0.00000	 0.01552	 1.00000
339574363	 1.00000	 0.00000	 1.00000	 1.00000
340367718	 0.00009	 0.00000	 0.01552	 1.00000
341672333	 0.99994	 0.00000	 1.00000	 1.00000
341736693	 0.00009	 0.00000	 0.01552	 1.00000
341989455	 0.00009	 0.00000	 0.01552	 1.00000
342699123	 0.00009	 0.00000	 0.01552	 1.00000
343060987	 0.00001	 0.00000	 0.00512	 1.00000
345943406	 0.00004	 0.00000	 0.00776	 2.00000
348586567	 0.00009	 0.00000	 0.01552	 1.00000
350301832	 0.00009	 0.00000	 0.01552	 1.00000
350317017	 0.99999	 0.00000	 1.00000	 1.00000
350650434	 0.00001	 0.00000	 0.00512	 1.00000
351353406	 0.00009	 0.00000	 0.01552	 1.00000
352665664	 0.00004	 0.00000	 0.00776	 2.00000
356324005	 1.00000	 0.00000	 1.00000	 1.00000
356586598	 1.00000	 0.00000	 1.00000	 1.00000
356833261	 0.00009	 0.00000	 0.01552	 1.00000
356859394	 0.00009	 0.00000	 0.01552	 1.00000
360044550	 0.00001	 0.00000	 0.00512	 1.00000
362774363	 0.00009	 0.00000	 0.01552	 1.00000
364451840	 0.00009	 0.00000	 0.01552	 1.00000
366700856	 0.00009	 0.00000	 0.01552	 1.00000
368335643	 0.00009	 0.00000	 0.01552	 1.00000
369856877	 0.00009	 0.00000	 0.01552	 1.00000
372022249	 0.00009	 0.00000	 0.01552	 1.00000
372740946	 0.00009	 0.00000	 0.01552	 1.00000
373573462	 0.00009	 0.00000	 0.01552	 1.00000
375161034	 0.00009	 0.00000	 0.01552	 1.00000
376876772	 0.50532	 0.00000	 1.00000	 2.00000
378136597	 0.00009	 0.00000	 0.01552	 1.00000
378642998	 1.00000	 0.00000	 1.00000	 1.00000
380593812	 0.00004	 0.00000	 0.00776	 2.00000
382309890	 0.00009	 0.00000	 0.01552	 1.00000
383523420	 0.00009	 0.00000	 0.01552	 1.00000
385374360	 1.00000	 0.00000	 1.00000	 1.00000
388023214	 0.00009	 0.00000	 0.01552	 1.00000
389188265	 0.00009	 0.00000	 0.01552	 1.00000
394288534	 0.00004	 0.00000	 0.00776	 2.00000
395961182	 1.00000	 0.00000	 1.00000	 1.00000
396600917	 0.00009	 0.00000	 0.01552	 1.00000
398726524	 1.00000	 0.00000	 1.00000	 1.00000
403668505	 0.00009	 0.00000	 0.01552	 1.00000
403861715	 0.00009	 0.00000	 0.01552	 1.00000
406695706	 0.99926	 0.00000	 1.00000	 1.00000
407419823	 0.00009	 0.00000	 0.01552	 1.00000
409409307	 1.00000	 0.00000	 1.00000	 1.00000
409430647	 0.00001	 0.00000	 0.00512	 1.00000
410402655	 0.00001	 0.00000	 0.00512	 1.00000
411626852	 0.00009	 0.00000	 0.01552	 1.00000
411946448	 0.00009	 0.00000	 0.01552	 1.00000
414003816	 0.00009	 0.00000	 0.01552	 1.00000
415895542	 0.00009	 0.00000	 0.01552	 1.00000
416540142	 1.00000	 0.00000	 1.00000	 1.00000
419877907	 1.00000	 0.00000	 1.00000	 1.00000
420512413	 0.00009	 0.00000	 0.01552	 1.00000
421153342	 0.00002	 0.00000	 0.00577	 2.00000
421424775	 0.99926	 0.00000	 1.00000	 1.00000
422021221	 0.00001	 0.00000	 0.00512	 1.00000
425580734	 0.00009	 0.00000	 0.01552	 1.00000
426369194	 0.00009	 0.00000	 0.01552	 1.00000
429703285	 0.00009	 0.00000	 0.01552	 1.00000
431202562	 0.00009	 0.00000	 0.01552	 1.00000
431917957	 1.00000	 0.00000	 1.00000	 1.00000
434327962	 0.99994	 0.00000	 1.00000	 1.00000
434640368	 0.00009	 0.00000	 0.01552	 1.00000
435127092	 0.00009	 0.00000	 0.01552	 1.00000
437701062	 0.00009	 0.00000	 0.01552	 1.00000
439653156	 1.00000	 0.00000	 1.00000	 1.00000
440523909	 0.00009	 0.00000	 0.01552	 1.00000
441899740	 1.00000	 0.00000	 1.00000	 1.00000
444753278	 0.00009	 0.00000	 0.01552	 1.00000
447163884	 0.50529	 0.00000	 1.00000	 2.00000
448430264	 0.00009	 0.00000	 0.01552	 1.00000
448510528	 0.00001	 0.00000	 0.00512	 1.00000
448856297	 0.00009	 0.00000	 0.01552	 1.00000
450721959	 0.00009	 0.00000	 0.01552	 1.00000
454774863	 1.00000	 0.00000	 1.00000	 1.00000
458992712	 0.00009	 0.00000	 0.01552	 1.00000
461605871	 0.00009	 0.00000	 0.01552	 1.00000
463813630	 0.00009	 0.00000	 0.01552	 1.00000
464083794	 0.00009	 0.00000	 0.01552	 1.00000
464920194	 0.00009	 0.00000	 0.01552	 1.00000
468365388	 0.00009	 0.00000	 0.01552	 1.00000
469652142	 0.00009	 0.00000	 0.01552	 1.00000
469808833	 1.00000	 0.00000	 1.00000	 1.00000
473144063	 1.00000	 0.00000	 1.00000	 1.00000
474128144	 0.00009	 0.00000	 0.01552	 1.00000
475056290	 0.00009	 0.00000	 0.01552	 1.00000
477326187	 0.00009	 0.00000	 0.01552	 1.00000
478190800	 1.00000	 0.00000	 1.00000	 1.00000
478606913	 0.00009	 0.00000	 0.01552	 1.00000
478640581	 0.00001	 0.00000	 0.00512	 1.00000
483534343	 0.00009	 0.00000	 0.01552	 1.00000
484164076	 0.99926	 0.00000	 1.00000	 1.00000
485266596	 0.00009	 0.00000	 0.01552	 1.00000
487110460	 0.00009	 0.00000	 0.01552	 1.00000
489350057	 0.00009	 0.00000	 0.01552	 1.00000
489871918	 1.00000	 0.00000	 1.00000	 1.00000
491888935	 1.00000	 0.00000	 1.00000	 1.00000
493206648	 0.00009	 0.00000	 0.01552	 1.00000
493353561	 1.00000	 0.00000	 1.00000	 1.00000
493390391	 0.00009	 0.00000	 0.01552	 1.00000
494347929	 0.00009	 0.00000	 0.01552	 1.00000
494382864	 0.00009	 0.00000	 0.01552	 1.00000
495732252	 0.00009	 0.00000	 0.01552	 1.00000
497242274	 0.00009	 0.00000	 0.01552	 1.00000
497259005	 1.00000	 0.00000	 1.00000	 1.00000
503324991	 0.00001	 0.00000	 0.00512	 1.00000
506413110	 0.99926	 0.00000	 1.00000	 1.00000
512918736	 0.00009	 0.00000	 0.01552	 1.00000
513654617	 0.00009	 0.00000	 0.01552	 1.00000
514840946	 1.00000	 0.00000	 1.00000	 1.00000
515969373	 0.00009	 0.00000	 0.01552	 1.00000
517790132	 1.00000	 0.00000	 1.00000	 1.00000
517887571	 0.00009	 0.00000	 0.01552	 1.00000
517998358	 0.00009	 0.00000	 0.01552	 1.00000
526346146	 0.00009	 0.00000	 0.01552	 1.00000
526634380	 0.00009	 0.00000	 0.01552	 1.00000
526832441	 0.00009	 0.00000	 0.01552	 1.00000
527658452	 0.00009	 0.00000	 0.01552	 1.00000
529531887	 0.00009	 0.00000	 0.01552	 1.00000
529589786	 1.00000	 0.00000	 1.00000	 1.00000
529662117	 0.99994	 0.00000	 1.00000	 1.00000
530022198	 0.00009	 0.00000	 0.01552	 1.00000
530867827	 0.00009	 0.00000	 0.01552	 1.00000
531819301	 0.00002	 0.00000	 0.00577	 2.00000
538182130	 0.00009	 0.00000	 0.01552	 1.00000
540295089	 0.00009	 0.00000	 0.01552	 1.00000
542318578	 0.00009	 0.00000	 0.01552	 1.00000
546982225	 0.00009	 0.00000	 0.01552	 1.00000
548419154	 0.00009	 0.00000	 0.01552	 1.00000
548462015	 1.00000	 0.00000	 1.00000	 1.00000
548904363	 0.00009	 0.00000	 0.01552	 1.00000
552241380	 0.00009	 0.00000	 0.01552	 1.00000
552924646	 0.00009	 0.00000	 0.01552	 1.00000
553740112	 0.00000	 0.00000	 0.00256	 2.00000
554656641	 0.00009	 0.00000	 0.01552	 1.00000
559086166	 0.00001	 0.00000	 0.00512	 1.00000
559834779	 0.00009	 0.00000	 0.01552	 1.00000
561648188	 0.00009	 0.00000	 0.01552	 1.00000
564824282	 0.00009	 0.00000	 0.01552	 1.00000
565188105	 0.00001	 0.00000	 0.00512	 1.00000
566665847	 0.00009	 0.00000	 0.01552	 1.00000
569215756	 0.00009	 0.00000	 0.01552	 1.00000
569385980	 0.00001	 0.00000	 0.00512	 1.00000
570919577	 0.00009	 0.00000	 0.01552	 1.00000
574915137	 0.99926	 0.00000	 1.00000	 1.00000
580332073	 0.00001	 0.00000	 0.00512	 1.00000
582068093	 0.00009	 0.00000	 0.01552	 1.00000
585892489	 0.00009	 0.00000	 0.01552	 1.00000
590126491	 0.00004	 0.00000	 0.00776	 2.00000
591951432	 0.00009	 0.00000	 0.01552	 1.00000
594197204	 0.50532	 0.00000	 1.00000	 2.00000
594976909	 0.00009	 0.00000	 0.01552	 1.00000
596829907	 0.00009	 0.00000	 0.01552	 1.00000
597006955	 1.00000	 0.00000	 1.00000	 1.00000
598355535	 1.00000	 0.00000	 1.00000	 1.00000
603118907	 1.00000	 0.00000	 1.00000	 1.00000
603664906	 0.00009	 0.00000	 0.01552	 1.00000
604579484	 1.00000	 0.00000	 1.00000	 1.00000
605773055	 0.00009	 0.00000	 0.01552	 1.00000
607310539	 0.00009	 0.00000	 0.01552	 1.00000
611047103	 0.00002	 0.00000	 0.00577	 2.00000
612057704	 0.00009	 0.00000	 0.01552	 1.00000
613876677	 1.00000	 0.00000	 1.00000	 1.00000
614533257	 0.00009	 0.00000	 0.01552	 1.00000
620557080	 0.00009	 0.00000	 0.01552	 1.00000
621366615	 0.00009	 0.00000	 0.01552	 1.00000
622547156	 0.00009	 0.00000	 0.01552	 1.00000
623121469	 0.00009	 0.00000	 0.01552	 1.00000
624319087	 0.50532	 0.00000	 1.00000	 2.00000
625107544	 0.00009	 0.00000	 0.01552	 1.00000
625186616	 0.00009	 0.00000	 0.01552	 1.00000
625895485	 0.00004	 0.00000	 0.00776	 2.00000
625909084	 0.00009	 0.00000	 0.01552	 1.00000
628638850	 0.00009	 0.00000	 0.01552	 1.00000
632483281	 0.99926	 0.00000	 1.00000	 1.00000
633062866	 0.00009	 0.00000	 0.01552	 1.00000
635864983	 1.00000	 0.00000	 1.00000	 1.00000
701816749	 1.00000	 0.00000	 1.00000	 1.00000
703280531	 0.00009	 0.00000	 0.01552	 1.00000
706011883	 0.00009	 0.00000	 0.01552	 1.00000
712897952	 0.50529	 0.00000	 1.00000	 2.00000
720888721	 0.00009	 0.00000	 0.01552	 1.00000
720896389	 0.50189	 0.00000	 1.00000	 2.00000
723322986	 0.00009	 0.00000	 0.01552	 1.00000
723374119	 0.00009	 0.00000	 0.01552	 1.00000
724702770	 0.00001	 0.00000	 0.00512	 1.00000
726520190	 0.00009	 0.00000	 0.01552	 1.00000
729718663	 1.00000	 0.00000	 1.00000	 1.00000
733377834	 0.00009	 0.00000	 0.01552	 1.00000
734233682	 0.99926	 0.00000	 1.00000	 1.00000
737315912	 0.00009	 0.00000	 0.01552	 1.00000
737687090	 0.00009	 0.00000	 0.01552	 1.00000
737944933	 0.00009	 0.00000	 0.01552	 1.00000
740928906	 0.00009	 0.00000	 0.01552	 1.00000
741680976	 0.99999	 0.00000	 1.00000	 1.00000
744506094	 0.00009	 0.00000	 0.01552	 1.00000
746126184	 1.00000	 0.00000	 1.00000	 1.00000
768440755	 0.00004	 0.00000	 0.00776	 2.00000
770852108	 0.00004	 0.00000	 0.00776	 2.00000
774089767	 1.00000	 0.00000	 1.00000	 1.00000
774638658	 0.00009	 0.00000	 0.01552	 1.00000
776109127	 0.00009	 0.00000	 0.01552	 1.00000
776998171	 0.99926	 0.00000	 1.00000	 1.00000
779069612	 0.00009	 0.00000	 0.01552	 1.00000
785788146	 1.00000	 0.00000	 1.00000	 1.00000
787989258	 1.00000	 0.00000	 1.00000	 1.00000
789025662	 1.00000	 0.00000	 1.00000	 1.00000
790019328	 0.00009	 0.00000	 0.01552	 1.00000
790488312	 0.00009	 0.00000	 0.01552	 1.00000
791987130	 0.00009	 0.00000	 0.01552	 1.00000
796697010	 0.00009	 0.00000	 0.01552	 1.00000
800814109	 0.00001	 0.00000	 0.00512	 1.00000
800830567	 0.00009	 0.00000	 0.01552	 1.00000
801114176	 0.00001	 0.00000	 0.00512	 1.00000
805935860	 0.99672	 0.00000	 1.00000	 1.00000
809293261	 0.00009	 0.00000	 0.01552	 1.00000
809503508	 1.00000	 0.00000	 1.00000	 1.00000
810145062	 0.00009	 0.00000	 0.01552	 1.00000
816539844	 0.00009	 0.00000	 0.01552	 1.00000
827354772	 0.00001	 0.00000	 0.00512	 1.00000
828120944	 0.00009	 0.00000	 0.01552	 1.00000
838993651	 0.99926	 0.00000	 1.00000	 1.00000
842217397	 0.00009	 0.00000	 0.01552	 1.00000
845100644	 0.00009	 0.00000	 0.01552	 1.00000
845600018	 1.00000	 0.00000	 1.00000	 1.00000
848668724	 1.00000	 0.00000	 1.00000	 1.00000
849098418	 0.00009	 0.00000	 0.01552	 1.00000
849356311	 1.00000	 0.00000	 1.00000	 1.00000
849766332	 0.99926	 0.00000	 1.00000	 1.00000
853801490	 0.00001	 0.00000	 0.00512	 1.00000
855242478	 0.00009	 0.00000	 0.01552	 1.00000
855362527	 0.00009	 0.00000	 0.01552	 1.00000
858218017	 0.00004	 0.00000	 0.00776	 2.00000
859116272	 0.00009	 0.00000	 0.01552	 1.00000
860640109	 0.00009	 0.00000	 0.01552	 1.00000
861589381	 0.99982	 0.00000	 1.00000	 2.00000
861763958	 0.00009	 0.00000	 0.01552	 1.00000
861867565	 1.00000	 0.00000	 1.00000	 1.00000
867301220	 0.00009	 0.00000	 0.01552	 1.00000
868300532	 0.00009	 0.00000	 0.01552	 1.00000
872168280	 1.00000	 0.00000	 1.00000	 1.00000
872244828	 0.99999	 0.00000	 1.00000	 1.00000
874759992	 1.00000	 0.00000	 1.00000	 1.00000
874799484	 0.00009	 0.00000	 0.01552	 1.00000
876577478	 1.00000	 0.00000	 1.00000	 1.00000
876922530	 1.00000	 0.00000	 1.00000	 1.00000
880043546	 0.00009	 0.00000	 0.01552	 1.00000
881250415	 0.00009	 0.00000	 0.01552	 1.00000
882359155	 0.00009	 0.00000	 0.01552	 1.00000
883074690	 1.00000	 0.00000	 1.00000	 1.00000
885733891	 1.00000	 0.00000	 1.00000	 1.00000
885861900	 0.00009	 0.00000	 0.01552	 1.00000
887145463	 0.00001	 0.00000	 0.00512	 1.00000
889801698	 1.00000	 0.00000	 1.00000	 1.00000
891633410	 1.00000	 0.00000	 1.00000	 1.00000
894004188	 0.00009	 0.00000	 0.01552	 1.00000
896663095	 0.00009	 0.00000	 0.01552	 1.00000
898294178	 0.00009	 0.00000	 0.01552	 1.00000
907030550	 0.00009	 0.00000	 0.01552	 1.00000
909489690	 0.00009	 0.00000	 0.01552	 1.00000
914172234	 0.00009	 0.00000	 0.01552	 1.00000
915577958	 1.00000	 0.00000	 1.00000	 1.00000
916084236	 1.00000	 0.06998	 1.00000	 3.00000
917960180	 0.00009	 0.00000	 0.01552	 1.00000
920219388	 0.00009	 0.00000	 0.01552	 1.00000
926622782	 0.00009	 0.00000	 0.01552	 1.00000
930449774	 1.00000	 0.00000	 1.00000	 1.00000
937069004	 0.99999	 0.00000	 1.00000	 1.00000
937544070	 0.00001	 0.00000	 0.00512	 1.00000
940827752	 0.50364	 0.00000	 1.00000	 2.00000
942432703	 1.00000	 0.00000	 1.00000	 1.00000
950238002	 0.00009	 0.00000	 0.01552	 1.00000
950472888	 0.00001	 0.00000	 0.00512	 1.00000
961531118	 0.00009	 0.00000	 0.01552	 1.00000
966589987	 0.99926	 0.00000	 1.00000	 1.00000
972241861	 0.00009	 0.00000	 0.01552	 1.00000
979495020	 1.00000	 0.00000	 1.00000	 1.00000
985571118	 0.00009	 0.00000	 0.01552	 1.00000
988105674	 1.00000	 0.00000	 1.00000	 1.00000
995328829	 0.99999	 0.00000	 1.00000	 1.00000
1048888566	 0.00009	 0.00000	 0.01552	 1.00000
1061204708	 1.00000	 0.00000	 1.00000	 1.00000
1061889990	 0.00004	 0.00000	 0.00776	 2.00000
1077085976	 0.00009	 0.00000	 0.01552	 1.00000
1090099826	 0.00009	 0.00000	 0.01552	 1.00000
1090954105	 0.00001	 0.00000	 0.00512	 1.00000
1099655371	 0.00009	 0.00000	 0.01552	 1.00000
1102400054	 1.00000	 0.00000	 1.00000	 1.00000
1128569186	 0.00009	 0.00000	 0.01552	 1.00000
1138178221	 0.00001	 0.00000	 0.00512	 1.00000
1159710516	 0.99926	 0.00000	 1.00000	 1.00000
1163688457	 1.00000	 0.00000	 1.00000	 1.00000
1164948398	 0.00009	 0.00000	 0.01552	 1.00000
1173172111	 0.00009	 0.00000	 0.01552	 1.00000
1173629221	 0.00009	 0.00000	 0.01552	 1.00000
1176698935	 0.00009	 0.00000	 0.01552	 1.00000
1177632823	 0.00009	 0.00000	 0.01552	 1.00000
1180859114	 0.00009	 0.00000	 0.01552	 1.00000
1195458966	 0.00009	 0.00000	 0.01552	 1.00000
1199528678	 0.00009	 0.00000	 0.01552	 1.00000
1214039503	 0.00009	 0.00000	 0.01552	 1.00000
1214519130	 0.00009	 0.00000	 0.01552	 1.00000
1226069869	 0.00001	 0.00000	 0.00512	 1.00000
1230944142	 1.00000	 0.00000	 1.00000	 1.00000
1232085739	 0.00009	 0.00000	 0.01552	 1.00000
1239876290	 0.00009	 0.00000	 0.01552	 1.00000
1255621518	 0.00001	 0.00000	 0.00512	 1.00000
1260594385	 1.00000	 0.00000	 1.00000	 1.00000
1263922741	 0.00009	 0.00000	 0.01552	 1.00000
1279623896	 0.00009	 0.00000	 0.01552	 1.00000
1287251868	 0.00009	 0.00000	 0.01552	 1.00000
1289573240	 0.00001	 0.00000	 0.00512	 1.00000
1290331861	 0.00009	 0.00000	 0.01552	 1.00000
1296505825	 1.00000	 0.00000	 1.00000	 1.00000
1315366111	 0.00009	 0.00000	 0.01552	 1.00000
1317200264	 1.00000	 0.00000	 1.00000	 1.00000
1327987770	 0.00009	 0.00000	 0.01552	 1.00000
1337333888	 0.00009	 0.00000	 0.01552	 1.00000
1342623535	 0.00009	 0.00000	 0.01552	 1.00000
1345827078	 0.00009	 0.00000	 0.01552	 1.00000
1346061889	 0.00009	 0.00000	 0.01552	 1.00000
1352623212	 0.00009	 0.00000	 0.01552	 1.00000
1354586136	 0.00009	 0.00000	 0.01552	 1.00000
1358421498	 0.00009	 0.00000	 0.01552	 1.00000
1368142951	 1.00000	 0.00000	 1.00000	 1.00000
1383470294	 1.00000	 0.00000	 1.00000	 1.00000
1398010159	 0.00009	 0.00000	 0.01552	 1.00000
1405784304	 0.00009	 0.00000	 0.01552	 1.00000
1431738110	 0.00004	 0.00000	 0.00776	 2.00000
1435283252	 0.00009	 0.00000	 0.01552	 1.00000
1436471929	 0.00009	 0.00000	 0.01552	 1.00000
1446532243	 1.00000	 0.00000	 1.00000	 1.00000
1450257787	 0.00009	 0.00000	 0.01552	 1.00000
1466009443	 0.99999	 0.00000	 1.00000	 1.00000
1466184158	 1.00000	 0.00000	 1.00000	 1.00000
1482206677	 0.00009	 0.00000	 0.01552	 1.00000
1483655071	 0.50532	 0.00000	 1.00000	 2.00000
1486674336	 0.99926	 0.00000	 1.00000	 1.00000
1489127930	 0.00009	 0.00000	 0.01552	 1.00000
1489189933	 0.00009	 0.00000	 0.01552	 1.00000
1491910136	 0.00009	 0.00000	 0.01552	 1.00000
1497210949	 0.00009	 0.00000	 0.01552	 1.00000
1513958744	 1.00000	 0.00000	 1.00000	 1.00000
1519643022	 0.00009	 0.00000	 0.01552	 1.00000
1522911458	 0.00001	 0.00000	 0.00512	 1.00000
1526222846	 0.00009	 0.00000	 0.01552	 1.00000
1531520354	 1.00000	 0.00000	 1.00000	 1.00000
1537685870	 0.00004	 0.00000	 0.00776	 2.00000
1542387068	 0.00009	 0.00000	 0.01552	 1.00000
1543945596	 0.00009	 0.00000	 0.01552	 1.00000
1549492992	 0.00009	 0.00000	 0.01552	 1.00000
1563462559	 0.00009	 0.00000	 0.01552	 1.00000
1569928166	 0.00009	 0.00000	 0.01552	 1.00000
1574106050	 0.00009	 0.00000	 0.01552	 1.00000
1580511860	 0.00004	 0.00000	 0.00776	 2.00000
1589686622	 0.00009	 0.00000	 0.01552	 1.00000
1592317598	 0.00009	 0.00000	 0.01552	 1.00000
1595803782	 1.00000	 0.00000	 1.00000	 1.00000
1597019850	 0.00009	 0.00000	 0.01552	 1.00000
1601751318	 1.00000	 0.00000	 1.00000	 1.00000
1604728908	 1.00000	 0.00000	 1.00000	 1.00000
1615736210	 1.00000	 0.00000	 1.00000	 1.00000
1616425044	 0.00009	 0.00000	 0.01552	 1.00000
1616612162	 0.00009	 0.00000	 0.01552	 1.00000
1620764713	 0.99999	 0.00000	 1.00000	 1.00000
1626389852	 0.99926	 0.00000	 1.00000	 1.00000
1632694070	 0.00009	 0.00000	 0.01552	 1.00000
1633332583	 1.00000	 0.00000	 1.00000	 1.00000
1634008104	 1.00000	 0.00000	 1.00000	 1.00000
1634376882	 0.00009	 0.00000	 0.01552	 1.00000
1646202181	 0.00009	 0.00000	 0.01552	 1.00000
1649812638	 0.00009	 0.00000	 0.01552	 1.00000
1667524124	 0.00009	 0.00000	 0.01552	 1.00000
1667977214	 1.00000	 0.00000	 1.00000	 1.00000
1686211700	 0.00009	 0.00000	 0.01552	 1.00000
1686667423	 0.00009	 0.00000	 0.01552	 1.00000
1688241835	 0.00009	 0.00000	 0.01552	 1.00000
1692290618	 0.00001	 0.00000	 0.00512	 1.00000
1693894483	 1.00000	 0.00000	 1.00000	 1.00000
1694885834	 0.00009	 0.00000	 0.01552	 1.00000
1706302074	 1.00000	 0.00000	 1.00000	 1.00000
1707921432	 1.00000	 0.00000	 1.00000	 1.00000
1713104868	 0.00009	 0.00000	 0.01552	 1.00000
1718752172	 0.99999	 0.00000	 1.00000	 1.00000
1720577838	 0.00009	 0.00000	 0.01552	 1.00000
1730214060	 0.00009	 0.00000	 0.01552	 1.00000
1849056896	 1.00000	 0.00000	 1.00000	 1.00000
1851877248	 0.00009	 0.00000	 0.01552	 1.00000
1852285699	 0.00009	 0.00000	 0.01552	 1.00000
1869676807	 1.00000	 0.00000	 1.00000	 1.00000
1877589422	 1.00000	 0.00000	 1.00000	 1.00000
1885075232	 1.00000	 0.00000	 1.00000	 1.00000
1899031500	 0.00009	 0.00000	 0.01552	 1.00000
1901735065	 0.99999	 0.00000	 1.00000	 1.00000
1905926660	 0.00009	 0.00000	 0.01552	 1.00000
1913235571	 0.00009	 0.00000	 0.01552	 1.00000
1920598429	 0.00001	 0.00000	 0.00512	 1.00000
1925211558	 0.00009	 0.00000	 0.01552	 1.00000
1938025374	 0.00009	 0.00000	 0.01552	 1.00000
1948566475	 0.00009	 0.00000	 0.01552	 1.00000
1950405018	 0.00009	 0.00000	 0.01552	 1.00000
1964213550	 0.00009	 0.00000	 0.01552	 1.00000
2147566472	 0.00009	 0.00000	 0.01552	 1.00000
2152066915	 1.00000	 0.00000	 1.00000	 1.00000
2155795262	 0.00009	 0.00000	 0.01552	 1.00000
2159250657	 0.00002	 0.00000	 0.00387	 4.00000
2169978384	 0.00009	 0.00000	 0.01552	 1.00000
2171200586	 0.00002	 0.00000	 0.00577	 2.00000
2179916998	 1.00000	 0.00000	 1.00000	 1.00000
2180912208	 1.00000	 0.00000	 1.00000	 1.00000
2188423838	 0.00009	 0.00000	 0.01552	 1.00000
2189464248	 0.00009	 0.00000	 0.01552	 1.00000
2204005584	 0.00009	 0.00000	 0.01552	 1.00000
2204413125	 0.00009	 0.00000	 0.01552	 1.00000
2209081703	 0.00000	 0.00000	 0.00362	 1.00000
2211578611	 0.00009	 0.00000	 0.01552	 1.00000
2213270816	 0.00009	 0.00000	 0.01552	 1.00000
2218437631	 0.00009	 0.00000	 0.01552	 1.00000
2226814305	 0.00009	 0.00000	 0.01552	 1.00000
2232243181	 0.00009	 0.00000	 0.01552	 1.00000
2237233028	 0.00009	 0.00000	 0.01552	 1.00000
2240033851	 0.99964	 0.00000	 1.00000	 1.00000
2240411650	 1.00000	 0.00000	 1.00000	 1.00000
2241717492	 0.00002	 0.00000	 0.00577	 2.00000
2243580867	 0.00009	 0.00000	 0.01552	 1.00000
2261011948	 0.00009	 0.00000	 0.01552	 1.00000
2261753683	 0.00009	 0.00000	 0.01552	 1.00000
2262352801	 0.00009	 0.00000	 0.01552	 1.00000
2265526220	 0.00009	 0.00000	 0.01552	 1.00000
2271971665	 1.00000	 0.00000	 1.00000	 1.00000
2275499714	 0.00009	 0.00000	 0.01552	 1.00000
2277954974	 0.00009	 0.00000	 0.01552	 1.00000
2278420015	 0.00009	 0.00000	 0.01552	 1.00000
2279234366	 0.00004	 0.00000	 0.00776	 2.00000
2281093466	 0.00009	 0.00000	 0.01552	 1.00000
2285385102	 0.00002	 0.00000	 0.00387	 4.00000
2293443836	 0.99926	 0.00000	 1.00000	 1.00000
2294762225	 1.00000	 0.00000	 1.00000	 1.00000
2305853304	 1.00000	 0.00000	 1.00000	 1.00000
2306896698	 0.00004	 0.00000	 0.00776	 2.00000
2307356976	 0.00009	 0.00000	 0.01552	 1.00000
2312902755	 1.00000	 0.00000	 1.00000	 1.00000
2313865255	 0.99999	 0.00000	 1.00000	 1.00000
2318980585	 0.00009	 0.00000	 0.01552	 1.00000
2321655144	 0.99926	 0.00000	 1.00000	 1.00000
2324427272	 0.00009	 0.00000	 0.01552	 1.00000
2328934821	 0.00001	 0.00000	 0.00512	 1.00000
2331065239	 0.00009	 0.00000	 0.01552	 1.00000
2332573171	 1.00000	 0.00000	 1.00000	 1.00000
2341450194	 0.00009	 0.00000	 0.01552	 1.00000
2344143396	 1.00000	 0.00000	 1.00000	 1.00000
2351934614	 0.99926	 0.00000	 1.00000	 1.00000
2352007014	 0.00009	 0.00000	 0.01552	 1.00000
2356811455	 1.00000	 0.00000	 1.00000	 1.00000
2359950842	 1.00000	 0.00000	 1.00000	 1.00000
2360120558	 0.99926	 0.00000	 1.00000	 1.00000
2361119752	 0.00009	 0.00000	 0.01552	 1.00000
2364885875	 0.00009	 0.00000	 0.01552	 1.00000
2369640619	 0.00009	 0.00000	 0.01552	 1.00000
2369823705	 1.00000	 0.00000	 1.00000	 1.00000
2375991035	 1.00000	 0.00000	 1.00000	 1.00000
2378933798	 0.00009	 0.00000	 0.01552	 1.00000
2388152238	 0.00009	 0.00000	 0.01552	 1.00000
2391488834	 0.00009	 0.00000	 0.01552	 1.00000
2396835390	 0.00009	 0.00000	 0.01552	 1.00000
2398051825	 0.00009	 0.00000	 0.01552	 1.00000
2400222032	 0.00002	 0.00000	 0.00310	 5.00000
2400642787	 0.00009	 0.00000	 0.01552	 1.00000
2417813899	 1.00000	 0.00000	 1.00000	 1.00000
2418675472	 0.00009	 0.00000	 0.01552	 1.00000
2432364504	 0.00009	 0.00000	 0.01552	 1.00000
2434177682	 1.00000	 0.00000	 1.00000	 1.00000
2441304533	 0.00009	 0.00000	 0.01552	 1.00000
2449017007	 0.00009	 0.00000	 0.01552	 1.00000
2450202811	 0.00009	 0.00000	 0.01552	 1.00000
2452441416	 0.00001	 0.00000	 0.00512	 1.00000
2458410882	 1.00000	 0.00000	 1.00000	 1.00000
2460430386	 0.00009	 0.00000	 0.01552	 1.00000
2470251679	 0.00009	 0.00000	 0.01552	 1.00000
2473491871	 0.00009	 0.00000	 0.01552	 1.00000
2477209663	 0.00009	 0.00000	 0.01552	 1.00000
2481896449	 0.00009	 0.00000	 0.01552	 1.00000
2485624838	 0.00001	 0.00000	 0.00512	 1.00000
2490929974	 0.00009	 0.00000	 0.01552	 1.00000
2492373084	 0.00004	 0.00000	 0.00776	 2.00000
2501457877	 0.00000	 0.00000	 0.00362	 1.00000
2502119573	 0.00009	 0.00000	 0.01552	 1.00000
2505220368	 0.00001	 0.00000	 0.00512	 1.00000
2505411212	 0.00001	 0.00000	 0.00512	 1.00000
2510690649	 0.00009	 0.00000	 0.01552	 1.00000
2514617215	 0.99999	 0.00000	 1.00000	 1.00000
2523381109	 0.00009	 0.00000	 0.01552	 1.00000
2527413953	 0.00001	 0.00000	 0.00512	 1.00000
2543733635	 1.00000	 0.00000	 1.00000	 1.00000
2544931616	 1.00000	 0.00000	 1.00000	 1.00000
2545158476	 0.00009	 0.00000	 0.01552	 1.00000
2561092394	 0.00009	 0.00000	 0.01552	 1.00000
2561219343	 1.00000	 0.00000	 1.00000	 1.00000
2570899069	 0.00001	 0.00000	 0.00512	 1.00000
2573993621	 0.50532	 0.00000	 1.00000	 2.00000
2577483337	 0.00009	 0.00000	 0.01552	 1.00000
2580888462	 0.00009	 0.00000	 0.01552	 1.00000
2586677318	 0.00009	 0.00000	 0.01552	 1.00000
2589021392	 0.00004	 0.00000	 0.00776	 2.00000
2590158744	 0.00001	 0.00000	 0.00512	 1.00000
2592410190	 0.00009	 0.00000	 0.01552	 1.00000
2599740468	 0.00009	 0.00000	 0.01552	 1.00000
2608786214	 0.00009	 0.00000	 0.01552	 1.00000
2617978210	 1.00000	 0.00000	 1.00000	 1.00000
2628868193	 0.00009	 0.00000	 0.01552	 1.00000
2644662328	 0.00009	 0.00000	 0.01552	 1.00000
2659335685	 0.00009	 0.00000	 0.01552	 1.00000
2661849196	 1.00000	 0.00000	 1.00000	 1.00000
2686603998	 0.00009	 0.00000	 0.01552	 1.00000
2691058077	 0.00001	 0.00000	 0.00512	 1.00000
2705341464	 0.00009	 0.00000	 0.01552	 1.00000
2705400409	 0.11967	 0.00000	 0.31912	 8.00000
2706281318	 0.00004	 0.00000	 0.00776	 2.00000
2718344363	 0.00009	 0.00000	 0.01552	 1.00000
2728536772	 1.00000	 0.00000	 1.00000	 1.00000
2732987812	 0.00009	 0.00000	 0.01552	 1.00000
2735511486	 0.00009	 0.00000	 0.01552	 1.00000
2736241034	 0.00009	 0.00000	 0.01552	 1.00000
2738650720	 0.99999	 0.00000	 1.00000	 1.00000
2745843354	 0.00004	 0.00000	 0.00776	 2.00000
2748031264	 0.00009	 0.00000	 0.01552	 1.00000
2751089602	 0.99926	 0.00000	 1.00000	 1.00000
2756724797	 0.00009	 0.00000	 0.01552	 1.00000
2764389694	 0.00009	 0.00000	 0.01552	 1.00000
2768377624	 0.00009	 0.00000	 0.01552	 1.00000
2779289499	 0.00009	 0.00000	 0.01552	 1.00000
2781101531	 0.00009	 0.00000	 0.01552	 1.00000
2785682992	 0.00004	 0.00000	 0.00776	 2.00000
2788278833	 0.00009	 0.00000	 0.01552	 1.00000
2801806555	 0.99926	 0.00000	 1.00000	 1.00000
2813255756	 0.00004	 0.00000	 0.00776	 2.00000
2816214047	 1.00000	 0.00000	 1.00000	 1.00000
2823620637	 0.99328	 0.00000	 1.00000	 1.00000
2824662074	 0.00009	 0.00000	 0.01552	 1.00000
2827241047	 0.00002	 0.00000	 0.00577	 2.00000
2830797981	 0.00009	 0.00000	 0.01552	 1.00000
2834669914	 0.00009	 0.00000	 0.01552	 1.00000
2835156525	 0.00009	 0.00000	 0.01552	 1.00000
2840588775	 0.00009	 0.00000	 0.01552	 1.00000
2841629123	 0.00001	 0.00000	 0.00512	 1.00000
2841714842	 0.00009	 0.00000	 0.01552	 1.00000
2845674483	 0.00009	 0.00000	 0.01552	 1.00000
2847845765	 0.00009	 0.00000	 0.01552	 1.00000
2848916633	 0.00009	 0.00000	 0.01552	 1.00000
2853443310	 0.00009	 0.00000	 0.01552	 1.00000
2864286790	 0.00009	 0.00000	 0.01552	 1.00000
2873806249	 0.99994	 0.00000	 1.00000	 1.00000
2883812893	 0.00001	 0.00000	 0.00512	 1.00000
2887621707	 0.99926	 0.00000	 1.00000	 1.00000
2888130025	 0.00009	 0.00000	 0.01552	 1.00000
2888140440	 0.00009	 0.00000	 0.01552	 1.00000
2892620320	 0.00009	 0.00000	 0.01552	 1.00000
2892916607	 0.00009	 0.00000	 0.01552	 1.00000
2893106724	 0.00009	 0.00000	 0.01552	 1.00000
2899989818	 0.00009	 0.00000	 0.01552	 1.00000
2906449706	 1.00000	 0.00000	 1.00000	 1.00000
2906473932	 0.00009	 0.00000	 0.01552	 1.00000
2908079973	 0.00003	 0.00000	 0.00517	 3.00000
2911587582	 0.00009	 0.00000	 0.01552	 1.00000
2919907586	 0.00009	 0.00000	 0.01552	 1.00000
2920073241	 0.00009	 0.00000	 0.01552	 1.00000
2921658483	 0.00009	 0.00000	 0.01552	 1.00000
2933057674	 1.00000	 0.00000	 1.00000	 1.00000
2937795501	 1.00000	 0.00000	 1.00000	 1.00000
2938836400	 0.99926	 0.00000	 1.00000	 1.00000
2954126483	 0.99926	 0.00000	 1.00000	 1.00000
2955223171	 1.00000	 0.00000	 1.00000	 2.00000
2963495763	 0.00009	 0.00000	 0.01552	 1.00000
2974123513	 0.00009	 0.00000	 0.01552	 1.00000
2975128737	 0.00009	 0.00000	 0.01552	 1.00000
2979317607	 0.99999	 0.00000	 1.00000	 1.00000
2984606411	 1.00000	 0.00000	 1.00000	 1.00000
2988592659	 0.00004	 0.00000	 0.00776	 2.00000
2990564978	 0.00009	 0.00000	 0.01552	 1.00000
2990645205	 0.00009	 0.00000	 0.01552	 1.00000
2994054777	 0.00009	 0.00000	 0.01552	 1.00000
2994572585	 0.94740	 0.00000	 1.00000	 1.00000
2997560407	 0.50530	 0.00000	 1.00000	 2.00000
2999377302	 0.00009	 0.00000	 0.01552	 1.00000
3000430698	 1.00000	 0.00000	 1.00000	 1.00000
3001802674	 0.00009	 0.00000	 0.01552	 1.00000
3001970003	 1.00000	 0.00000	 1.00000	 1.00000
3003824619	 0.00009	 0.00000	 0.01552	 1.00000
3005641411	 1.00000	 0.00000	 1.00000	 2.00000
3018405124	 0.00009	 0.00000	 0.01552	 1.00000
3025609689	 0.00009	 0.00000	 0.01552	 1.00000
3031490570	 0.00009	 0.00000	 0.01552	 1.00000
3035315280	 0.00001	 0.00000	 0.00511	 1.00000
3051087726	 0.00009	 0.00000	 0.01552	 1.00000
3052668659	 0.00009	 0.00000	 0.01552	 1.00000
3053988090	 0.00009	 0.00000	 0.01552	 1.00000
3062759642	 0.00009	 0.00000	 0.01552	 1.00000
3063990535	 1.00000	 0.00000	 1.00000	 1.00000
3066709410	 1.00000	 0.00000	 1.00000	 1.00000
3068200581	 0.00001	 0.00000	 0.00512	 1.00000
3092606659	 0.00009	 0.00000	 0.01552	 1.00000
3097122456	 1.00000	 0.00000	 1.00000	 1.00000
3097763777	 0.00001	 0.00000	 0.00512	 1.00000
3113809773	 1.00000	 0.00000	 1.00000	 1.00000
3116027374	 0.00009	 0.00000	 0.01552	 1.00000
3122554262	 0.99926	 0.00000	 1.00000	 1.00000
3122691745	 0.00009	 0.00000	 0.01552	 1.00000
3127933329	 0.00009	 0.00000	 0.01552	 1.00000
3131172239	 0.00009	 0.00000	 0.01552	 1.00000
3131786398	 0.00009	 0.00000	 0.01552	 1.00000
3153933013	 0.00009	 0.00000	 0.01552	 1.00000
3162003637	 0.00009	 0.00000	 0.01552	 1.00000
3167005084	 0.00004	 0.00000	 0.00776	 2.00000
3179337843	 0.00009	 0.00000	 0.01552	 1.00000
3187227260	 1.00000	 0.00000	 1.00000	 1.00000
3188024820	 1.00000	 0.00000	 1.00000	 1.00000
3192540098	 0.00009	 0.00000	 0.01552	 1.00000
3192847179	 0.00009	 0.00000	 0.01552	 1.00000
3197757102	 0.99999	 0.00000	 1.00000	 1.00000
3203228867	 0.00009	 0.00000	 0.01552	 1.00000
3208810373	 0.00009	 0.00000	 0.01552	 1.00000
3225157877	 0.00009	 0.00000	 0.01552	 1.00000
3226636944	 0.00009	 0.00000	 0.01552	 1.00000
3227709091	 0.00009	 0.00000	 0.01552	 1.00000
3227742764	 0.00009	 0.00000	 0.01552	 1.00000
3227859019	 0.00009	 0.00000	 0.01552	 1.00000
3232163833	 0.99964	 0.00000	 1.00000	 1.00000
3233963871	 0.00009	 0.00000	 0.01552	 1.00000
3235900158	 0.00009	 0.00000	 0.01552	 1.00000
3236114473	 0.00009	 0.00000	 0.01552	 1.00000
3236538069	 0.00009	 0.00000	 0.01552	 1.00000
3240756424	 0.00001	 0.00000	 0.00512	 1.00000
3248207436	 0.99926	 0.00000	 1.00000	 1.00000
3249267995	 1.00000	 0.00000	 1.00000	 1.00000
3249365168	 0.00001	 0.00000	 0.00512	 1.00000
3259246724	 0.00009	 0.00000	 0.01552	 1.00000
3267328837	 0.99999	 0.00000	 1.00000	 1.00000
3269556876	 0.00009	 0.00000	 0.01552	 1.00000
3270478568	 0.99926	 0.00000	 1.00000	 1.00000
3272318384	 0.00009	 0.00000	 0.01552	 1.00000
3274947908	 1.00000	 0.00000	 1.00000	 1.00000
3279521922	 0.00003	 0.00000	 0.00517	 3.00000
3279690919	 1.00000	 0.00000	 1.00000	 1.00000
3280169443	 0.00009	 0.00000	 0.01552	 1.00000
3281013530	 1.00000	 0.00000	 1.00000	 1.00000
3289721230	 0.50189	 0.00000	 1.00000	 2.00000
3290310954	 0.00009	 0.00000	 0.01552	 1.00000
3291150167	 0.00009	 0.00000	 0.01552	 1.00000
3297022953	 0.00001	 0.00000	 0.00512	 1.00000
3302434720	 0.00009	 0.00000	 0.01552	 1.00000
3304552062	 0.00009	 0.00000	 0.01552	 1.00000
3304707405	 0.00003	 0.00000	 0.00517	 3.00000
3308822353	 0.99997	 0.00000	 1.00000	 1.00000
3309295093	 1.00000	 0.00000	 1.00000	 1.00000
3310493730	 1.00000	 0.00000	 1.00000	 1.00000
3311259735	 0.00001	 0.00000	 0.00512	 1.00000
3318042073	 0.00004	 0.00000	 0.00776	 2.00000
3318285273	 0.00009	 0.00000	 0.01552	 1.00000
3319300318	 0.00009	 0.00000	 0.01552	 1.00000
3321952723	 0.00001	 0.00000	 0.00512	 1.00000
3325149183	 0.00009	 0.00000	 0.01552	 1.00000
3327890650	 0.00009	 0.00000	 0.01552	 1.00000
3328134453	 0.00000	 0.00000	 0.00362	 1.00000
3345860475	 0.00002	 0.00000	 0.00427	 3.00000
3351751697	 0.00009	 0.00000	 0.01552	 1.00000
3353062653	 0.00009	 0.00000	 0.01552	 1.00000
3357694793	 0.00009	 0.00000	 0.01552	 1.00000
3364200492	 0.00009	 0.00000	 0.01552	 1.00000
3365767373	 0.00009	 0.00000	 0.01552	 1.00000
3368116613	 0.00009	 0.00000	 0.01552	 1.00000
3374199208	 0.00004	 0.00000	 0.00776	 2.00000
3377313033	 0.00009	 0.00000	 0.01552	 1.00000
3383186015	 0.00009	 0.00000	 0.01552	 1.00000
3388724805	 0.99999	 0.00000	 1.00000	 1.00000
3390324809	 0.00001	 0.00000	 0.00512	 1.00000
3406085129	 1.00000	 0.00000	 1.00000	 1.00000
3407832663	 0.00009	 0.00000	 0.01552	 1.00000
3408555129	 0.00009	 0.00000	 0.01552	 1.00000
3409560454	 0.00009	 0.00000	 0.01552	 1.00000
3410838076	 0.00004	 0.00000	 0.00776	 2.00000
3411514611	 0.00009	 0.00000	 0.01552	 1.00000
3413490063	 0.00009	 0.00000	 0.01552	 1.00000
3416100945	 0.00009	 0.00000	 0.01552	 1.00000
3416505311	 1.00000	 0.00000	 1.00000	 1.00000
3428561847	 0.00009	 0.00000	 0.01552	 1.00000
3435940588	 0.00009	 0.00000	 0.01552	 1.00000
3443212698	 1.00000	 0.00000	 1.00000	 1.00000
3481965513	 0.00009	 0.00000	 0.01552	 1.00000
3494703736	 0.00001	 0.00000	 0.00512	 1.00000
3510859393	 1.00000	 0.00000	 1.00000	 1.00000
3520100131	 0.00009	 0.00000	 0.01552	 1.00000
3523359616	 0.00009	 0.00000	 0.01552	 1.00000
3551147605	 0.95568	 0.00000	 1.00000	 1.00000
3587026819	 0.00009	 0.00000	 0.01552	 1.00000
3600854833	 1.00000	 0.00000	 1.00000	 1.00000
3626710458	 0.00001	 0.00000	 0.00512	 1.00000
3647712853	 0.00004	 0.00000	 0.00776	 2.00000
3677116759	 1.00000	 0.00000	 1.00000	 1.00000
3677681712	 1.00000	 0.00000	 1.00000	 1.00000
3711802576	 0.00009	 0.00000	 0.01561	 1.00000
3718430115	 0.00004	 0.00000	 0.00776	 2.00000
3739242975	 0.00009	 0.00000	 0.01552	 1.00000
3749624055	 0.00009	 0.00000	 0.01552	 1.00000
3757015887	 0.99999	 0.00000	 1.00000	 1.00000
3766084042	 0.00009	 0.00000	 0.01552	 1.00000
3773204536	 0.00009	 0.00000	 0.01552	 1.00000
3836008983	 0.00009	 0.00000	 0.01552	 1.00000
3840190345	 0.00009	 0.00000	 0.01552	 1.00000
3844429943	 0.99999	 0.00000	 1.00000	 1.00000
3848127081	 0.00009	 0.00000	 0.01552	 1.00000
3852786437	 0.00009	 0.00000	 0.01552	 1.00000
3881432236	 0.00009	 0.00000	 0.01552	 1.00000
3882457513	 0.00001	 0.00000	 0.00512	 1.00000
3897464233	 1.00000	 0.00000	 1.00000	 1.00000
3904868183	 0.00009	 0.00000	 0.01552	 1.00000
3945784187	 1.00000	 0.00000	 1.00000	 1.00000
3964798105	 1.00000	 0.00000	 1.00000	 1.00000
3970662381	 0.99926	 0.00000	 1.00000	 1.00000
3981286753	 0.00009	 0.00000	 0.01552	 1.00000
3991146975	 0.00009	 0.00000	 0.01552	 1.00000
4006064986	 0.00009	 0.00000	 0.01552	 1.00000
4013935876	 0.00001	 0.00000	 0.00512	 1.00000
4019044937	 1.00000	 0.00000	 1.00000	 1.00000
4020301643	 0.00009	 0.00000	 0.01552	 1.00000
4030101496	 0.00009	 0.00000	 0.01552	 1.00000
4033524503	 0.00009	 0.00000	 0.01552	 1.00000
4040707780	 1.00000	 0.00000	 1.00000	 1.00000
4043211749	 0.00009	 0.00000	 0.01552	 1.00000
4049576441	 0.00009	 0.00000	 0.01552	 1.00000
4063985534	 0.00001	 0.00000	 0.00512	 1.00000
4078501216	 1.00000	 0.00000	 1.00000	 1.00000
4104163753	 0.00009	 0.00000	 0.01552	 1.00000
4114836339	 0.00009	 0.00000	 0.01552	 1.00000
4128428715	 0.50532	 0.00000	 1.00000	 2.00000
4138287255	 1.00000	 0.00000	 1.00000	 1.00000
4146731715	 0.00009	 0.00000	 0.01552	 1.00000
4152186418	 0.00009	 0.00000	 0.01552	 1.00000
4159834421	 0.00001	 0.00000	 0.00512	 1.00000
4168866500	 0.00009	 0.00000	 0.01552	 1.00000
4173995062	 0.00009	 0.00000	 0.01552	 1.00000
4180736069	 0.00004	 0.00000	 0.00776	 2.00000
4181952793	 0.00009	 0.00000	 0.01552	 1.00000
4183143615	 0.00009	 0.00000	 0.01552	 1.00000
4228788018	 0.99926	 0.00000	 1.00000	 1.00000
4239434446	 1.00000	 0.00000	 1.00000	 2.00000
4246265843	 0.99926	 0.00000	 1.00000	 1.00000
4247374520	 1.00000	 0.00000	 1.00000	 1.00000
4250627292	 1.00000	 0.00000	 1.00000	 1.00000
4267916175	 1.00000	 0.00000	 1.00000	 1.00000
4278990323	 0.50532	 0.00000	 1.00000	 2.00000
4279395148	 0.00009	 0.00000	 0.01552	 1.00000
4289641311	 0.00009	 0.00000	 0.01552	 1.00000
4315030821	 0.00009	 0.00000	 0.01552	 1.00000
4418684392	 1.00000	 0.00000	 1.00000	 1.00000
4430663661	 0.00002	 0.00000	 0.00577	 2.00000
4444524389	 0.00009	 0.00000	 0.01552	 1.00000
4445570548	 0.00009	 0.00000	 0.01552	 1.00000
4446582923	 1.00000	 0.00000	 1.00000	 1.00000
4450219454	 0.00009	 0.00000	 0.01552	 1.00000
4465911554	 0.00009	 0.00000	 0.01552	 1.00000
4494198912	 0.00001	 0.00000	 0.00512	 1.00000
4498388553	 0.00009	 0.00000	 0.01552	 1.00000
4516076294	 0.00001	 0.00000	 0.00512	 1.00000
4517852294	 0.00009	 0.00000	 0.01552	 1.00000
4558464674	 0.00009	 0.00000	 0.01552	 1.00000
4572003196	 0.00009	 0.00000	 0.01552	 1.00000
4579781073	 0.00001	 0.00000	 0.00512	 1.00000
4597458922	 0.00009	 0.00000	 0.01552	 1.00000
4604535500	 0.00009	 0.00000	 0.01552	 1.00000
4605113535	 1.00000	 0.00000	 1.00000	 1.00000
4618243393	 0.99926	 0.00000	 1.00000	 1.00000
4627478657	 0.00009	 0.00000	 0.01552	 1.00000
4656593181	 0.00009	 0.00000	 0.01552	 1.00000
4694916865	 1.00000	 0.00000	 1.00000	 1.00000
4698996900	 1.00000	 0.00000	 1.00000	 1.00000
4709207659	 1.00000	 0.00000	 1.00000	 1.00000
4713599028	 0.00004	 0.00000	 0.00776	 2.00000
4726269672	 1.00000	 0.00000	 1.00000	 1.00000
4727243393	 0.00009	 0.00000	 0.01552	 1.00000
4730471726	 0.00009	 0.00000	 0.01552	 1.00000
4738332976	 0.00009	 0.00000	 0.01552	 1.00000
4746283777	 1.00000	 0.00000	 1.00000	 1.00000
4756079962	 0.00009	 0.00000	 0.01552	 1.00000
4764147275	 0.00001	 0.00000	 0.00512	 1.00000
4764967337	 0.00009	 0.00000	 0.01552	 1.00000
4765070485	 1.00000	 0.00000	 1.00000	 1.00000
4769955501	 0.00009	 0.00000	 0.01552	 1.00000
4774054333	 1.00000	 0.00000	 1.00000	 1.00000
4806764593	 0.00009	 0.00000	 0.01552	 1.00000
4811468848	 0.00009	 0.00000	 0.01552	 1.00000
4835364989	 1.00000	 0.00000	 1.00000	 1.00000
4836143874	 0.00000	 0.00000	 0.00362	 1.00000
4840244240	 1.00000	 0.00000	 1.00000	 1.00000
4847093356	 0.00009	 0.00000	 0.01552	 1.00000
4847860834	 0.00009	 0.00000	 0.01552	 1.00000
4848582303	 0.00009	 0.00000	 0.01552	 1.00000
4853722617	 1.00000	 0.00000	 1.00000	 1.00000
4856364013	 0.99982	 0.00000	 1.00000	 1.00000
4857709263	 0.00009	 0.00000	 0.01552	 1.00000
4862370040	 0.00001	 0.00000	 0.00512	 1.00000
4864402683	 0.00009	 0.00000	 0.01552	 1.00000
4870766967	 0.00009	 0.00000	 0.01552	 1.00000
4872101783	 0.00009	 0.00000	 0.01552	 1.00000
4875138089	 1.00000	 0.00000	 1.00000	 1.00000
4875467190	 0.00009	 0.00000	 0.01552	 1.00000
4875977234	 0.00009	 0.00000	 0.01552	 1.00000
4879012271	 1.00000	 0.00000	 1.00000	 1.00000
4883726679	 1.00000	 0.00000	 1.00000	 1.00000
4884913213	 0.00009	 0.00000	 0.01552	 1.00000
4885515275	 0.00009	 0.00000	 0.01552	 1.00000
4886213447	 0.00009	 0.00000	 0.01552	 1.00000
4886272079	 0.00009	 0.00000	 0.01552	 1.00000
4898400250	 0.00009	 0.00000	 0.01552	 1.00000
4902369955	 0.00009	 0.00000	 0.01552	 1.00000
4910904309	 0.00009	 0.00000	 0.01552	 1.00000
4913189221	 1.00000	 0.00000	 1.00000	 1.00000
4921565266	 0.00009	 0.00000	 0.01552	 1.00000
4922868578	 1.00000	 0.00000	 1.00000	 1.00000
700478433889882112	 0.00009	 0.00000	 0.01552	 1.00000
701191479654481923	 0.00001	 0.00000	 0.00512	 1.00000
701950741100027904	 0.00009	 0.00000	 0.01552	 1.00000
702086090082144256	 0.00009	 0.00000	 0.01552	 1.00000
702231016023265280	 0.00004	 0.00000	 0.00776	 2.00000
702297745181245441	 0.00000	 0.00000	 0.00362	 1.00000
702934116220559360	 1.00000	 0.00000	 1.00000	 1.00000
702956290327355393	 0.00009	 0.00000	 0.01552	 1.00000
703681242429046784	 0.50364	 0.00000	 1.00000	 2.00000
703747970756427780	 0.00002	 0.00000	 0.00577	 2.00000
703826648987086848	 0.00009	 0.00000	 0.01552	 1.00000
704094904595705857	 0.99991	 0.00000	 1.00000	 2.00000
704828264821321728	 1.00000	 0.00000	 1.00000	 1.00000
705169102290165760	 0.00001	 0.00000	 0.00512	 1.00000
705188226827333632	 0.00009	 0.00000	 0.01552	 1.00000
705278799030538240	 0.00009	 0.00000	 0.01552	 1.00000
705499966433787904	 0.99999	 0.00000	 1.00000	 1.00000
705521746280128514	 0.99964	 0.00000	 1.00000	 1.00000
705588317258055680	 0.00009	 0.00000	 0.01552	 1.00000
705690189352583168	 0.00009	 0.00000	 0.01552	 1.00000
706152791031488512	 1.00000	 0.00000	 1.00000	 1.00000
706180554673106944	 0.00001	 0.00000	 0.00512	 1.00000
706199418358382592	 0.00009	 0.00000	 0.01552	 1.00000
706207022941868033	 1.00000	 0.00000	 1.00000	 1.00000
706209304378896384	 0.99982	 0.00000	 1.00000	 2.00000
706389399785705474	 0.00009	 0.00000	 0.01552	 1.00000
706542798724444160	 0.00009	 0.00000	 0.01552	 1.00000
706551718742372352	 1.00000	 0.00000	 1.00000	 1.00000
706714132762918912	 0.00009	 0.00000	 0.01552	 1.00000
707253890299744256	 0.99999	 0.00000	 1.00000	 1.00000
707273903006068736	 0.99328	 0.00000	 1.00000	 1.00000
707310778055929856	 1.00000	 0.00000	 1.00000	 1.00000
707337288615895040	 0.00009	 0.00000	 0.01552	 1.00000
707591424200445952	 0.00009	 0.00000	 0.01552	 1.00000
707626622900371456	 0.00009	 0.00000	 0.01552	 1.00000
707751140629344256	 0.99926	 0.00000	 1.00000	 1.00000
708300644487016448	 1.00000	 0.00000	 1.00000	 1.00000
708421220799266820	 0.00009	 0.00000	 0.01552	 1.00000
708703657840287744	 0.00009	 0.00000	 0.01552	 1.00000
709119509378965504	 0.00009	 0.00000	 0.01552	 1.00000
709462701693493248	 1.00000	 0.00000	 1.00000	 1.00000
709532601032286209	 0.00009	 0.00000	 0.01552	 1.00000
709894499070300161	 0.99999	 0.00000	 1.00000	 1.00000
709969877344378880	 0.00001	 0.00000	 0.00512	 1.00000
710088641243123712	 0.00009	 0.00000	 0.01552	 1.00000
710141541440851970	 0.00001	 0.00000	 0.00512	 1.00000
710850019222421504	 0.00009	 0.00000	 0.01552	 1.00000
711088265286168576	 0.99926	 0.00000	 1.00000	 1.00000
711145044154122240	 0.99994	 0.00000	 1.00000	 1.00000
711305198421946368	 1.00000	 0.00000	 1.00000	 1.00000
711604246404317184	 0.00009	 0.00000	 0.01552	 1.00000
711857836268113922	 0.00009	 0.00000	 0.01552	 1.00000
711895741757845504	 1.00000	 0.00000	 1.00000	 2.00000
712262403241746432	 1.00000	 0.00000	 1.00000	 1.00000
712621507290206208	 0.99926	 0.00000	 1.00000	 1.00000
712851170767732737	 0.00009	 0.00000	 0.01552	 1.00000
712970738337099776	 0.00001	 0.00000	 0.00512	 1.00000
713173219801501702	 0.99328	 0.00000	 1.00000	 1.00000
713375286142877696	 0.00009	 0.00000	 0.01552	 1.00000
713394118232117249	 1.00000	 0.00000	 1.00000	 1.00000
713445748239675392	 0.00009	 0.00000	 0.01552	 1.00000
713518956984811522	 0.00009	 0.00000	 0.01552	 1.00000
714497066228178945	 0.00009	 0.00000	 0.01552	 1.00000
714927256473350144	 0.00009	 0.00000	 0.01552	 1.00000
714985182315450368	 0.00009	 0.00000	 0.01552	 1.00000
715043644332511232	 0.00009	 0.00000	 0.01552	 1.00000
715393823728279557	 0.00009	 0.00000	 0.01552	 1.00000
715518415939747841	 1.00000	 0.00000	 1.00000	 1.00000
715970262299254789	 0.00009	 0.00000	 0.01552	 1.00000
715972567807303680	 0.00000	 0.00000	 0.00362	 1.00000
715987525484023809	 0.00009	 0.00000	 0.01552	 1.00000
716005268535001088	 0.00009	 0.00000	 0.01552	 1.00000
716371621380890624	 1.00000	 0.00000	 1.00000	 1.00000
716394248489177088	 0.00009	 0.00000	 0.01552	 1.00000
716712370341588992	 0.00001	 0.00000	 0.00512	 1.00000
716761316476788736	 1.00000	 0.00000	 1.00000	 1.00000
716770229032992768	 0.00009	 0.00000	 0.01552	 1.00000
716817133494280192	 1.00000	 0.00000	 1.00000	 1.00000
717080381153894400	 0.00009	 0.00000	 0.01552	 1.00000
718004031327698944	 0.00004	 0.00000	 0.00776	 2.00000
718119963987456002	 1.00000	 0.00000	 1.00000	 1.00000
718218205202923520	 0.00000	 0.00000	 0.00362	 1.00000
718491195245260800	 0.00009	 0.00000	 0.01552	 1.00000
718849440333828097	 0.00004	 0.00000	 0.00776	 2.00000
719174181322113024	 0.00009	 0.00000	 0.01552	 1.00000
721950741947023360	 0.99926	 0.00000	 1.00000	 1.00000
722130608885895168	 0.00009	 0.00000	 0.01552	 1.00000
722150503371710465	 0.00009	 0.00000	 0.01552	 1.00000
722326109715623937	 1.00000	 0.00000	 1.00000	 1.00000
722606195547054081	 0.00009	 0.00000	 0.01552	 1.00000
722667777534922752	 0.99999	 0.00000	 1.00000	 1.00000
724000486760824833	 0.00009	 0.00000	 0.01552	 1.00000
724315967644295168	 0.00009	 0.00000	 0.01552	 1.00000
725209946393026562	 0.00009	 0.00000	 0.01552	 1.00000
725396766900756481	 0.00001	 0.00000	 0.00512	 1.00000
725523314894999553	 0.00009	 0.00000	 0.01552	 1.00000
725586430081163264	 0.00009	 0.00000	 0.01552	 1.00000
726518562173624320	 0.00009	 0.00000	 0.01552	 1.00000
726533301796765696	 0.00009	 0.00000	 0.01552	 1.00000
727106633575354368	 0.00009	 0.00000	 0.01552	 1.00000
728653876489035776	 0.00001	 0.00000	 0.00512	 1.00000
728705527773995008	 0.00009	 0.00000	 0.01552	 1.00000
728958460713304066	 0.00009	 0.00000	 0.01552	 1.00000
729511958609715204	 0.00004	 0.00000	 0.00776	 2.00000
730202136982781952	 0.00009	 0.00000	 0.01552	 1.00000
730273710310096896	 0.00001	 0.00000	 0.00512	 1.00000
730446841008001024	 0.00001	 0.00000	 0.00512	 1.00000
730490705882288128	 1.00000	 0.00000	 1.00000	 1.00000
731394599952908288	 1.00000	 0.00000	 1.00000	 1.00000
731869622434029568	 1.00000	 0.00000	 1.00000	 1.00000
731883548991467520	 0.00009	 0.00000	 0.01552	 1.00000
731964563231399936	 0.00009	 0.00000	 0.01552	 1.00000
732728326171832320	 1.00000	 0.00000	 1.00000	 1.00000
733467830478245890	 0.97784	 0.00000	 1.00000	 2.00000
733755380220735490	 0.99999	 0.00000	 1.00000	 1.00000
734499689228308482	 1.00000	 0.00000	 1.00000	 1.00000
734566401172766720	 1.00000	 0.00000	 1.00000	 1.00000
734705685284282370	 0.00009	 0.00000	 0.01552	 1.00000
735021834572320768	 0.00009	 0.00000	 0.01552	 1.00000
735203795844599808	 1.00000	 0.00000	 1.00000	 1.00000
735542572332941312	 1.00000	 0.00000	 1.00000	 1.00000
736465029898358784	 0.00009	 0.00000	 0.01552	 1.00000
736616731154731009	 1.00000	 0.00000	 1.00000	 1.00000
737333088590663681	 0.99926	 0.00000	 1.00000	 1.00000
737513401228763136	 0.00009	 0.00000	 0.01552	 1.00000
738054060306272256	 0.00009	 0.00000	 0.01552	 1.00000
738464598735618048	 0.00009	 0.00000	 0.01552	 1.00000
738746968885895168	 1.00000	 0.00000	 1.00000	 1.00000
739400427666440193	 0.00009	 0.00000	 0.01552	 1.00000
740015526609588225	 0.00009	 0.00000	 0.01552	 1.00000
740272229498261505	 0.00009	 0.00000	 0.01552	 1.00000
740379906974978049	 0.00009	 0.00000	 0.01552	 1.00000
740800230661226496	 1.00000	 0.00000	 1.00000	 1.00000
741092772233482241	 0.00009	 0.00000	 0.01552	 1.00000
741212609354039296	 0.00009	 0.00000	 0.01552	 1.00000
741416557675450368	 0.00009	 0.00000	 0.01552	 1.00000
741629442208866304	 0.00009	 0.00000	 0.01552	 1.00000
741732190212395008	 0.00009	 0.00000	 0.01552	 1.00000
741933090390577152	 1.00000	 0.00000	 1.00000	 1.00000
742129940263370753	 0.00001	 0.00000	 0.00512	 1.00000
742379922644041728	 0.00009	 0.00000	 0.01552	 1.00000
742543092901765120	 0.00009	 0.00000	 0.01552	 1.00000
742548298163163140	 1.00000	 0.00000	 1.00000	 1.00000
743247335321272321	 0.00009	 0.00000	 0.01552	 1.00000
743531131622961152	 1.00000	 0.00000	 1.00000	 1.00000
744717045162401793	 0.50364	 0.00000	 1.00000	 2.00000
745202683225595904	 0.00009	 0.00000	 0.01552	 1.00000
745300690524790785	 0.00009	 0.00000	 0.01552	 1.00000
745596884203495424	 1.00000	 0.00000	 1.00000	 1.00000
745674932542025729	 0.00001	 0.00000	 0.00512	 1.00000
746458915697737728	 1.00000	 0.00000	 1.00000	 1.00000
747226566330048514	 0.67385	 0.00000	 1.00000	 3.00000
747944972175958016	 0.00009	 0.00000	 0.01552	 1.00000
747957353107042305	 0.00009	 0.00000	 0.01552	 1.00000
747981703671615489	 0.00009	 0.00000	 0.01552	 1.00000
747987754752020480	 0.00004	 0.00000	 0.00776	 2.00000
748000389258149888	 0.99926	 0.00000	 1.00000	 1.00000
750497641503428608	 0.00009	 0.00000	 0.01552	 1.00000
750868791752593408	 0.00009	 0.00000	 0.01552	 1.00000
750905187783544832	 0.00009	 0.00000	 0.01552	 1.00000
751103056696270848	 0.00009	 0.00000	 0.01552	 1.00000
751284268173660160	 1.00000	 0.00000	 1.00000	 1.00000
751531514211340288	 1.00000	 0.00000	 1.00000	 1.00000
751630413769113601	 0.00009	 0.00000	 0.01552	 1.00000
751930155841445888	 0.00009	 0.00000	 0.01552	 1.00000
753774780759826433	 0.00009	 0.00000	 0.01552	 1.00000
754088992853913602	 0.00009	 0.00000	 0.01552	 1.00000
754710014032351232	 0.00003	 0.00000	 0.00517	 3.00000
754988993838772224	 0.00004	 0.00000	 0.00776	 2.00000
755057200901398528	 0.99926	 0.00000	 1.00000	 1.00000
755223683422162944	 0.00009	 0.00000	 0.01552	 1.00000
756057207687438341	 0.00009	 0.00000	 0.01552	 1.00000
756124598408577024	 0.00009	 0.00000	 0.01552	 1.00000
756532834618183682	 0.00009	 0.00000	 0.01552	 1.00000
756820331331919872	 0.00002	 0.00000	 0.00577	 2.00000
757010505735241728	 0.00009	 0.00000	 0.01552	 1.00000
757268667138727936	 0.00009	 0.00000	 0.01552	 1.00000
757633340031823872	 0.00009	 0.00000	 0.01552	 1.00000
757697650095382528	 0.97775	 0.00000	 1.00000	 2.00000
757734609916424192	 1.00000	 0.00000	 1.00000	 1.00000
757771068107022336	 0.00009	 0.00000	 0.01552	 1.00000
758124295776120832	 1.00000	 0.00000	 1.00000	 1.00000
758412423133073408	 0.00009	 0.00000	 0.01552	 1.00000
758533677668143105	 1.00000	 0.00000	 1.00000	 1.00000
758590061277548544	 0.00009	 0.00000	 0.01552	 1.00000
758729592672653312	 0.00009	 0.00000	 0.01552	 1.00000
758833474274856960	 0.00001	 0.00000	 0.00512	 1.00000
758858618322071552	 0.00009	 0.00000	 0.01552	 1.00000
759023621696139266	 0.00009	 0.00000	 0.01552	 1.00000
759107470283243520	 1.00000	 0.00000	 1.00000	 1.00000
759396501168599044	 1.00000	 0.00000	 1.00000	 1.00000
759784753616805888	 0.99994	 0.00000	 1.00000	 1.00000
760010266251780096	 1.00000	 0.00000	 1.00000	 1.00000
760320816491827200	 0.00009	 0.00000	 0.01552	 1.00000
760593627403857920	 0.95569	 0.00000	 1.00000	 1.00000
760650239560691712	 1.00000	 0.00000	 1.00000	 1.00000
761425819721871361	 0.00002	 0.00000	 0.00577	 2.00000
762354829477965824	 0.00004	 0.00000	 0.00776	 2.00000
762370036149268480	 1.00000	 0.00000	 1.00000	 1.00000
762683032595787776	 0.00009	 0.00000	 0.01552	 1.00000
762784033629614080	 0.00009	 0.00000	 0.01552	 1.00000
763106716581961729	 0.00009	 0.00000	 0.01552	 1.00000
763686911034662913	 0.00009	 0.00000	 0.01552	 1.00000
763729805053493248	 0.00009	 0.00000	 0.01552	 1.00000
763934855080009729	 0.00009	 0.00000	 0.01552	 1.00000
764307049844998144	 0.00009	 0.00000	 0.01552	 1.00000
764383112700633088	 0.00009	 0.00000	 0.01552	 1.00000
764501872564592641	 0.00009	 0.00000	 0.01552	 1.00000
764662076644089856	 0.00009	 0.00000	 0.01552	 1.00000
764725260767768576	 1.00000	 0.00000	 1.00000	 1.00000
765010809202184193	 0.00009	 0.00000	 0.01552	 1.00000
765719354570702848	 0.00001	 0.00000	 0.00512	 1.00000
766393799631405056	 0.00009	 0.00000	 0.01552	 1.00000
766448273695571968	 1.00000	 0.00000	 1.00000	 1.00000
767567215638052864	 0.99999	 0.00000	 1.00000	 1.00000
769046794609233920	 0.00009	 0.00000	 0.01552	 1.00000
769286435425968128	 0.00009	 0.00000	 0.01552	 1.00000
769674878601596928	 0.00009	 0.00000	 0.01552	 1.00000
770040440355774464	 0.00009	 0.00000	 0.01552	 1.00000
770078776701091844	 0.00009	 0.00000	 0.01552	 1.00000
770141984954736640	 0.00009	 0.00000	 0.01552	 1.00000
770313947299909632	 0.99672	 0.00000	 1.00000	 1.00000
771570022548328450	 0.00009	 0.00000	 0.01552	 1.00000
771875860131422208	 0.99926	 0.00000	 1.00000	 1.00000
772085449250725888	 0.00009	 0.00000	 0.01552	 1.00000
772507708788531201	 0.99999	 0.00000	 1.00000	 1.00000
772519457914773504	 0.00009	 0.00000	 0.01552	 1.00000
772520806744293376	 0.00009	 0.00000	 0.01552	 1.00000
