4078501216	1
2294762225	1
271315071	1
1483655071	1
745596884203495424	1
62616337	1
4239434446	1
319972036	1
21994669	1
4840244240	1
889801698	1
439653156	1
2617978210	1
221475570	1
4698996900	1
3249267995	1
702934116220559360	1
4138287255	1
63829580	1
15107398	1
4879012271	1
260837279	1
16452204	1
45253608	1
47019515	1
774089767	1
4040707780	1
930449774	1
704828264821321728	1
979495020	1
758533677668143105	1
3097122456	1
309206948	1
319165351	1
356324005	1
747226566330048514	1
4247374520	1
624319087	1
246328494	2
143496521	2
706209304378896384	2
746126184	2
2434177682	2
2816214047	2
3897464233	2
301170006	2
2375991035	2
3964798105	2
757734609916424192	2
706207022941868033	2
385374360	2
54976839	2
115204116	2
785788146	2
2	3
66788435	3
25128967	3
764725260767768576	3
746458915697737728	3
53739953	3
3063990535	3
3406085129	3
60985267	3
597006955	3
20476170	3
4418684392	3
2937795501	3
3113809773	3
16485255	3
175610607	4
15467680	4
514840946	4
2955223171	4
339574363	4
28167485	4
2240411650	4
41065991	4
19370504	4
2544931616	4
170359315	4
3000430698	4
454774863	4
2179916998	4
497259005	4
883074690	5
1446532243	5
237861624	5
3187227260	5
230826920	5
4446582923	5
711895741757845504	5
1604728908	5
529589786	5
1633332583	5
2458410882	5
707310778055929856	6
1667977214	6
4239434446	6
2180912208	6
25924436	6
3309295093	6
709462701693493248	6
759396501168599044	6
2906449706	6
18067164	6
119099353	7
3677681712	7
2359950842	7
876922530	7
916084236	7
1383470294	7
716817133494280192	7
1163688457	7
3066709410	7
64943336	7
40896353	8
743531131622961152	8
286179981	8
493353561	8
378642998	8
489871918	8
604579484	8
18393418	8
4694916865	8
77888292	9
2573993621	9
2543733635	9
4128428715	9
64290676	9
29190953	9
4250627292	9
19811480	9
874759992	9
759107470283243520	10
594197204	10
4835364989	10
17056659	10
758124295776120832	10
916084236	10
747226566330048514	10
2984606411	10
848668724	11
4267916175	11
1634008104	11
180088970	11
2369823705	11
36820712	11
915577958	11
766448273695571968	11
3310493730	12
2152066915	12
164929903	12
2271971665	12
789025662	12
2728536772	12
738746968885895168	12
112183891	12
23446050	13
2561219343	13
169947789	13
2356811455	13
4746283777	13
722326109715623937	13
4726269672	13
143539322	13
130913742	14
1134681	14
18296251	14
222924153	14
4765070485	14
1531520354	14
729718663	14
1615736210	14
3510859393	15
3677116759	15
1317200264	15
81012099	15
1869676807	15
849356311	15
861867565	15
189134281	15
2661849196	16
751284268173660160	16
155353519	16
3188024820	16
167673022	16
244325923	16
291336460	16
441899740	17
491888935	17
1885075232	17
286410117	17
1707921432	17
635864983	17
1230944142	17
762370036149268480	18
86794987	18
718119963987456002	18
3416505311	18
120025039	18
3945784187	18
300596947	18
1849056896	19
1693894483	19
196699217	19
916084236	19
4774054333	19
292679847	19
209274991	19
613876677	20
885733891	20
2312902755	20
715518415939747841	20
416540142	20
2955223171	20
2332573171	20
731394599952908288	21
1601751318	21
30106118	21
735203795844599808	21
734566401172766720	21
734499689228308482	21
732728326171832320	21
431917957	22
2305853304	22
760010266251780096	22
54773913	22
206522478	22
716761316476788736	22
201903919	23
296285008	23
376876772	23
44449533	23
22919310	23
1368142951	23
4853722617	24
25344612	24
741933090390577152	24
4278990323	24
4709207659	24
708300644487016448	24
288657952	25
286508435	25
713394118232117249	25
37191277	25
4913189221	25
872168280	25
419877907	26
942432703	26
356586598	26
742548298163163140	26
711895741757845504	26
409409307	26
731869622434029568	27
3001970003	27
740800230661226496	27
34173875	27
988105674	27
706152791031488512	27
1	28
861589381	28
733467830478245890	28
809503508	28
548462015	28
18067164	28
751531514211340288	29
603118907	29
3274947908	29
121602322	29
473144063	29
3600854833	29
741732190212395008	30
845600018	31
760650239560691712	31
517790132	31
4605113535	31
3279690919	31
478190800	32
2417813899	32
3005641411	32
50927030	32
37440873	32
135247359	33
4019044937	33
281551999	33
1296505825	33
29854671	33
2344143396	34
469808833	34
16452204	34
3443212698	34
876577478	34
1513958744	35
716371621380890624	35
2933057674	35
735542572332941312	35
1466184158	35
730490705882288128	36
127023136	36
1877589422	36
17753712	36
233042708	36
76915227	37
4875138089	37
249890265	37
598355535	37
712262403241746432	37
24569396	38
1102400054	38
1706302074	38
4922868578	38
706551718742372352	38
891633410	39
18035760	39
1595803782	39
787989258	39
143539322	39
26002750	40
3388724805	40
112251586	40
709894499070300161	40
872244828	41
1718752172	41
3197757102	41
705499966433787904	41
722667777534922752	42
121796667	42
301659223	42
937069004	42
772507708788531201	43
336744713	43
350317017	43
22853555	43
42284908	44
18067164	44
711305198421946368	44
3281013530	44
1466009443	45
995328829	45
23961101	45
1620764713	45
16219150	46
1061204708	46
395961182	46
704094904595705857	46
398726524	47
736616731154731009	47
1260594385	47
3005641411	47
707253890299744256	48
767567215638052864	48
733755380220735490	48
741680976	48
712897952	49
529662117	49
341672333	49
434327962	49
2979317607	50
3844429943	50
2514617215	50
2313865255	50
2997560407	51
21994669	51
14528941	51
3308822353	51
2873806249	52
711145044154122240	52
759784753616805888	52
447163884	52
701816749	53
18067164	53
4883726679	53
115861640	53
1901735065	54
67514751	54
116705429	54
23363470	54
3757015887	55
20430247	55
2738650720	55
3267328837	55
475056290	56
744717045162401793	57
805935860	57
18035760	57
757697650095382528	58
704094904595705857	58
4856364013	58
62312112	59
222931868	59
632483281	59
4246265843	60
2887621707	60
2360120558	60
734233682	61
320726331	61
1159710516	61
861589381	62
3232163833	62
2240033851	62
216433448	63
218751169	63
721950741947023360	63
2994572585	64
2705400409	64
88985843	64
484164076	65
506413110	65
421424775	65
296627383	66
712621507290206208	66
838993651	66
711088265286168576	67
23202327	67
2351934614	67
707751140629344256	68
28958495	68
737333088590663681	68
720896389	69
88245817	69
707273903006068736	69
255164244	70
406695706	70
849766332	70
163783811	71
4618243393	71
2938836400	71
1626389852	72
771875860131422208	72
3270478568	72
86378821	73
2751089602	73
2801806555	73
82748400	74
3122554262	74
776998171	74
69076530	75
2321655144	75
3248207436	75
755057200901398528	76
37499500	76
198276191	76
2954126483	77
47075953	77
103245828	77
703681242429046784	78
28167485	78
770313947299909632	78
49725600	79
706209304378896384	79
705521746280128514	79
940827752	80
17753712	80
16829047	80
4228788018	81
966589987	81
3970662381	81
713173219801501702	82
48866739	82
33410754	82
2293443836	83
1486674336	83
47354540	83
748000389258149888	84
574915137	84
57049338	84
3289721230	85
132722100	85
2823620637	85
76250749	86
139305948	86
192036002	87
3345860475	87
20380935	88
503324991	88
28625375	89
114770420	89
16488766	90
730446841008001024	90
2841629123	91
887145463	91
478640581	92
724702770	92
448510528	93
2883812893	93
4063985534	94
1255621518	94
2691058077	95
705169102290165760	95
409430647	96
3321952723	96
2570899069	97
1289573240	97
16623393	98
1226069869	98
3297022953	99
853801490	99
98275031	100
761425819721871361	100
3390324809	101
206414832	101
33237351	102
553740112	102
241387858	103
19717952	103
569385980	104
710141541440851970	104
745674932542025729	105
19310709	105
580332073	106
343060987	106
22067448	107
360044550	107
715972567807303680	108
703747970756427780	108
2171200586	109
702297745181245441	109
801114176	110
800814109	110
22095997	111
742129940263370753	111
709969877344378880	112
728653876489035776	112
18786414	113
4494198912	113
706180554673106944	114
200697773	114
1522911458	115
2527413953	115
20980360	116
2827241047	116
46962230	117
2485624838	117
53818115	118
4836143874	118
410402655	119
2505411212	119
4862370040	120
765719354570702848	120
760593627403857920	121
733467830478245890	121
422021221	122
2505220368	122
143438881	123
21954702	123
937544070	124
139882262	124
950472888	125
701191479654481923	125
1920598429	126
3626710458	126
3068200581	127
4159834421	127
22564891	128
350650434	128
122567822	129
2590158744	129
3097763777	130
141998341	130
2209081703	131
421153342	131
3882457513	132
4013935876	132
30271700	133
14522241	133
757697650095382528	134
3551147605	134
565188105	135
250832467	135
531819301	136
2501457877	136
827354772	137
53246729	137
20539213	138
16064507	138
162204416	139
611047103	139
192477899	140
36801578	140
3	141
718218205202923520	142
756820331331919872	142
45656857	143
4579781073	143
3311259735	144
716712370341588992	144
4430663661	145
24309304	145
3249365168	146
133996388	146
59511805	147
4516076294	147
725396766900756481	148
155299886	148
66033904	149
3035315280	149
23265082	150
553740112	150
19403608	151
4764147275	151
730273710310096896	152
1138178221	152
2452441416	153
3494703736	153
559086166	154
1692290618	154
61767124	155
3240756424	155
3328134453	156
2241717492	156
4	157
813552882	157
1090954105	158
2328934821	158
712970738337099776	159
758833474274856960	159
2400222032	160
47481937	161
16548855	162
2589021392	163
21612042	164
2988592659	165
751103056696270848	166
907030550	167
718849440333828097	168
477326187	169
3383186015	170
3374199208	171
31067270	172
548419154	173
754988993838772224	174
80640029	175
624319087	176
2341450194	177
4173995062	178
1632694070	179
2864286790	180
3167005084	181
898294178	182
3203228867	183
1199528678	184
258951021	185
569215756	186
3718430115	187
1346061889	188
527658452	189
255517083	190
762683032595787776	191
740015526609588225	192
3416100945	193
4104163753	194
770852108	195
2779289499	196
121341903	197
316271303	198
448856297	199
18179086	200
2545158476	201
741212609354039296	202
724315967644295168	203
531819301	204
716394248489177088	205
275828589	206
14522779	207
407419823	208
2490929974	209
226980627	210
737513401228763136	211
625186616	212
4572003196	213
200585819	214
394288534	215
1176698935	216
329628740	217
714497066228178945	218
41150100	219
703826648987086848	220
734705685284282370	221
2285385102	222
16026053	223
23385747	224
751630413769113601	225
3408555129	226
529531887	227
756820331331919872	228
4921565266	229
605773055	230
4597458922	231
2189464248	232
512918736	233
122428400	234
3153933013	235
235338203	236
548904363	237
403668505	238
301152588	239
716770229032992768	240
64595461	241
1852285699	242
149760705	243
114084933	244
2285385102	245
493390391	246
3304552062	247
2768377624	248
219456394	249
972241861	250
250684495	251
3192540098	252
1563462559	253
736465029898358784	254
564824282	255
3881432236	256
726520190	257
3208810373	258
489350057	259
2237233028	260
2241717492	261
2226814305	262
4558464674	263
24167164	264
139891948	265
1730214060	266
740379906974978049	267
143309709	268
718004031327698944	269
1491910136	270
1327987770	271
2745843354	272
2400222032	273
961531118	274
860640109	275
546982225	276
23841163	277
306534235	278
2963495763	279
2418675472	280
1537685870	281
745300690524790785	282
78201720	283
3410838076	284
190223523	285
19088288	286
91260663	287
305371609	288
21030078	289
526832441	290
715043644332511232	291
27995424	292
1713104868	293
718491195245260800	294
750497641503428608	295
3235900158	296
249741154	297
3647712853	298
705278799030538240	299
181697373	300
35045469	301
623121469	302
368335643	303
4713599028	304
329880387	305
1537685870	306
383523420	307
53818115	308
914172234	309
950238002	310
1597019850	311
769286435425968128	312
2853443310	313
1164948398	314
74501104	315
55732479	316
196644385	317
494382864	318
372022249	319
1431738110	320
2159250657	321
2155795262	322
262865808	323
74169289	324
713375286142877696	325
28882005	326
38902695	327
3766084042	328
896663095	329
32318775	330
64088396	331
2892620320	332
234103674	333
762354829477965824	334
726518562173624320	335
1337333888	336
14522779	337
2892916607	338
320530176	339
2352007014	340
703280531	341
2824662074	342
868300532	343
715393823728279557	344
4870766967	345
4910904309	346
43174993	347
737944933	348
3116027374	349
2261011948	350
195928310	351
1497210949	352
78831504	353
720888721	354
2830797981	355
1232085739	356
494347929	357
447163884	358
64711358	359
495732252	360
159524468	361
1948566475	362
3304707405	363
43317553	364
1173172111	365
48151169	366
4152186418	367
764307049844998144	368
705188226827333632	369
742543092901765120	370
450721959	371
3127933329	372
3291150167	373
594197204	374
1287251868	375
2510690649	376
744717045162401793	377
706389399785705474	378
733377834	379
42482580	380
858218017	381
338144939	382
772520806744293376	383
2398051825	384
54226583	385
731883548991467520	386
326821710	387
4806764593	388
44725888	389
325058185	390
341736693	391
420512413	392
376876772	393
173119648	394
763934855080009729	395
35305844	396
2919907586	397
3377313033	398
18082945	399
3003824619	400
425580734	401
625895485	402
23643656	403
1315366111	404
266851011	405
703747970756427780	406
22420683	407
4279395148	408
478606913	409
772519457914773504	410
2281093466	411
1950405018	412
855362527	413
252172352	414
4886272079	415
770040440355774464	416
283185622	417
762784033629614080	418
267538236	419
3227709091	420
4114836339	421
323071182	422
713518956984811522	423
1239876290	424
708703657840287744	425
463813630	426
2848916633	427
2813255756	428
769046794609233920	429
3289721230	430
745202683225595904	431
3290310954	432
375161034	433
2279234366	434
760320816491827200	435
314240065	436
78831504	437
1543945596	438
1090099826	439
1180859114	440
1128569186	441
2159250657	442
154555528	443
625107544	444
2718344363	445
17152635	446
796697010	447
3051087726	448
3852786437	449
1048888566	450
729511958609715204	451
2396835390	452
21849379	453
738464598735618048	454
1436471929	455
317652514	456
3368116613	457
15944986	458
2756724797	459
761425819721871361	460
4043211749	461
874799484	462
145856381	463
224363991	464
708421220799266820	465
2834669914	466
102466306	467
50608221	468
2188423838	469
129275408	470
4811468848	471
35902699	472
709119509378965504	473
262800088	474
722606195547054081	475
170382026	476
110271982	477
3280169443	478
2644662328	479
1526222846	480
3092606659	481
3481965513	482
135208602	483
40151763	484
2994054777	485
2785682992	486
703681242429046784	487
91226380	488
1214519130	489
3031490570	490
917960180	491
4756079962	492
219410793	493
3357694793	494
243007294	495
226099370	496
35936096	497
44104818	498
3304707405	499
483534343	500
16351343	501
101264587	502
190223523	503
764383112700633088	504
3279521922	505
2835156525	506
881250415	507
3018405124	508
880043546	509
4430663661	510
741629442208866304	511
184569951	512
2502119573	513
741416557675450368	514
2285385102	515
742379922644041728	516
790019328	517
1345827078	518
2275499714	519
260369607	520
348586567	521
3345860475	522
14716226	523
52902271	524
1964213550	525
702086090082144256	526
3272318384	527
248721199	528
1925211558	529
1589686622	530
32318775	531
2481896449	532
1905926660	533
493206648	534
2908079973	535
513654617	536
2974123513	537
2988592659	538
107493239	539
2706281318	540
55832939	541
726533301796765696	542
183352651	543
16134203	544
3236114473	545
2147566472	546
4444524389	547
1574106050	548
758412423133073408	549
89769227	550
710850019222421504	551
35305844	552
894004188	553
2911587582	554
3062759642	555
926622782	556
3131172239	557
2285385102	558
3259246724	559
1358421498	560
731964563231399936	561
233042708	562
21148011	563
750868791752593408	564
711604246404317184	565
740928906	566
747981703671615489	567
468365388	568
2921658483	569
18814067	570
167072281	571
239024659	572
122246021	573
770078776701091844	574
262345539	575
2997560407	576
15215142	577
4656593181	578
17907878	579
842217397	580
4233671	581
715987525484023809	582
3520100131	583
2990645205	584
728958460713304066	585
1549492992	586
52931083	587
274341323	588
570919577	589
849098418	590
707626622900371456	591
469652142	592
228810858	593
4465911554	594
57196393	595
4604535500	596
65699341	597
97938478	598
714985182315450368	599
985571118	600
4872101783	601
754710014032351232	602
2573993621	603
2577483337	604
715970262299254789	605
2262352801	606
92047675	607
122231268	608
1720577838	609
706542798724444160	610
764501872564592641	611
2477209663	612
4498388553	613
747957353107042305	614
882359155	615
1688241835	616
235338203	617
14099719	618
4168866500	619
2705400409	620
27331061	621
2686603998	622
81973893	623
2171200586	624
19346335	625
2748031264	626
859116272	627
264564707	628
540295089	629
764662076644089856	630
49966935	631
728705527773995008	632
3227859019	633
701950741100027904	634
1580511860	635
96223605	636
2899989818	637
738054060306272256	638
1263922741	639
3162003637	640
342699123	641
768440755	642
2561092394	643
4875467190	644
3353062653	645
2388152238	646
702231016023265280	647
2473491871	648
4128428715	649
154612796	650
2369640619	651
4181952793	652
751930155841445888	653
4450219454	654
36048950	655
58280871	656
861763958	657
100363260	658
91784909	659
800594	660
709532601032286209	661
31947076	662
718849440333828097	663
19921268	664
110918004	665
3365767373	666
119199702	667
1061889990	668
723374119	669
758590061277548544	670
22411682	671
4727243393	672
29842873	673
730202136982781952	674
2306896698	675
378136597	676
382309890	677
4764967337	678
763686911034662913	679
241406440	680
2361119752	681
1616612162	682
530867827	683
2204005584	684
18256467	685
2732987812	686
29045191	687
3411514611	688
621366615	689
4885515275	690
791987130	691
1686667423	692
776109127	693
431202562	694
18929394	695
2841714842	696
867301220	697
762354829477965824	698
3227742764	699
741092772233482241	700
3318042073	701
440523909	702
4517852294	703
44198510	704
90567643	705
3848127081	706
2441304533	707
754710014032351232	708
2920073241	709
3374199208	710
2735511486	711
250722557	712
2279234366	713
1649812638	714
19392245	715
722150503371710465	716
22075828	717
1061889990	718
3131786398	719
3304707405	720
58055829	721
396600917	722
308022256	723
3233963871	724
2999377302	725
487110460	726
758729592672653312	727
2492373084	728
765010809202184193	729
19572007	730
105175775	731
2764389694	732
1851877248	733
2278420015	734
426369194	735
326833046	736
770141984954736640	737
326261271	738
561648188	739
4289641311	740
3351751697	741
48071635	742
2324427272	743
265156025	744
22733169	745
19315409	746
93530379	747
1913235571	748
36789992	749
30414166	750
1694885834	751
84141215	752
4278990323	753
2840588775	754
705690189352583168	755
702956290327355393	756
168280744	757
352665664	758
4769955501	759
4033524503	760
105179531	761
116481778	762
769674878601596928	763
1483655071	764
3410838076	765
2218437631	766
517998358	767
590126491	768
3345860475	769
718004031327698944	770
3836008983	771
1450257787	772
1686211700	773
2608786214	774
155394343	775
16501971	776
717080381153894400	777
2705400409	778
464920194	779
816539844	780
246652063	781
614533257	782
3435940588	783
763106716581961729	784
2788278833	785
757633340031823872	786
2213270816	787
770852108	788
2781101531	789
607310539	790
705588317258055680	791
334058061	792
340367718	793
2449017007	794
1899031500	795
3647712853	796
18256467	797
554656641	798
229290607	799
2432364504	800
1342623535	801
2586677318	802
3025609689	803
4857709263	804
1569928166	805
2893106724	806
530022198	807
309141424	808
753774780759826433	809
2785682992	810
1214039503	811
388023214	812
112180878	813
739400427666440193	814
257316398	815
1290331861	816
1646202181	817
464083794	818
4713599028	819
747987754752020480	820
3773204536	821
3523359616	822
3319300318	823
421153342	824
712897952	825
3179337843	826
3981286753	827
1634376882	828
2470251679	829
120025039	830
380593812	831
49087496	832
16317079	833
757268667138727936	834
228810858	835
3225157877	836
747226566330048514	837
17756195	838
2450202811	839
1195458966	840
756057207687438341	841
727106633575354368	842
1489127930	843
151709303	844
2906473932	845
2908079973	846
596829907	847
2990564978	848
2306896698	849
725523314894999553	850
1405784304	851
754710014032351232	852
2232243181	853
735021834572320768	854
444753278	855
19122899	856
3053988090	857
725209946393026562	858
16248055	859
707337288615895040	860
2169978384	861
4864402683	862
729511958609715204	863
2523381109	864
345943406	865
2204413125	866
329880387	867
2975128737	868
591951432	869
4180736069	870
3122691745	871
434640368	872
1616425044	873
38833974	874
4146731715	875
87961248	876
213342667	877
590126491	878
4898400250	879
62834119	880
333844441	881
2277954974	882
461605871	883
28429533	884
711857836268113922	885
612057704	886
790488312	887
756124598408577024	888
415895542	889
3749624055	890
236037775	891
350301832	892
34734159	893
2284131	894
766393799631405056	895
27995424	896
369856877	897
4902369955	898
756532834618183682	899
21393395	900
2243580867	901
262451680	902
2705400409	903
3226636944	904
737687090	905
22328196	906
429703285	907
3279521922	908
182872528	909
759023621696139266	910
2492373084	911
2813255756	912
3413490063	913
228810858	914
1352623212	915
758858618322071552	916
603664906	917
4847093356	918
3711802576	919
305904374	920
380593812	921
3428561847	922
22228637	923
3302434720	924
48866739	925
720896389	926
706199418358382592	927
23092278	928
628638850	929
737315912	930
146644080	931
3840190345	932
356859394	933
274263703	934
620557080	935
4020301643	936
2705400409	937
3587026819	938
103187400	939
352665664	940
740272229498261505	941
4315030821	942
3739242975	943
1173629221	944
2908079973	945
56275127	946
566665847	947
2705400409	948
81590519	949
33097125	950
754088992853913602	951
712851170767732737	952
940827752	953
582068093	954
155394343	955
17880158	956
99469969	957
2400222032	958
3409560454	959
1489189933	960
4886213447	961
32867953	962
1435283252	963
4183143615	964
552241380	965
559834779	966
702231016023265280	967
7003572	968
763729805053493248	969
279841865	970
3318285273	971
33350532	972
747987754752020480	973
2592410190	974
757010505735241728	975
29051099	976
362774363	977
31219035	978
297471326	979
18659129	980
3904868183	981
714927256473350144	982
2745843354	983
3991146975	984
46019545	985
4848582303	986
585892489	987
474128144	988
3325149183	989
3167005084	990
747944972175958016	991
4738332976	992
2159250657	993
73842387	994
2265526220	995
810145062	996
3718430115	997
394288534	998
258434299	999
1592317598	1000
723322986	1001
622547156	1002
538182130	1003
485266596	1004
14855994	1005
47748198	1006
27331061	1007
858218017	1008
1398010159	1009
22794878	1010
2705341464	1011
26295959	1012
845100644	1013
4884913213	1014
706011883	1015
233042708	1016
779069612	1017
32672892	1018
2331065239	1019
414003816	1020
22853879	1021
707591424200445952	1022
245562463	1023
192036002	1024
411626852	1025
2460430386	1026
3236538069	1027
2827241047	1028
389188265	1029
744506094	1030
435127092	1031
66833170	1032
76385077	1033
3364200492	1034
2888140440	1035
828120944	1036
552924646	1037
23282823	1038
4445570548	1039
25462081	1040
855242478	1041
19730650	1042
724000486760824833	1043
754988993838772224	1044
116504222	1045
50666280	1046
920219388	1047
165647695	1048
2580888462	1049
458992712	1050
3279521922	1051
3407832663	1052
341989455	1053
594976909	1054
437701062	1055
611047103	1056
771570022548328450	1057
329880387	1058
497242274	1059
800830567	1060
1099655371	1061
4627478657	1062
23218938	1063
1431738110	1064
333631672	1065
125476764	1066
298630741	1067
768440755	1068
372740946	1069
809293261	1070
38731527	1071
448430264	1072
1354586136	1073
49656454	1074
351353406	1075
403861715	1076
2847845765	1077
237565446	1078
2400222032	1079
42531027	1080
2628868193	1081
757771068107022336	1082
335353868	1083
3327890650	1084
909489690	1085
28277980	1086
87285846	1087
755223683422162944	1088
17412990	1089
517887571	1090
526346146	1091
3269556876	1092
722130608885895168	1093
171611273	1094
2706281318	1095
1667524124	1096
2364885875	1097
633062866	1098
710088641243123712	1099
2400222032	1100
1938025374	1101
1580511860	1102
35001743	1103
515969373	1104
411946448	1105
2845674483	1106
4730471726	1107
265245636	1108
1519643022	1109
4847860834	1110
2159250657	1111
132758091	1112
18093767	1113
1279623896	1114
287259683	1115
316271303	1116
2400642787	1117
2307356976	1118
373573462	1119
62309414	1120
54272423	1121
75059992	1122
2391488834	1123
345943406	1124
2211578611	1125
2888130025	1126
2261753683	1127
2599740468	1128
4006064986	1129
366700856	1130
364451840	1131
132248356	1132
2659335685	1133
138204197	1134
320509089	1135
719174181322113024	1136
118768356	1137
4180736069	1138
625909084	1139
725586430081163264	1140
30402086	1141
625895485	1142
750905187783544832	1143
542318578	1144
1177632823	1145
31262538	1146
96442308	1147
526634380	1148
4030101496	1149
356833261	1150
2318980585	1151
313482172	1152
3318042073	1153
3052668659	1154
3192847179	1155
2705400409	1156
885861900	1157
2736241034	1158
1077085976	1159
134594576	1160
53736521	1161
1542387068	1162
3001802674	1163
713445748239675392	1164
72951832	1165
171399275	1166
305206482	1167
743247335321272321	1168
4049576441	1169
324932251	1170
716005268535001088	1171
700478433889882112	1172
4875977234	1173
2705400409	1174
706714132762918912	1175
1482206677	1176
774638658	1177
35951055	1178
2589021392	1179
772085449250725888	1180
2378933798	1181
189622517	1182
