1	 772559094402150400	 772559248714821633	 772559880687198208	 772559891382702080	 772560011914510341	 772560255918149633	 772560640682647552	 772560659968057348	 772561399381909505	 772561782976106496	 772562181477003264	 772562565809446914	 772563078294695936	 772563308394127360	 772563316057055233	 772563701274546176	 772564480483995648	 772564617922945025	 772564618090782720	 772565248830234624	 772565639735107585	 772565756177416192	 772566780329889792	 772567141933604865	 772567295591845892	 772567933482442752	 772568838017847296	 772569072605229056	 772569072986796032	 772569852376674304	 772569857199968256	 772570232561033216	 772570364497031169	 772570597641580545	 772571523701891076	 772571905417211905	 772572551054696448	 772572925014646784
2	 772559638575386624	 772560631027212289	 772562178582847488	 772562179765698560	 772562190368841728	 772564098080845824	 772564484049080320	 772565380216844288	 772566024227057664	 772566392730038272	 772566770288889856	 772567147436445696	 772567934254346240	 772567946187059200	 772569469721808896	 772569834127327233
3	 2	 772562551615787008	 772562551670353920	 772562560671440896	 772562567763853312	 772562940566212608	 772562955896586242	 772563306104098816	 772564489510064128	 772568293253099520	 772568324727185408	 772568716886282240	 772569841144258560	 772573306776006658	 772573697269960705
4	 772559505406263296	 772561031730126850	 772561042551349249	 772561166614667264	 772561408936538113	 772561931097944064	 772562190331183104	 772564482723753984	 772566007499980801	 772567679060152320	 772569860530253824	 772571133128257537	 772571753449132032	 772571768045375489	 772572928504455168
5	 772560253892173825	 772561169496309760	 772563449184268288	 772565631874895872	 772567293910024192	 772567942466826240	 772568458643079174	 772569470954975232	 772570993566949376	 772572283906977792	 772572936628604928
6	 772558731577921539	 772559497772556288	 772559884596436992	 772560395198304256	 772561406621257728	 772562182361841664	 772562571484237824	 772566514448957440	 772566783496638466	 772569221372977153
7	 772560270682128384	 772560637494820864	 772561034779430913	 772561404897398789	 772565766625370112	 772566784922750976	 772567535615115264	 772571525346131968	 772572159847702528	 772573683671982082
8	 772559247016099840	 772559248521736192	 772560395173232641	 772561929160134656	 772563081612308480	 772565772552069120	 772565772828676096	 772566921304825856	 772568454817718273
9	 772558870682083328	 772561168514715648	 772563444960681985	 772563456486694916	 772563854417166336	 772565385518288896	 772570758207852544	 772571902384758784	 772573057001160704
10	 772558869411213313	 772560637926924288	 772562958501150721	 772564089956605952	 772567555110088704	 772567676581400576	 772570987703468032	 772572162955673600
11	 772560524403888128	 772562051583635456	 772562451917312001	 772564355518898176	 772566278049501184	 772567422398267392	 772569723712208897	 772572024346599424
12	 772558730042847232	 772560014745735168	 772560402030878720	 772562576760639489	 772564231443083264	 772567916889899008	 772570236696551424	 772571391375777792
13	 772562184241119232	 772564874278895616	 772565232552116224	 772567146358505472	 772568841037582336	 772569067613921280	 772571909334507520	 772572680729964544
14	 772559114065088513	 772559887016407040	 772561032623435778	 772562311269773312	 772562571807383552	 772562936518758400	 772563706387501057	 772569607257387010
15	 772569469092671488	 772569469918916608	 772569478781505536	 772569483818835968	 772572932149129216	 772572935026384897	 772573057403621381	 772573063309209600
16	 772566011879063553	 772567932543131654	 772568707663028224	 772569601192239104	 772569849222397954	 772570611591876608	 772573306792706048
17	 772563208192270336	 772563582387126272	 772563587801939968	 772564743949254656	 772565505483874304	 772568584866435072	 772569350062702592
18	 772565614804238336	 772565619975815169	 772566148957306884	 772566788659744768	 772567548382486530	 772571383092113409	 772571529074741248
19	 772560011830628353	 772561785245147137	 772564098223632384	 772566921057144832	 772568300907749376	 772570990983385088	 772572681908740097
20	 772562698525519874	 772562937605087232	 772563706349772800	 772564084516683777	 772566393627643904	 772567541331861504	 772572278357843972
21	 772564991501299712	 772566518555152384	 772567294266347520	 772567676954746880	 772567680381583360	 772568065502478336	 772568457212751872
22	 772558871420243968	 772559246588207108	 772564617570689024	 772564996286877696	 772569601099993088	 772573445062324224
23	 772560635460739072	 772564476042285056	 772564619055423489	 772569216637558784	 772570615697903618	 772572153065578496
24	 772571770805026816	 772571778023579648	 772572155980685312	 772572546231332864	 772573319937789957	 772573698742161408
25	 772563318737362944	 772564869451165698	 772565207696625664	 772566012810170370	 772569063642071040	 772569607383162880
26	 772560023184474113	 772560395739422720	 772562703688826881	 772563083944484864	 772566156280524800	 772570754269474817
27	 772558729854095360	 772561798109200384	 772563845751734274	 772569483487678464	 772571380856549376	 772572164801245184
28	 1	 772562958639509505	 772563706639163392	 772563710707654657	 772563720572702720	 772568455593791488
29	 772562696667398145	 772563720857788416	 772565618427990016	 772566380147159040	 772572535225397248	 772572938188972032
30	 772567049436598272	 772567051135291392	 772567051491807233	 772567051818962944	 772567051923775488
31	 772564995397734401	 772568696472506368	 772569849302282240	 772571752467660800	 772572920392536065
32	 772560787265028096	 772561928568713216	 772567673834057729	 772571136626307072	 772571521176993792
33	 772561168263159809	 772562173251899393	 772564088048218112	 772564474574155776	 772568834029019136
34	 772570234460921856	 772570249187192833	 772570752008658944	 772570980006842368	 772573446265974785
35	 772558729245892608	 772560787973943296	 772561556727095297	 772562577951891456	 772564235792576512
36	 772559511517356032	 772562952612438016	 772564472711880704	 772566785035935744	 772571900652511238
37	 772559504785412096	 772559891408052224	 772561796943273984	 772569838065778689	 772570616134242304
38	 772562943607046144	 772564863176638465	 772568297262854144	 772569473815486464	 772571130242695168
39	 772562311718506496	 772563846871396353	 772563853788020736	 772568073060483072	 772572669011124225
40	 772560642301657088	 772566008619950080	 772568309128650752	 772569605923627008
41	 772565232120061952	 772565379600224256	 772572166290235392	 772573689749446657
42	 772562561762025472	 772564871003070464	 772565622529986560	 772568692672503808
43	 772559248282624000	 772559633802153984	 772566147468328960	 772567674849226752
44	 772561553551876096	 772568709617582080	 772570234288939008	 772570751916322816
45	 772561930993172480	 772564615922417664	 772567294501384192	 772569219158380545
46	 772560636135944192	 772562937399484416	 772566010058551296	 772569988838387712
47	 772560399648423937	 772560784773832704	 772565386726404096	 772566524951351296
48	 772561932419235841	 772563450954330112	 772564235503165444	 772572286377263104
49	 772572022819913728	 772572411967438850	 772572792374095873	 772572807238647808
50	 772563977087881223	 772568585029951493	 772568958524395520	 772572025856651264
51	 772559104262799360	 772561413940346880	 772563341185167360	 772572921185374212
52	 772558868496785408	 772566523936382976	 772571521701347329	 772572672115019777
53	 772561788793655300	 772567930844352512	 772568313633337344	 772571910416633856
54	 772559109166018561	 772563850818379776	 772566385998303232	 772570593937940480
55	 772563449696161792	 772564232575422464	 772565001949229056	 772573055432351745
56	 772563845223178240	 772563853053927424	 772564618191441920
57	 772563846619799552	 772564623459512320	 772565000737005568
58	 772559097627414529	 772563711542300673	 772569064967327744
59	 772558872494022656	 772560402110517248	 772566148525223937
60	 772569472032833536	 772569477586104320	 772573065947459585
61	 772571380881563648	 772571395771490304	 772572278580244480
62	 772562704099713024	 772565626359472128	 772568831319379968
63	 772566147363254273	 772569222123778049	 772570761416445952
64	 772562940956323840	 772563450224521216	 772567552417492992
65	 772559251713568768	 772561411323072512	 772566921208139776
66	 772567147402829824	 772569468807573504	 772572547212861440
67	 772566769588404226	 772567151232311296	 772568320939692032
68	 772564104192069637	 772570246297288705	 772571901742854144
69	 772565214529060866	 772567535484936192	 772567554170630145
70	 772565241628618753	 772566388502245377	 772569067815182336
71	 772564353715281920	 772564746822225920	 772569344358375424
72	 772561792824250368	 772569844189245441	 772571397604331520
73	 772569599892074496	 772570245034758144	 772571011732611073
74	 772560237563785216	 772569077114019840	 772570616029413376
75	 772563082044436480	 772566150047817728	 772569992030064641
76	 772571764886937600	 772572149232140289	 772572548160565249
77	 772570229541044225	 772570997501419520	 772573318478123008
78	 772559636255956994	 772560231574278145	 772562941442924544
79	 772561028156493824	 772562947465809920	 772572532335575042
80	 772564094511558656	 772568305089454080	 772568702034128896
81	 772561410714927104	 772561550032920577	 772567151127429120
82	 772566776651583489	 772566780879499277	 772568708694900741
83	 772559097485033472	 772560241175109632	 772561170347597824
84	 772563715220660224	 772565644780777472	 772570357475586048
85	 772568071768772608	 772571143492341760	 772571523479666692
86	 772563450790866945	 772569061846814720
87	 772565386034155520	 772569063293943808
88	 772561033118429185	 772563332612104197
89	 772559635546976256	 772562697422532612
90	 772566514364932096	 772567294857936896
91	 772560641559113728	 772569061376995328
92	 772558732073009157	 772564872294961156
93	 772568831847989248	 772569998736916480
94	 772562697674035201	 772566770217422848
95	 772558986382049280	 772573181894881280
96	 772559860382650368	 772561026998898689
97	 772559112072728577	 772562959713263616
98	 772564736043020288	 772571253643350016
99	 772571762341076996	 772571775595114496
100	 772559511370563584	 772571387974127618
101	 772567924179480576	 772572672081301504
102	 772564866888376320	 772564870025752576
103	 772568713736380416	 772568834226135040
104	 772560786958979072	 772561940312752128
105	 772567425917198336	 772570111693598720
106	 772564863012986888	 772568458038882304
107	 772571378184753152	 772573055864360960
108	 772565001676656640	 772566913813708800
109	 772561785236787203	 772562310950973440
110	 772561557385572354	 772568830786744320
111	 772561557620350976	 772561931320176640
112	 772558872066260997	 772568067993927680
113	 772561552574652417	 772561786537213952
114	 772568305513140224	 772573445242531840
115	 772573172914728960	 772573572082565121
116	 772558605266673664	 772560528715583489
117	 772562180088692737	 772570364740263936
118	 772562172052471808	 772564859011473408
119	 772571005743017986	 772572928932057088
120	 772558721574666240	 772559501077549056
121	 772568072464982016	 772568304233902080
122	 772559862735728644	 772572153916948480
123	 772563446130941952	 772567151756533760
124	 772560898544144384	 772566647341215744
125	 772560012648427521	 772566519461142530
126	 772567165165711361	 772570612128686080
127	 772564236014907396	 772573301495492608
128	 772561038025773056	 772563449830264832
129	 772562956617940992	 772565212507545600
130	 772558608420728832	 772560150020448256
131	 772564618325532673	 772571523999817728
132	 772571395695992832	 772572537515630596
133	 772560785688014848	 772568063258484736
134	 772558722534998016	 772559251147362308
135	 772561166782443520	 772561806942318592
136	 772559870801293312	 772564470958874625
137	 772561299389554688	 772563976332771328
138	 772559102455128064	 772562700878524416
139	 772570615148576768	 772571779466493952
140	 772569218499743745	 772571129466589184
141	 3	 5
142	 772572146153484288	 772573320617177091
143	 772571753558208512	 772571757882507265
144	 772565504452165632	 772570484995133440
145	 772566004559933440	 772568064462172160
146	 772561554797633537	 772567295314960384
147	 772566405988380672	 772568839099850752
148	 772563205923151872	 772563588997406720
149	 772565250650566656	 772566016828149760
150	 772560013638316032	 772567160006639616
151	 772563707255660545	 772565379449323520
152	 772566400007372800	 772573307317215232
153	 772560904206618625	 772573178765774848
154	 772562171951771648	 772569472532111360
155	 772560145100500992	 772563972188962820
156	 772558867297243136	 772567937311838208
157	 4	 772565757838233600
158	 772568454629056512	 772569601389375488
159	 772559095018553344	 772569084869373952
160	 772571637346607104
161	 772573450909003777
162	 772565003870277638
163	 772570758996332544
164	 772559856729554944
165	 772572800548757504
166	 772564346870259712
167	 772564997457055746
168	 772570114323603460
169	 772558983672365057
170	 772565376441942016
171	 772558990777647104
172	 772558983357923328
173	 772573449063636992
174	 772559755504193537
175	 772570874771890176
176	 772560650157502464
177	 772565621624012800
178	 772567420934512640
179	 772569343339077633
180	 772568198415810560
181	 772570495921324032
182	 772563856103137281
183	 772559634448150529
184	 772560904831447040
185	 772569727663083520
186	 772571902007181313
187	 772559637056983040
188	 772572142617505796
189	 772561677564903425
190	 772568200584302592
191	 772571529552986112
192	 772563697713680384
193	 772565761663508480
194	 772559247653629952
195	 772569603054694400
196	 772568958763282433
197	 772561668865785856
198	 772565889581453313
199	 772560530405986305
200	 772562450503696384
201	 772564234383138816
202	 772565772577214464
203	 772570239171190784
204	 772568964140380161
205	 772558709696233472
206	 772568964287299584
207	 772571257787121664
208	 772561675157319680
209	 772559251118104576
210	 772573296978169857
211	 772559362032144384
212	 772568967454060544
213	 772573444407955456
214	 772562549585870848
215	 772571241647640576
216	 772567051831545856
217	 772559249629024256
218	 772571634343501824
219	 772562808269602818
220	 772560786644357120
221	 772568064151859200
222	 772560147860250624
223	 772558717216706561
224	 772569730041413636
225	 772568070623592448
226	 772568458198454272
227	 772562443331571712
228	 772568452573777922
229	 772566778098556929
230	 772568583570395137
231	 772563206262882304
232	 772562817731862528
233	 772560898389147648
234	 772564236174176256
235	 772569467956191232
236	 772571388439826433
237	 772559345502543872
238	 772560259726446592
239	 772570628545245184
240	 772561043033907200
241	 772561401009156096
242	 772569342546419712
243	 772562559413133312
244	 772573311469494272
245	 772569728707506176
246	 772566912903643136
247	 772560521816117248
248	 772568573273313280
249	 772562050862022656
250	 772569220802543617
251	 772571001863413760
252	 772572556750561280
253	 772564746654494720
254	 772559252443566080
255	 772567156764520448
256	 772570115305041920
257	 772561673894912000
258	 772562059582173184
259	 772568706023100416
260	 772572919851470850
261	 772561935095230465
262	 772571145103142912
263	 772566265181331461
264	 772560014837944320
265	 772559750772953088
266	 772565494293491712
267	 772567680272302080
268	 772560628485648385
269	 772569223071662081
270	 772563303231004672
271	 772571761925816320
272	 772572401355874304
273	 772573176962383872
274	 772560900716892160
275	 772559115944165376
276	 772572415780085760
277	 772566155860979713
278	 772567047033290752
279	 772563579002388482
280	 772564230583226368
281	 772563303872823296
282	 772560256190722048
283	 772563079771095041
284	 772566153042468864
285	 772559348790915072
286	 772562179048341504
287	 772572019523223553
288	 772560903271280641
289	 772565125983309824
290	 772565895952695296
291	 772561165520109569
292	 772573832724951041
293	 772563978069434368
294	 772571639104081920
295	 772559510493736960
296	 772561030874435585
297	 772571523538313216
298	 772567555575730176
299	 772565127451254792
300	 772563973610807296
301	 772568069889597440
302	 772570234163048448
303	 772568457191821312
304	 772568321212297216
305	 772559893039644673
306	 772563705905242113
307	 772558866408177664
308	 772562700870225925
309	 772564233678618624
310	 772568071928156160
311	 772570756794417152
312	 772567416924766208
313	 772558868811423744
314	 772565242022924288
315	 772567427473412098
316	 772560137936523264
317	 772564738584698880
318	 772561294058807300
319	 772573301130485760
320	 772571523483918336
321	 772573691783868417
322	 772572801077170176
323	 772573058334859268
324	 772562699393769472
325	 772560526094270465
326	 772572164264300544
327	 772567294480265216
328	 772568453840461824
329	 772561552952008704
330	 772571523823480832
331	 772565627525558272
332	 772563967231270913
333	 772561290808131584
334	 772564990314344449
335	 772561558178332672
336	 772560402425253888
337	 772572017660878848
338	 772568713203707904
339	 772565771209744384
340	 772567803203289088
341	 772572281142808576
342	 772569998875303936
343	 772560789076967424
344	 772561799010975744
345	 772568716961865728
346	 772560244618694656
347	 772571396237131776
348	 772562822840590336
349	 772572667287396353
350	 772562055341674496
351	 772559351798046720
352	 772569725347897344
353	 772573053997854720
354	 772572402299666432
355	 772568576423329793
356	 772572800729186304
357	 772569346220630016
358	 772573834943889413
359	 772565003501174784
360	 772569058436902912
361	 772560652607037440
362	 772570366120112128
363	 772571648742531072
364	 772561423209725952
365	 772562450940067840
366	 772558869100916736
367	 772570592671309825
368	 772569601293058048
369	 772571142783545344
370	 772571907216453633
371	 772564744515514368
372	 772567937936797696
373	 772561676927397888
374	 772559499076841472
375	 772561019889709056
376	 772558598740254728
377	 772560398587265024
378	 772570359388180484
379	 772568952073515008
380	 772560640112230400
381	 772571242352283648
382	 772562063394611200
383	 772562704636805121
384	 772567289690361856
385	 772564621156691968
386	 772566393191538688
387	 772562449463668737
388	 772564090786951169
389	 772568202786332673
390	 772560897583812608
391	 772565757561544704
392	 772565887337443328
393	 772567922317209600
394	 772569216448737280
395	 772558716025528322
396	 772572025869172736
397	 772559633856679936
398	 772559369036767232
399	 772566915118145537
400	 772566651061493760
401	 772561289587462144
402	 772563583767117824
403	 772563971606020097
404	 772570884657643520
405	 772563581703512066
406	 772567157871898624
407	 772572801366581248
408	 772559248639291396
409	 772562313241059337
410	 772563967197663232
411	 772566913125756928
412	 772572021431545858
413	 772559501614604288
414	 772572164771819521
415	 772561415496278016
416	 772571775070826496
417	 772561289965105152
418	 772560022437974016
419	 772571254838681604
420	 772560786921259008
421	 772570759298478084
422	 772571643407400960
423	 772565897391247366
424	 772560151349907456
425	 772560786556329985
426	 772560787856424960
427	 772572406858838017
428	 772566788554928129
429	 772566526000070656
430	 772570361657430016
431	 772558599415410689
432	 772569830713094144
433	 772565899777892352
434	 772559766409191424
435	 772567157116841984
436	 772573578676080640
437	 772572533279166464
438	 772561411402821632
439	 772572672081354752
440	 772571648272785408
441	 772572023113547777
442	 772573296122626048
443	 772564615897251841
444	 772570490942558208
445	 772573449206194176
446	 772561792866390016
447	 772568836222488576
448	 772570358255751169
449	 772566516042575872
450	 772571245103702016
451	 772559760461795328
452	 772568956771020800
453	 772561679116828672
454	 772569607743926272
455	 772560655064805376
456	 772569224321441792
457	 772562316453814272
458	 772571779445493760
459	 772564352276705280
460	 772566517380558848
461	 772559366453157888
462	 772572665416560640
463	 772571138580819968
464	 772566273167200256
465	 772561295740641281
466	 772565616960036864
467	 772564858969595904
468	 772568833181769728
469	 772559248207204353
470	 772561936286420992
471	 772571654031609856
472	 772562823108931585
473	 772565771457208320
474	 772573833093980160
475	 772563208276062208
476	 772569608276545536
477	 772560522831138816
478	 772564468308017153
479	 772565501683916801
480	 772561406742913024
481	 772563450744668163
482	 772561553224794112
483	 772562309168373761
484	 772565894635491329
485	 772564098991161344
486	 772560789068668928
487	 772573687707033601
488	 772565512131751936
489	 772560137726730240
490	 772562063554142210
491	 772566645051039744
492	 772570114365485056
493	 772571910777499649
494	 772559752425603072
495	 772572415813648384
496	 772568575563431938
497	 772563589022490624
498	 772559369728880640
499	 772571252082941952
500	 772573832624365569
501	 772562814607187968
502	 772564618099105792
503	 772564746608467969
504	 772568964345892865
505	 772568967370113024
506	 772573574355746816
507	 772573179860705280
508	 772561553786798080
509	 772569061158899712
510	 772567289757634562
511	 772559502763626497
512	 772559108427751424
513	 772566660125433856
514	 772568578201677824
515	 772560150569771008
516	 772566257518403584
517	 772569996211855360
518	 772565002448465920
519	 772566265466527744
520	 772573054211940352
521	 772560148799885314
522	 772570358893469696
523	 772563085882167297
524	 772560394732834816
525	 772559766660919296
526	 772573175322406912
527	 772573297523339264
528	 772573176027090944
529	 772573065645613056
530	 772563849530580992
531	 772572277963563008
532	 772572929259343873
533	 772571648352366593
534	 772568294817574912
535	 772573574146166784
536	 772569223872835584
537	 772565113324834816
538	 772571647891103744
539	 772567150942879744
540	 772561554973790208
541	 772559362745335810
542	 772558605451141120
543	 772570490921689088
544	 772562308073529344
545	 772573693436321793
546	 772567429163671557
547	 772571000688914432
548	 772566271506452480
549	 772564353719603204
550	 772559355183001601
551	 772567918059991041
552	 772570886104842240
553	 772563446864842752
554	 772561168594591744
555	 772562803202797570
556	 772564994021961728
557	 772562443440717825
558	 772569717148004352
559	 772563856069570560
560	 772570124570206208
561	 772562802913398784
562	 772572281881124864
563	 772563206426558464
564	 772567557459050496
565	 772559635513356288
566	 772570602003570688
567	 772571525715206144
568	 772567923143553024
569	 772562055173902337
570	 772563206929784832
571	 772561928505786368
572	 772572402320539648
573	 772568189326782464
574	 772569716141330432
575	 772573832968228864
576	 772561411587186688
577	 772570756718981124
578	 772564740522569728
579	 772565638787244033
580	 772569074517901314
581	 772564860617928704
582	 772561683982249984
583	 772573302233657344
584	 772563206921486336
585	 772566270914891776
586	 772563079586418689
587	 772567295528882176
588	 772569989010235392
589	 772569717353611264
590	 772569081925042176
591	 772569990734241792
592	 772568713971240960
593	 772558606218559489
594	 772569600277880833
595	 772572161852727296
596	 772563078760148993
597	 772563079389249537
598	 772566914577076224
599	 772569478173433864
600	 772563969097670658
601	 772567288641888258
602	 772565249262129152
603	 772566150622228480
604	 772560910569336833
605	 772561166715330560
606	 772561290464288769
607	 772564746251952128
608	 772570362211143680
609	 772558868807319552
610	 772560023398395904
611	 772570124142284801
612	 772558609293123584
613	 772562188653375489
614	 772563082195460097
615	 772573687312707585
616	 772570243671724036
617	 772573701216796672
618	 772567944635092992
619	 772564994495950848
620	 772560402882236416
621	 772570757473837056
622	 772568964513792000
623	 772564861909741568
624	 772563082027540480
625	 772568201687248898
626	 772560399757697024
627	 772570359421739008
628	 772561937137893377
629	 772565244652597248
630	 772571525958426625
631	 772570992992358400
632	 772565127950249984
633	 772558990223880192
634	 772562704552890368
635	 772565380548194304
636	 772559766472105984
637	 772559761879556096
638	 772566648041541632
639	 772573182515568641
640	 772564485655715842
641	 772567048815771649
642	 772569339438522372
643	 772563078340681728
644	 772573449440989184
645	 772560146652401664
646	 772565893247176704
647	 772558732882505728
648	 772563578721333249
649	 772566917416615939
650	 772570237032095745
651	 772562702766051328
652	 772560395307364352
653	 772569995003822080
654	 772568456201764864
655	 772569216880902144
656	 772558988089167872
657	 772561791138295809
658	 772571143114928128
659	 772560523581857792
660	 772570754349096961
661	 772560784908021760
662	 772572677844430849
663	 772571259767025665
664	 772560256618663936
665	 772562562776862720
666	 772566399545933824
667	 772565770261979136
668	 772569352294035456
669	 772566149666004993
670	 772560149328367616
671	 772559851738112000
672	 772570120996741120
673	 772566391710945285
674	 772568962903207936
675	 772568967634354177
676	 772564748080742400
677	 772564619147694080
678	 772570361825157122
679	 772567558947995648
680	 772572544868061184
681	 772572532364959745
682	 772560910665719808
683	 772562317632376837
684	 772566391106908164
685	 772562309738737664
686	 772563718534230016
687	 772572928361783296
688	 772560150599180289
689	 772571901319413760
690	 772571391866638337
691	 772567688166019072
692	 772560148174962689
693	 772563198834831360
694	 772570120543539200
695	 772561415324442624
696	 772571139847626752
697	 772569346627493888
698	 772560022446432256
699	 772567557605818368
700	 772569837046345730
701	 772567419990732800
702	 772561676138901505
703	 772568709663567872
704	 772569997877059585
705	 772560244362936324
706	 772571526331850757
707	 772573699262193664
708	 772564476964974594
709	 772564740845498368
710	 772558982611398661
711	 772570360361267201
712	 772572409220268033
713	 772567043782475776
714	 772572790717317120
715	 772570118018727936
716	 772564620255125506
717	 772567152142483457
718	 772568958671196161
719	 772560526014550020
720	 772572409970958336
721	 772572284754227200
722	 772570493652242432
723	 772567804683976704
724	 772570491030675456
725	 772565503017558016
726	 772568841452945408
727	 772564471449391105
728	 772564851864375296
729	 772572284502499329
730	 772570980069756928
731	 772572793997262852
732	 772562818113626112
733	 772567686958215168
734	 772568577916411906
735	 772564991496957952
736	 772571640341356545
737	 772563577278521345
738	 772573314317373440
739	 772570609892982784
740	 772559510070259714
741	 772566773354954756
742	 772566516093050880
743	 772563587730583552
744	 772562452185812993
745	 772564096310841344
746	 772568304015802368
747	 772567674421411840
748	 772569601632641024
749	 772571899368845312
750	 772569339740512256
751	 772569604195512322
752	 772566647831867392
753	 772572673587220482
754	 772572680776069120
755	 772568187242176512
756	 772568454595538944
757	 772568457594413056
758	 772573690462474240
759	 772569843803430912
760	 772572032915636225
761	 772565109810036736
762	 772565633078734848
763	 772567435585196032
764	 772563445078077440
765	 772565383756800000
766	 772566017742630912
767	 772571010289795072
768	 772569716908957696
769	 772560020588331008
770	 772561040215248897
771	 772561170746183680
772	 772567539570216960
773	 772561677132898304
774	 772571897481433088
775	 772564090854211585
776	 772562447614021632
777	 772571132176142336
778	 772563086368583680
779	 772572033192525825
780	 772573573684850688
781	 772570109722304512
782	 772570874729955328
783	 772572917938786304
784	 772562444069773312
785	 772564480962232326
786	 772558718206697472
787	 772570493077643264
788	 772569218315382785
789	 772563332427571200
790	 772567810572750848
791	 772572682210545664
792	 772573172633833472
793	 772563082749022209
794	 772562062056632320
795	 772560021636861952
796	 772568458097627136
797	 772571137087766528
798	 772564229622681600
799	 772560022240985088
800	 772570123886624776
801	 772572666637103104
802	 772558979738193921
803	 772565508436725760
804	 772564236602138624
805	 772565883969568768
806	 772563849362808832
807	 772562315749183489
808	 772559855639027712
809	 772564620192002048
810	 772566518101966848
811	 772562826607099904
812	 772564349969981440
813	 772569479578550272
814	 772567291783282688
815	 772566274090106880
816	 772561297678401537
817	 772573570249658368
818	 772569719119327232
819	 772570753904496640
820	 772573171350405120
821	 772568699639324672
822	 772558868656300032
823	 772560532045869056
824	 772566154275684352
825	 772573181768892421
826	 772566655264251904
827	 772569347654942720
828	 772561019277303809
829	 772568305823584256
830	 772563446210531332
831	 772570246729363456
832	 772572024610906112
833	 772570994837889024
834	 772568834179989504
835	 772562452177231872
836	 772560396670599172
837	 772565386160111616
838	 772560788636565504
839	 772571910546661376
840	 772565388055937029
841	 772563585247617025
842	 772569721174564865
843	 772567794231615488
844	 772573685169270787
845	 772569221897170944
846	 772566645676118016
847	 772561675526348800
848	 772563197840601089
849	 772573171904045056
850	 772570241301778432
851	 772565382628511744
852	 772570633146241024
853	 772559752895295489
854	 772570485045559297
855	 772562317682749440
856	 772570601491922944
857	 772561291890266112
858	 772565233181204480
859	 772565895424114689
860	 772570493358518272
861	 772561292137598976
862	 772566918087766016
863	 772567798727966720
864	 772560397085896704
865	 772568583255781377
866	 772568188026486785
867	 772560243532369921
868	 772563201468891136
869	 772560403305930752
870	 772573450279976960
871	 772558604406759424
872	 772570494621065216
873	 772558722606522368
874	 772562828066689024
875	 772572019707764736
876	 772567809410867200
877	 772571136366407680
878	 772567045468590080
879	 772559883090755584
880	 772569988934856705
881	 772569841467260928
882	 772559762810634241
883	 772562443717476352
884	 772562803395850240
885	 772558867955867649
886	 772570755578097664
887	 772567673154580480
888	 772571526423904256
889	 772558722161782784
890	 772561165540962304
891	 772565625021476864
892	 772559502575009792
893	 772568186952622080
894	 772566149842231296
895	 772567294236958722
896	 772566149880025089
897	 772572540145315844
898	 772570758971330560
899	 772566267404357633
900	 772568455509712896
901	 772565380791361536
902	 772566653511077889
903	 772559108612382724
904	 772563207399444480
905	 772566261297545216
906	 772561283937742848
907	 772572283525226496
908	 772564345200996353
909	 772562821162815488
910	 772560016368730112
911	 772559252099444736
912	 772570364022894592
913	 772561165566222336
914	 772568572816138240
915	 772559091113746434
916	 772572277783289861
917	 772572791182913536
918	 772568191503446016
919	 772562182538137600
920	 772560249496735744
921	 772567942592684032
922	 772562445164503041
923	 772573691360251904
924	 772564234731487234
925	 772566398954565632
926	 772566022255542272
927	 772570760875507712
928	 772558978341568512
929	 772563698963578883
930	 772573570534957056
931	 772565769359994880
932	 772570496739205120
933	 772565772723974144
934	 772570622052499456
935	 772560522201804800
936	 772561932020690944
937	 772563455807107072
938	 772573446697914368
939	 772564734851809281
940	 772573058720669696
941	 772572286721282048
942	 772559766618988545
943	 772565122145398784
944	 772573578747322369
945	 772566278217273344
946	 772563448257327106
947	 772566270134870016
948	 772563330804224000
949	 772562446271799297
950	 772560643987763200
951	 772573448552013824
952	 772564863130316800
953	 772563854148509696
954	 772569338763177985
955	 772569994681090048
956	 772571255031693315
957	 772562181753860096
958	 772559347503202304
959	 772568185686089728
960	 772568196897468416
961	 772559502705131520
962	 772566154061557760
963	 772561672959586304
964	 772558711449673729
965	 772573446135918592
966	 772560525066637312
967	 772569989240893440
968	 772563979768127493
969	 772567416173760513
970	 772564341384241152
971	 772566655318761472
972	 772572675093004288
973	 772568964786446336
974	 772558868450717696
975	 772573061069627392
976	 772565223857201155
977	 772569992265072642
978	 772561669516132352
979	 772564352201129984
980	 772565639273779200
981	 772565384788602881
982	 772564104036876288
983	 772562050019196928
984	 772559092581826561
985	 772566656149229569
986	 772564232831324161
987	 772569854398205952
988	 772565377947533312
989	 772571252888338432
990	 772572791031947265
991	 772562704162758656
992	 772572917569875968
993	 772573699333578752
994	 772571907623313408
995	 772565510013804550
996	 772569855048441856
997	 772561408173150209
998	 772565891322183680
999	 772563845336358913
1000	 772562313576677376
1001	 772560141967364096
1002	 772568577169842176
1003	 772566393745211392
1004	 772567432695197696
1005	 772560250645860352
1006	 772560786548002816
1007	 772568697122586624
1008	 772573182167506944
1009	 772573449524944896
1010	 772559631440809984
1011	 772563724238524416
1012	 772567290806169600
1013	 772559346597232640
1014	 772565762221436929
1015	 772567045191925760
1016	 772571387215110144
1017	 772564354537558016
1018	 772560150527959041
1019	 772563966962888706
1020	 772569988796452865
1021	 772559637572747264
1022	 772563324810563584
1023	 772570878039191552
1024	 772566016668803072
1025	 772570496999256064
1026	 772568064336416769
1027	 772560785214169088
1028	 772560519014133761
1029	 772559630442569728
1030	 772569348078641152
1031	 772563577232166913
1032	 772566523546333184
1033	 772561559205752832
1034	 772570494419828740
1035	 772566915608829952
1036	 772564102531002369
1037	 772568064424501248
1038	 772568838013542400
1039	 772573064483573761
1040	 772568959715389441
1041	 772573446819704832
1042	 772566526176079872
1043	 772570888139071489
1044	 772567792281346048
1045	 772570365612679168
1046	 772571247251075072
1047	 772566411801665536
1048	 772562698471084034
1049	 772570883655217153
1050	 772573698888912896
1051	 772567436629508096
1052	 772568065380941824
1053	 772569725490622464
1054	 772561797350092800
1055	 772565212700430336
1056	 772572540476719104
1057	 772567044592205824
1058	 772560022719127556
1059	 772563587571281921
1060	 772572667048136704
1061	 772562305422798848
1062	 772570358608175104
1063	 772563974785073152
1064	 772571770335428608
1065	 772566767247908864
1066	 772572281398669313
1067	 772558984351981568
1068	 772560911055724544
1069	 772559638864785409
1070	 772564492727181312
1071	 772570484592508928
1072	 772571657344954368
1073	 772561684015775744
1074	 772573058003374081
1075	 772560908983930880
1076	 772569338310254592
1077	 772561166031659008
1078	 772561551383343104
1079	 772572411904593920
1080	 772561164748271618
1081	 772563978283315200
1082	 772571897766764544
1083	 772559104975904768
1084	 772563582835912704
1085	 772566519729491968
1086	 772565998771720192
1087	 772572809646239744
1088	 772567689000869888
1089	 772565511079067648
1090	 772563333979447296
1091	 772573311943389185
1092	 772571143458942977
1093	 772562952951992320
1094	 772568830899912704
1095	 772566404302340096
1096	 772566012092936192
1097	 772570879964377088
1098	 772568575303385088
1099	 772571132666998784
1100	 772569717835980800
1101	 772566783534436352
1102	 772570241108848641
1103	 772569600726798336
1104	 772565003950055424
1105	 772564864959148032
1106	 772563203494645760
1107	 772565120174088193
1108	 772566021920006144
1109	 772570881155592192
1110	 772559250996338689
1111	 772573450330316800
1112	 772563343135703040
1113	 772572554531786752
1114	 772566914488934400
1115	 772573065238736896
1116	 772566641737629702
1117	 772562450415771648
1118	 772572399288119296
1119	 772562559685660672
1120	 772571247494299649
1121	 772568203599970304
1122	 772564091827290112
1123	 772566915025932288
1124	 772567793392881664
1125	 772564234227949568
1126	 772565892718858240
1127	 772566920927117312
1128	 772562316869136384
1129	 772566514348285952
1130	 772567687088054272
1131	 772559360065212416
1132	 772569220638920705
1133	 772561291743375360
1134	 772561164563783680
1135	 772573834176294912
1136	 772569224048943105
1137	 772562820714024960
1138	 772572543693848576
1139	 772562554338115584
1140	 772570884993261568
1141	 772561558211661824
1142	 772560912599412736
1143	 772561936709980161
1144	 772559512121114624
1145	 772559637191196672
1146	 772565115874971648
1147	 772568831004778496
1148	 772567290286137345
1149	 772567551788347392
1150	 772565513771810820
1151	 772562050816024580
1152	 772561933018931201
1153	 772566659320180736
1154	 772559498087194625
1155	 772568584178442240
1156	 772564100991766528
1157	 772563082392461313
1158	 772565768076570624
1159	 772560908270833664
1160	 772560906047938560
1161	 772564622293336064
1162	 772561036952031232
1163	 772566257740677120
1164	 772561803884765184
1165	 772561932582805504
1166	 772567154705129473
1167	 772567048845008897
1168	 772566918544838657
1169	 772567436314996736
1170	 772566014882095104
1171	 772562700379435008
1172	 772558867326574592
1173	 772572280660627456
1174	 772564233749868548
1175	 772564470740627456
1176	 772572281621086209
1177	 772561806967574529
1178	 772565506696019968
1179	 772571380642516992
1180	 772561672334675968
1181	 772568062541213697
1182	 772570885085663232
