1226 0084 
1114 0397 
1075 0190 
948 0025 
766 0387 
713 0481 
698 0060 
688 0067 
547 0479 
475 0190 0397 
405 0036 
388 0317 
379 0105 
349 0188 
292 0234 
290 0088 
241 0610 
236 0000 
234 0376 
216 0764 
208 0488 
208 0418 
206 0028 
200 0181 
197 0018 
190 0082 
187 0096 
180 0590 
177 0621 
174 0084 0387 
168 0191 
163 0025 0397 
162 0104 
155 0591 
155 0627 
154 0390 
146 0395 
145 0784 
145 0625 
141 0397 0481 
140 0416 
139 0389 
138 0250 
134 0767 
132 0122 
130 0294 
130 0034 
128 0193 
128 0211 
125 0325 
124 0387 0764 
122 0025 0067 
121 0893 
116 0500 
116 0038 
115 0025 0084 
115 1183 
114 0573 
114 0686 
112 0969 
111 0067 0397 
111 0082 0084 
109 0177 
109 1076 
109 0457 
108 0524 
107 0676 
107 0084 0784 
106 0204 
105 0889 
104 0105 0397 
104 0025 0190 
104 0036 0084 
104 0338 
103 0382 
102 0060 0084 
98 0105 0190 
95 0174 
94 0308 
94 0240 
94 0378 
94 0183 
93 0092 
93 1810 
92 0690 
91 0490 
91 0190 0376 
90 0060 0190 
89 0497 
88 0067 0190 
88 0025 0610 
87 0060 0397 
87 0397 0479 
85 0443 
84 0628 
84 0545 
82 0025 0481 
80 0025 0234 
80 0568 
79 0424 
79 0084 0190 
77 0909 
76 0339 
76 0003 
76 0497 0893 
75 0747 
75 0060 0067 
75 0726 
74 0025 0387 
74 0429 
74 0028 0397 
73 0084 0317 
72 0467 
72 0245 
72 0590 0591 
72 0474 
72 1764 
71 0397 0418 
70 0039 
69 0587 
69 0285 
69 0035 
69 0754 
69 0127 
69 0661 
68 0729 
68 0060 0481 
68 0191 0767 
67 2074 
66 0317 0397 
66 0028 0067 
65 0084 0308 
63 0353 
63 0025 0060 
63 0677 
62 0028 0190 
62 0021 
62 0374 
61 0136 
61 0026 
60 0062 
60 2026 
59 0929 
59 0034 0387 
59 0701 
59 0060 0317 
58 0397 0610 
58 0134 
58 0317 0545 
58 0025 0105 
58 0571 
57 0430 
57 0439 
57 0067 0190 0397 
56 0018 0479 
56 0084 0481 
56 0060 0387 
56 1983 
56 0340 
55 1012 
55 0093 
55 0489 
54 0181 0481 
54 0067 0481 
54 1044 
54 0105 0190 0397 
54 0028 0190 0397 
53 0626 
53 0453 
53 0387 0488 
52 0084 0188 
52 0025 0488 
52 0728 
51 0501 
51 0025 0479 
51 0317 0387 
51 0405 
51 0527 
51 0027 
51 0067 0627 
50 0190 0481 
50 0164 
50 0096 0397 
50 0025 0317 
50 0025 0181 
49 0234 0397 
49 0025 0190 0397 
49 0620 
49 0697 
49 0205 
49 0190 0479 
49 0479 0481 
49 0554 
49 0060 0479 
